run_id,backend,topic,event_id,match_id,t_sim_seconds,t_cons_recv_ns,t_output_ns
concurrency_n10_20260613_002350_kafka_feed8_rep1,kafka,sb-events-n10-feed8-rep1,7eb000ee-2ef0-462a-bd57-e4320f459c68,3895067,0,14922359100,14922359700
concurrency_n10_20260613_002350_kafka_feed8_rep1,kafka,sb-events-n10-feed8-rep1,6c9ebdf9-117f-4a31-8b52-ebcf3c35d0c6,3895086,0,14922413000,14922413200
concurrency_n10_20260613_002350_kafka_feed8_rep1,kafka,sb-events-n10-feed8-rep1,84fbca7e-c79e-4f67-8026-4c9578366292,3895107,0,14922434200,14922434300
concurrency_n10_20260613_002350_kafka_feed8_rep1,kafka,sb-events-n10-feed8-rep1,7f498384-e379-41b8-bdd2-8bf16412e8cc,3895134,0,14922452900,14922453100
concurrency_n10_20260613_002350_kafka_feed8_rep1,kafka,sb-events-n10-feed8-rep1,fefef503-f3cc-4d41-9b3f-9ddc57b6a93b,3895060,0,14922470900,14922471000
concurrency_n10_20260613_002350_kafka_feed8_rep1,kafka,sb-events-n10-feed8-rep1,3dd463f6-b445-407d-8120-bf6aeab35526,3895074,0,14922488800,14922488900
concurrency_n10_20260613_002350_kafka_feed8_rep1,kafka,sb-events-n10-feed8-rep1,6755b1ac-4f37-4c35-b1ef-181d68375e7d,3895086,0,14922506600,14922506800
concurrency_n10_20260613_002350_kafka_feed8_rep1,kafka,sb-events-n10-feed8-rep1,b4bd630b-4e82-4f31-8947-17beb238dc5a,3895107,0,14922524600,14922524800
concurrency_n10_20260613_002350_kafka_feed8_rep1,kafka,sb-events-n10-feed8-rep1,a88295ad-33e8-4427-872c-eba006d8a0ef,3895113,0,14922543900,14922544100
concurrency_n10_20260613_002350_kafka_feed8_rep1,kafka,sb-events-n10-feed8-rep1,2f46ad65-50a4-4834-9bd9-86a61f034234,3895060,0,14922562100,14922562300
concurrency_n10_20260613_002350_kafka_feed8_rep1,kafka,sb-events-n10-feed8-rep1,77f9b3e5-e0e4-4032-8228-089aa0dd578b,3895074,0,14922579600,14922579800
concurrency_n10_20260613_002350_kafka_feed8_rep1,kafka,sb-events-n10-feed8-rep1,6810c39c-8726-412f-b831-62dfec867465,3895107,0,14922597500,14922597600
concurrency_n10_20260613_002350_kafka_feed8_rep1,kafka,sb-events-n10-feed8-rep1,9a50295b-7f7a-449c-9ef3-87e60467e8e1,3895052,0,14922615100,14922615300
concurrency_n10_20260613_002350_kafka_feed8_rep1,kafka,sb-events-n10-feed8-rep1,69bdfb9b-ba46-41c8-814a-98f0a43c6501,3895060,0,14922632800,14922633000
concurrency_n10_20260613_002350_kafka_feed8_rep1,kafka,sb-events-n10-feed8-rep1,f3dfb8ef-6678-493f-bbce-99f9678b7f75,3895107,0,14922651000,14922651100
concurrency_n10_20260613_002350_kafka_feed8_rep1,kafka,sb-events-n10-feed8-rep1,8d4e66c1-7ddb-4e75-b89f-bdb0592be264,3895107,1,14922668100,14922668200
concurrency_n10_20260613_002350_kafka_feed8_rep1,kafka,sb-events-n10-feed8-rep1,ceaa47dd-e3bf-4016-ade0-ed3d54afe971,3895060,2,14922689100,14922689300
concurrency_n10_20260613_002350_kafka_feed8_rep1,kafka,sb-events-n10-feed8-rep1,40f9b6ab-32ab-47e8-8b92-9b97e90d4c4f,3895086,2,14922708500,14922708600
concurrency_n10_20260613_002350_kafka_feed8_rep1,kafka,sb-events-n10-feed8-rep1,eb3fde27-a34b-42be-b262-d329e138fff2,3895113,2,14922727200,14922727300
concurrency_n10_20260613_002350_kafka_feed8_rep1,kafka,sb-events-n10-feed8-rep1,b293256b-d885-4135-98ca-8ecf12f9e5a6,3895134,2,14922745700,14922745900
concurrency_n10_20260613_002350_kafka_feed8_rep1,kafka,sb-events-n10-feed8-rep1,748f1afc-2300-4252-bc9b-f161b5e7c6ef,3895060,3,14922765100,14922765300
concurrency_n10_20260613_002350_kafka_feed8_rep1,kafka,sb-events-n10-feed8-rep1,3c689040-9b59-4fad-8456-48b2ec8a2058,3895052,3,14922783500,14922783700
concurrency_n10_20260613_002350_kafka_feed8_rep1,kafka,sb-events-n10-feed8-rep1,042f1fd2-3cd4-439a-97c4-9275f435f098,3895113,4,14922857100,14922857300
concurrency_n10_20260613_002350_kafka_feed8_rep1,kafka,sb-events-n10-feed8-rep1,2256b8d2-0b23-4080-9849-1553d0135c73,3895074,4,14922881900,14922882100
concurrency_n10_20260613_002350_kafka_feed8_rep1,kafka,sb-events-n10-feed8-rep1,aabb516d-6ede-4543-9394-967c0499af8a,3895067,5,14922901400,14922901600
concurrency_n10_20260613_002350_kafka_feed8_rep1,kafka,sb-events-n10-feed8-rep1,3d52c020-9bad-49c3-8ae7-05c40e223268,3895113,5,14922920300,14922920500
concurrency_n10_20260613_002350_kafka_feed8_rep1,kafka,sb-events-n10-feed8-rep1,33fdf203-b847-4fa5-9021-5f1875717796,3895060,6,14922938800,14922939000
concurrency_n10_20260613_002350_kafka_feed8_rep1,kafka,sb-events-n10-feed8-rep1,98e575e4-0886-40e5-96a8-9c9f857ebcc1,3895052,6,14922956500,14922956700
concurrency_n10_20260613_002350_kafka_feed8_rep1,kafka,sb-events-n10-feed8-rep1,d4683bb7-cdad-4a7d-9851-743212fba939,3895074,6,15128271600,15128272400
concurrency_n10_20260613_002350_kafka_feed8_rep1,kafka,sb-events-n10-feed8-rep1,7ddab21c-8faf-4fbc-a290-a2cdb40b7df7,3895107,6,15128380800,15128381300
concurrency_n10_20260613_002350_kafka_feed8_rep1,kafka,sb-events-n10-feed8-rep1,d6006eb1-3ef6-4955-a47a-7b2b9192b522,3895121,7,15128450700,15128451000
concurrency_n10_20260613_002350_kafka_feed8_rep1,kafka,sb-events-n10-feed8-rep1,d87f4aa7-4a9b-4319-8dd9-c5426dc81e34,3895121,7,15128477800,15128478100
concurrency_n10_20260613_002350_kafka_feed8_rep1,kafka,sb-events-n10-feed8-rep1,a88a8b7b-dab2-4a21-a85b-580af51a83d1,3895095,7,15128502600,15128502800
concurrency_n10_20260613_002350_kafka_feed8_rep1,kafka,sb-events-n10-feed8-rep1,a0313cd5-9822-48bf-8ca6-3c92789a7474,3895121,7,15128527300,15128527600
concurrency_n10_20260613_002350_kafka_feed8_rep1,kafka,sb-events-n10-feed8-rep1,5550d825-5f3b-41f6-bba0-d4cf66c1438e,3895074,7,15128551500,15128551700
concurrency_n10_20260613_002350_kafka_feed8_rep1,kafka,sb-events-n10-feed8-rep1,45ee08ea-fdab-4a8e-8114-f0dec4a5e815,3895113,7,15128574600,15128574800
concurrency_n10_20260613_002350_kafka_feed8_rep1,kafka,sb-events-n10-feed8-rep1,b2d11f7f-8c0d-4533-b2a3-843e981238ad,3895067,8,15128597100,15128597300
concurrency_n10_20260613_002350_kafka_feed8_rep1,kafka,sb-events-n10-feed8-rep1,1739877d-1a9a-45a1-a72d-189cd19ce825,3895060,8,15128641700,15128642000
concurrency_n10_20260613_002350_kafka_feed8_rep1,kafka,sb-events-n10-feed8-rep1,2da5d3ff-deec-4d16-b866-8a7d1fbb93e9,3895060,8,15128665400,15128665600
concurrency_n10_20260613_002350_kafka_feed8_rep1,kafka,sb-events-n10-feed8-rep1,71c80fb5-ad88-4f1a-a7d4-fd63ed429bcd,3895095,8,15128689000,15128689200
concurrency_n10_20260613_002350_kafka_feed8_rep1,kafka,sb-events-n10-feed8-rep1,38932aa9-ad68-4202-bc2b-cca968001831,3895113,8,15128711400,15128711600
concurrency_n10_20260613_002350_kafka_feed8_rep1,kafka,sb-events-n10-feed8-rep1,dd059ddd-697b-4957-a691-f20eec306ea5,3895121,9,15128734000,15128734200
concurrency_n10_20260613_002350_kafka_feed8_rep1,kafka,sb-events-n10-feed8-rep1,99c1964f-2b9c-4442-b485-f7e6ce554c84,3895095,9,15128756300,15128756500
concurrency_n10_20260613_002350_kafka_feed8_rep1,kafka,sb-events-n10-feed8-rep1,43c3670a-83aa-427e-b4db-68d69ea6f60a,3895074,9,15128778000,15128778200
concurrency_n10_20260613_002350_kafka_feed8_rep1,kafka,sb-events-n10-feed8-rep1,174d1bd5-23b1-403b-b417-fc59eab9339c,3895134,10,15128800000,15128800200
concurrency_n10_20260613_002350_kafka_feed8_rep1,kafka,sb-events-n10-feed8-rep1,7cba4468-f2eb-4352-94e8-2474e078f085,3895067,10,15128878600,15128879000
concurrency_n10_20260613_002350_kafka_feed8_rep1,kafka,sb-events-n10-feed8-rep1,ed38d77f-8234-4921-88d2-52ae89331fc2,3895060,10,15128971900,15128972300
concurrency_n10_20260613_002350_kafka_feed8_rep1,kafka,sb-events-n10-feed8-rep1,3a82e4ae-0527-4391-a6c1-23c5e4ace661,3895067,10,15129006500,15129006800
concurrency_n10_20260613_002350_kafka_feed8_rep1,kafka,sb-events-n10-feed8-rep1,74e102e0-b7bc-4d69-a21b-fe814eb02b6e,3895134,10,15129239100,15129239400
concurrency_n10_20260613_002350_kafka_feed8_rep1,kafka,sb-events-n10-feed8-rep1,897c5f7a-b611-400d-a4bd-546cbba4e897,3895134,10,15129266200,15129266400
concurrency_n10_20260613_002350_kafka_feed8_rep1,kafka,sb-events-n10-feed8-rep1,fac6763f-5f80-4b02-94e3-799bd452abc8,3895113,10,15129288700,15129288900
concurrency_n10_20260613_002350_kafka_feed8_rep1,kafka,sb-events-n10-feed8-rep1,43134fef-e6aa-4650-9198-9da79f955c83,3895067,11,15129353800,15129354200
concurrency_n10_20260613_002350_kafka_feed8_rep1,kafka,sb-events-n10-feed8-rep1,e62a0339-6478-4758-9dda-9c3a672cda2b,3895067,11,15129483600,15129484000
concurrency_n10_20260613_002350_kafka_feed8_rep1,kafka,sb-events-n10-feed8-rep1,b2a1e34b-f362-4be7-abc3-7d5015d54850,3895121,11,15129516600,15129516900
concurrency_n10_20260613_002350_kafka_feed8_rep1,kafka,sb-events-n10-feed8-rep1,7962ad90-9dc3-435e-b10a-9bbfa62c5d21,3895074,11,15129554100,15129554400
concurrency_n10_20260613_002350_kafka_feed8_rep1,kafka,sb-events-n10-feed8-rep1,8847c801-2b00-4bf3-9bb8-88f92ab95fa1,3895074,11,15154890600,15154891300
concurrency_n10_20260613_002350_kafka_feed8_rep1,kafka,sb-events-n10-feed8-rep1,5b924c30-ccff-4008-a917-fda9ba37cba4,3895074,11,15154918400,15154918600
concurrency_n10_20260613_002350_kafka_feed8_rep1,kafka,sb-events-n10-feed8-rep1,e7281523-4786-460c-a9a4-c25b2828a783,3895086,12,15154939800,15154940100
concurrency_n10_20260613_002350_kafka_feed8_rep1,kafka,sb-events-n10-feed8-rep1,86c3a258-b8ca-4ec4-955d-05e4a45f4053,3895067,12,15154960800,15154961100
concurrency_n10_20260613_002350_kafka_feed8_rep1,kafka,sb-events-n10-feed8-rep1,66cebf02-2ea6-4c35-a551-862b09130220,3895107,12,15154980800,15154981000
concurrency_n10_20260613_002350_kafka_feed8_rep1,kafka,sb-events-n10-feed8-rep1,da7c4c87-47cc-43e4-abc7-ed5153ccd953,3895086,13,15155002800,15155003000
concurrency_n10_20260613_002350_kafka_feed8_rep1,kafka,sb-events-n10-feed8-rep1,2d158032-d266-417c-b308-7988ff8c3ffc,3895086,13,15155093100,15155093400
concurrency_n10_20260613_002350_kafka_feed8_rep1,kafka,sb-events-n10-feed8-rep1,54f1c83c-f7c4-4413-8a2a-69aaac9bec05,3895052,13,15155120700,15155120900
concurrency_n10_20260613_002350_kafka_feed8_rep1,kafka,sb-events-n10-feed8-rep1,fe1233fa-d40a-4e0c-8b0d-55809b7d774b,3895060,13,15155144700,15155144900
concurrency_n10_20260613_002350_kafka_feed8_rep1,kafka,sb-events-n10-feed8-rep1,d0309ed5-a714-4866-9594-2806ec7f3053,3895074,14,15155166900,15155167100
concurrency_n10_20260613_002350_kafka_feed8_rep1,kafka,sb-events-n10-feed8-rep1,7b8d5bb4-4ed6-4983-806a-c8ca1feeef81,3895121,15,15155189200,15155189300
concurrency_n10_20260613_002350_kafka_feed8_rep1,kafka,sb-events-n10-feed8-rep1,4cf23b83-c0d3-4df1-bdef-c5caded9cc07,3895121,15,15155210500,15155210700
concurrency_n10_20260613_002350_kafka_feed8_rep1,kafka,sb-events-n10-feed8-rep1,67f9bdbc-8feb-49b2-b7fe-705375aac0db,3895052,15,15155232300,15155232500
concurrency_n10_20260613_002350_kafka_feed8_rep1,kafka,sb-events-n10-feed8-rep1,923309c9-3dcf-4141-a48f-e3208bd1f952,3895113,16,15155253400,15155253600
concurrency_n10_20260613_002350_kafka_feed8_rep1,kafka,sb-events-n10-feed8-rep1,740e3759-e2fa-4c08-bb5e-ac9ff7760fce,3895074,16,15155276300,15155276500
concurrency_n10_20260613_002350_kafka_feed8_rep1,kafka,sb-events-n10-feed8-rep1,3f1b90e5-46c3-4832-b386-a774f9ef7762,3895074,16,15155299200,15155299400
concurrency_n10_20260613_002350_kafka_feed8_rep1,kafka,sb-events-n10-feed8-rep1,5f5f1bfd-17e6-4a75-a48d-23c004391ca0,3895121,17,15155321100,15155321300
concurrency_n10_20260613_002350_kafka_feed8_rep1,kafka,sb-events-n10-feed8-rep1,e1464657-428c-47db-b28c-41c44d976b21,3895086,18,15155343000,15155343200
concurrency_n10_20260613_002350_kafka_feed8_rep1,kafka,sb-events-n10-feed8-rep1,f3cf7038-cbb0-4e2b-be0e-87d31d2aa135,3895086,18,15155715100,15155715400
concurrency_n10_20260613_002350_kafka_feed8_rep1,kafka,sb-events-n10-feed8-rep1,c6085c22-483f-4a4b-a3a7-27fbee22ae65,3895052,18,15155744800,15155745000
concurrency_n10_20260613_002350_kafka_feed8_rep1,kafka,sb-events-n10-feed8-rep1,3211acd7-830e-4b57-9d44-ffc087f09783,3895121,18,15155768300,15155768500
concurrency_n10_20260613_002350_kafka_feed8_rep1,kafka,sb-events-n10-feed8-rep1,5ecff428-f7e5-4098-a070-003bae61d520,3895052,18,15155790500,15155790700
concurrency_n10_20260613_002350_kafka_feed8_rep1,kafka,sb-events-n10-feed8-rep1,61c008f9-cf5c-4ebe-ae27-f5ee5b22c150,3895134,19,15155812300,15155812400
concurrency_n10_20260613_002350_kafka_feed8_rep1,kafka,sb-events-n10-feed8-rep1,95573a25-89e1-4453-899f-9231016295df,3895107,19,15155840500,15155840600
concurrency_n10_20260613_002350_kafka_feed8_rep1,kafka,sb-events-n10-feed8-rep1,7d098e93-c4a3-4d21-94e1-ee7f39346658,3895113,19,15155898800,15155899400
concurrency_n10_20260613_002350_kafka_feed8_rep1,kafka,sb-events-n10-feed8-rep1,82b43325-f1c1-48f8-8a96-f447e73e0014,3895107,19,15155934700,15155934900
concurrency_n10_20260613_002350_kafka_feed8_rep1,kafka,sb-events-n10-feed8-rep1,5ea481e0-e6e1-4897-b6e0-78445211ad3d,3895060,20,15155963700,15155999400
concurrency_n10_20260613_002350_kafka_feed8_rep1,kafka,sb-events-n10-feed8-rep1,5e0455ba-95d7-4dc9-92d6-c8b777a5c7b6,3895086,20,15156034900,15156035200
concurrency_n10_20260613_002350_kafka_feed8_rep1,kafka,sb-events-n10-feed8-rep1,a6f33202-5449-458f-8473-9c4274528e11,3895052,20,15156059300,15156059600
concurrency_n10_20260613_002350_kafka_feed8_rep1,kafka,sb-events-n10-feed8-rep1,91c869e1-262b-4223-89b4-903cf7e9b527,3895107,20,15156081600,15156081800
concurrency_n10_20260613_002350_kafka_feed8_rep1,kafka,sb-events-n10-feed8-rep1,8e9c5a9a-0084-457b-93be-2ba84bbe4fcb,3895113,20,15156125200,15156125600
concurrency_n10_20260613_002350_kafka_feed8_rep1,kafka,sb-events-n10-feed8-rep1,91e88312-848a-47f2-8871-b71be8bb172c,3895107,20,15156207900,15156208300
concurrency_n10_20260613_002350_kafka_feed8_rep1,kafka,sb-events-n10-feed8-rep1,20d4b309-2546-439a-96d6-c362fb3ecb2d,3895113,20,15156239100,15156239400
concurrency_n10_20260613_002350_kafka_feed8_rep1,kafka,sb-events-n10-feed8-rep1,ce0cff7d-de0c-4e19-8496-2dd948d69413,3895052,21,15156265600,15156265800
concurrency_n10_20260613_002350_kafka_feed8_rep1,kafka,sb-events-n10-feed8-rep1,ebaf6e35-461e-411b-a4c6-bd8c8807ed4b,3895052,21,15156290200,15156290400
concurrency_n10_20260613_002350_kafka_feed8_rep1,kafka,sb-events-n10-feed8-rep1,6824686d-4590-42ed-bcb5-84522be6958f,3895113,21,15156313100,15156313300
concurrency_n10_20260613_002350_kafka_feed8_rep1,kafka,sb-events-n10-feed8-rep1,7b952b7f-319c-4b59-9887-322eb909afae,3895121,21,15156336200,15156336400
concurrency_n10_20260613_002350_kafka_feed8_rep1,kafka,sb-events-n10-feed8-rep1,d7d57b8f-e679-4a01-9112-8c67d14816da,3895121,21,15156358800,15156359100
concurrency_n10_20260613_002350_kafka_feed8_rep1,kafka,sb-events-n10-feed8-rep1,6d76d333-ddbe-4dd4-b0e0-f04bace0d42c,3895121,22,15156381300,15156381500
concurrency_n10_20260613_002350_kafka_feed8_rep1,kafka,sb-events-n10-feed8-rep1,5d1189db-89e2-4f3a-9fe7-9ca309a9180b,3895086,23,15156405200,15156405400
concurrency_n10_20260613_002350_kafka_feed8_rep1,kafka,sb-events-n10-feed8-rep1,0ff21259-8e4f-4ca9-b2f0-eeca108eaf72,3895107,23,15156429000,15156429300
concurrency_n10_20260613_002350_kafka_feed8_rep1,kafka,sb-events-n10-feed8-rep1,0330715d-3ebb-4144-b556-11d9aea021f7,3895107,23,15156451800,15156452000
concurrency_n10_20260613_002350_kafka_feed8_rep1,kafka,sb-events-n10-feed8-rep1,a332d835-268e-4498-8bfb-67085f324c46,3895086,24,15156475200,15156475400
concurrency_n10_20260613_002350_kafka_feed8_rep1,kafka,sb-events-n10-feed8-rep1,e8f164f5-a160-4c46-a82c-abe4e89677d9,3895121,24,15156508100,15156508300
concurrency_n10_20260613_002350_kafka_feed8_rep1,kafka,sb-events-n10-feed8-rep1,dcc91b79-7910-496f-853c-e3a279361c9c,3895107,24,15156532200,15156532400
concurrency_n10_20260613_002350_kafka_feed8_rep1,kafka,sb-events-n10-feed8-rep1,ead699aa-f13c-4cdf-8423-f658ad925cb5,3895067,25,15156554600,15156554800
concurrency_n10_20260613_002350_kafka_feed8_rep1,kafka,sb-events-n10-feed8-rep1,9f680d72-f947-4b6e-a483-04e6cb981cf5,3895060,25,15156577900,15156578200
concurrency_n10_20260613_002350_kafka_feed8_rep1,kafka,sb-events-n10-feed8-rep1,84c01004-f3ae-4fda-bcdd-31980eb13196,3895060,25,15156601200,15156601400
concurrency_n10_20260613_002350_kafka_feed8_rep1,kafka,sb-events-n10-feed8-rep1,2b8248b7-ca1e-4b25-8019-43dcd354312b,3895134,25,15156625100,15156625300
concurrency_n10_20260613_002350_kafka_feed8_rep1,kafka,sb-events-n10-feed8-rep1,07087bbe-871b-46b9-af20-4c074da4a10d,3895113,25,15156648900,15156649200
concurrency_n10_20260613_002350_kafka_feed8_rep1,kafka,sb-events-n10-feed8-rep1,24fa959e-ad78-4dfb-9cf7-ff352947271c,3895052,25,15156764400,15156764800
concurrency_n10_20260613_002350_kafka_feed8_rep1,kafka,sb-events-n10-feed8-rep1,da6d72e8-314a-4232-892f-7f2b7aa233da,3895052,25,15156848100,15156848500
concurrency_n10_20260613_002350_kafka_feed8_rep1,kafka,sb-events-n10-feed8-rep1,e1f2d0bd-aeb0-42b2-867d-f5e407986d61,3895086,26,15157213000,15157213400
concurrency_n10_20260613_002350_kafka_feed8_rep1,kafka,sb-events-n10-feed8-rep1,d109e813-a171-4eab-bd01-20c8e0a2d54b,3895067,27,15157262300,15157262700
concurrency_n10_20260613_002350_kafka_feed8_rep1,kafka,sb-events-n10-feed8-rep1,4dbc35f7-4520-4c1d-a0c1-81c1760b2c40,3895067,27,15157509500,15157509900
concurrency_n10_20260613_002350_kafka_feed8_rep1,kafka,sb-events-n10-feed8-rep1,1ada5a52-ccdd-47d6-bfae-a3c6cfe6695c,3895086,27,15157540100,15157540300
concurrency_n10_20260613_002350_kafka_feed8_rep1,kafka,sb-events-n10-feed8-rep1,3e22029c-1ffc-479a-8824-66a065a2fdf6,3895134,27,15157563500,15157563700
concurrency_n10_20260613_002350_kafka_feed8_rep1,kafka,sb-events-n10-feed8-rep1,3ef9a433-6ad8-4533-b8c7-8465064ae209,3895134,27,15157585200,15157585400
concurrency_n10_20260613_002350_kafka_feed8_rep1,kafka,sb-events-n10-feed8-rep1,ce148b24-1185-48a7-bc22-d593e8115f3c,3895052,27,15157605900,15157606100
concurrency_n10_20260613_002350_kafka_feed8_rep1,kafka,sb-events-n10-feed8-rep1,e3e1f7c7-4932-4722-9f8c-b801ec0f3eb9,3895113,28,15157629800,15157630000
concurrency_n10_20260613_002350_kafka_feed8_rep1,kafka,sb-events-n10-feed8-rep1,2e41f9b8-5553-4025-bfb2-90dc50a9013a,3895107,28,15157675000,15157675300
concurrency_n10_20260613_002350_kafka_feed8_rep1,kafka,sb-events-n10-feed8-rep1,78f5f9b2-8e23-4ed5-bc21-6cb65b4bfecd,3895107,28,15157697900,15157698100
concurrency_n10_20260613_002350_kafka_feed8_rep1,kafka,sb-events-n10-feed8-rep1,447b0a0c-05be-471b-aaf1-2bc3a39574a6,3895067,29,15157719500,15157719700
concurrency_n10_20260613_002350_kafka_feed8_rep1,kafka,sb-events-n10-feed8-rep1,5a772691-1265-464f-aabd-c573e8a0ab8c,3895074,29,15157740300,15157740500
concurrency_n10_20260613_002350_kafka_feed8_rep1,kafka,sb-events-n10-feed8-rep1,263393dd-6b86-4b3d-b4d4-08e19a071251,3895134,29,15157844000,15157844400
concurrency_n10_20260613_002350_kafka_feed8_rep1,kafka,sb-events-n10-feed8-rep1,8ecf55aa-b2b4-4325-87ae-b9773d146ca4,3895086,29,15157943900,15157944300
concurrency_n10_20260613_002350_kafka_feed8_rep1,kafka,sb-events-n10-feed8-rep1,45e61b15-c483-49fa-8a40-525424f6f0fd,3895107,29,15157991900,15157992300
concurrency_n10_20260613_002350_kafka_feed8_rep1,kafka,sb-events-n10-feed8-rep1,9351a75c-1c91-4205-b38c-4875eb4ab288,3895134,30,15158015000,15158015300
concurrency_n10_20260613_002350_kafka_feed8_rep1,kafka,sb-events-n10-feed8-rep1,f1851ae9-876d-42a8-8c1c-9d39b58512ef,3895134,30,15158150400,15158151000
concurrency_n10_20260613_002350_kafka_feed8_rep1,kafka,sb-events-n10-feed8-rep1,207c41be-4905-457d-af38-e356b67981de,3895060,0,15376863100,15376864000
concurrency_n10_20260613_002350_kafka_feed8_rep1,kafka,sb-events-n10-feed8-rep1,ea1e6876-4179-4750-8231-55c3d6ec8001,3895113,0,15376912100,15376912400
concurrency_n10_20260613_002350_kafka_feed8_rep1,kafka,sb-events-n10-feed8-rep1,16d29511-a5c7-4a18-a4b4-d40571e69bd4,3895121,0,15376934300,15376934400
concurrency_n10_20260613_002350_kafka_feed8_rep1,kafka,sb-events-n10-feed8-rep1,9790a466-9c56-42aa-96aa-a9ad1a6f8811,3895052,0,15376953700,15376953900
concurrency_n10_20260613_002350_kafka_feed8_rep1,kafka,sb-events-n10-feed8-rep1,27cf4ae2-0319-4fc6-9ace-9f960bb0e4e6,3895121,0,15376972300,15376972400
concurrency_n10_20260613_002350_kafka_feed8_rep1,kafka,sb-events-n10-feed8-rep1,4af6d17a-69ad-4bca-aece-f3be76c10138,3895134,0,15376989700,15376989800
concurrency_n10_20260613_002350_kafka_feed8_rep1,kafka,sb-events-n10-feed8-rep1,c6762724-3ad0-4ed1-b232-7f32ac192ec6,3895052,0,15377008800,15377008900
concurrency_n10_20260613_002350_kafka_feed8_rep1,kafka,sb-events-n10-feed8-rep1,a40403c7-74d7-45e6-ba91-5ebd6c313d8e,3895067,0,15377028300,15377028500
concurrency_n10_20260613_002350_kafka_feed8_rep1,kafka,sb-events-n10-feed8-rep1,92e52894-484a-48de-8051-469ea23d6aaa,3895121,0,15377047900,15377048100
concurrency_n10_20260613_002350_kafka_feed8_rep1,kafka,sb-events-n10-feed8-rep1,fae27a68-42f4-44cf-8fc0-8d4126407ae3,3895067,0,15377068500,15377068700
concurrency_n10_20260613_002350_kafka_feed8_rep1,kafka,sb-events-n10-feed8-rep1,e627413d-5de5-402a-9bb3-90c4cd3b65ec,3895074,0,15377087700,15377087900
concurrency_n10_20260613_002350_kafka_feed8_rep1,kafka,sb-events-n10-feed8-rep1,a549d56e-c626-419f-9244-ad813ec8e559,3895107,0,15377107800,15377107900
concurrency_n10_20260613_002350_kafka_feed8_rep1,kafka,sb-events-n10-feed8-rep1,51a7253e-31ed-49f5-9494-f5ab0d2ee039,3895113,0,15377126400,15377126500
concurrency_n10_20260613_002350_kafka_feed8_rep1,kafka,sb-events-n10-feed8-rep1,d16c061b-99fe-4266-ad73-d7f9c73482b0,3895121,0,15377144500,15377144600
concurrency_n10_20260613_002350_kafka_feed8_rep1,kafka,sb-events-n10-feed8-rep1,6d5e4ad7-9dd8-428b-97f9-5eee0ee14c17,3895134,0,15377162700,15377162800
concurrency_n10_20260613_002350_kafka_feed8_rep1,kafka,sb-events-n10-feed8-rep1,ad010a23-88fe-43af-8b5c-8cd1772842ac,3895067,0,15377181900,15377182100
concurrency_n10_20260613_002350_kafka_feed8_rep1,kafka,sb-events-n10-feed8-rep1,3aee3cdf-be11-4ee6-b4bb-828cb4edbe36,3895086,0,15377201500,15377201600
concurrency_n10_20260613_002350_kafka_feed8_rep1,kafka,sb-events-n10-feed8-rep1,cc3b6a56-e194-4ce6-901d-a4f84177e81b,3895107,0,15377221400,15377221600
concurrency_n10_20260613_002350_kafka_feed8_rep1,kafka,sb-events-n10-feed8-rep1,ac5aac4c-5a0e-44c2-97ca-ec38bdb05917,3895113,0,15377242700,15377242900
concurrency_n10_20260613_002350_kafka_feed8_rep1,kafka,sb-events-n10-feed8-rep1,1bed9ec9-1af9-4570-a620-8aab3469a6dd,3895134,0,15377281100,15377281300
concurrency_n10_20260613_002350_kafka_feed8_rep1,kafka,sb-events-n10-feed8-rep1,e03021cc-80c5-4ac6-909e-903dca845ee3,3895107,0,15377306800,15377307000
concurrency_n10_20260613_002350_kafka_feed8_rep1,kafka,sb-events-n10-feed8-rep1,6c4c62f2-7d95-4094-a714-50c0161ee2e6,3895052,1,15377329700,15377329900
concurrency_n10_20260613_002350_kafka_feed8_rep1,kafka,sb-events-n10-feed8-rep1,0e2c9eac-6504-4dae-9939-5f2920e7102d,3895067,2,15377411500,15377411800
concurrency_n10_20260613_002350_kafka_feed8_rep1,kafka,sb-events-n10-feed8-rep1,d54cc444-c9f7-4e31-820a-28e0ad5d8ec4,3895113,2,15377437600,15377437700
concurrency_n10_20260613_002350_kafka_feed8_rep1,kafka,sb-events-n10-feed8-rep1,f8442e6f-3919-46bc-848a-5f545627cf82,3895121,2,15377459800,15377460000
concurrency_n10_20260613_002350_kafka_feed8_rep1,kafka,sb-events-n10-feed8-rep1,c04183cf-75d8-42b0-91fd-4a026dba10b4,3895067,2,15377479500,15377479700
concurrency_n10_20260613_002350_kafka_feed8_rep1,kafka,sb-events-n10-feed8-rep1,f296523f-5c17-4d25-8371-f7142523a057,3895121,2,15377500300,15377500500
concurrency_n10_20260613_002350_kafka_feed8_rep1,kafka,sb-events-n10-feed8-rep1,f9a9b240-dc0d-49e8-b72a-ec081b4c2bf3,3895107,2,15377522900,15377523100
concurrency_n10_20260613_002350_kafka_feed8_rep1,kafka,sb-events-n10-feed8-rep1,15bf07b2-c5b7-4074-8693-1d9e4a5b7153,3895052,3,15377544600,15377544800
concurrency_n10_20260613_002350_kafka_feed8_rep1,kafka,sb-events-n10-feed8-rep1,28f3d343-a6db-4854-bae5-f3390857e90c,3895086,3,15377565800,15377565900
concurrency_n10_20260613_002350_kafka_feed8_rep1,kafka,sb-events-n10-feed8-rep1,494d25f1-83d3-4375-aa5c-29dfd26dfebd,3895095,3,15377586900,15377587100
concurrency_n10_20260613_002350_kafka_feed8_rep1,kafka,sb-events-n10-feed8-rep1,3114849f-6506-405c-bb4d-71ba30905d5e,3895107,3,15377607200,15377607400
concurrency_n10_20260613_002350_kafka_feed8_rep1,kafka,sb-events-n10-feed8-rep1,4f14f36d-c3c1-45d5-9c94-a65f9489d40f,3895074,4,15377628400,15377628600
concurrency_n10_20260613_002350_kafka_feed8_rep1,kafka,sb-events-n10-feed8-rep1,980abd18-b5d2-49cd-b110-7f534fd23dfc,3895095,4,15377649500,15377649700
concurrency_n10_20260613_002350_kafka_feed8_rep1,kafka,sb-events-n10-feed8-rep1,0195cc34-10dc-41e9-ada9-e853f9c16f02,3895134,4,15377673400,15377673700
concurrency_n10_20260613_002350_kafka_feed8_rep1,kafka,sb-events-n10-feed8-rep1,88661240-834a-430d-8629-b37b64dbcddc,3895052,4,15377729900,15377730300
concurrency_n10_20260613_002350_kafka_feed8_rep1,kafka,sb-events-n10-feed8-rep1,df085776-1a71-4f2d-9b9a-d385914ac874,3895095,4,15377868500,15377868900
concurrency_n10_20260613_002350_kafka_feed8_rep1,kafka,sb-events-n10-feed8-rep1,5342ea84-0732-454a-9551-8bc9fbe70d05,3895134,4,15377894500,15377894700
concurrency_n10_20260613_002350_kafka_feed8_rep1,kafka,sb-events-n10-feed8-rep1,b8c2ef59-5a72-4382-8d37-ef532f1ba623,3895107,4,15377918500,15377918800
concurrency_n10_20260613_002350_kafka_feed8_rep1,kafka,sb-events-n10-feed8-rep1,c93d7723-7a1c-4be8-97e1-0babb1be6f11,3895113,5,15377942000,15377942200
concurrency_n10_20260613_002350_kafka_feed8_rep1,kafka,sb-events-n10-feed8-rep1,3cb0c74e-75be-431c-917f-011efc184fdb,3895113,5,15377965900,15377966000
concurrency_n10_20260613_002350_kafka_feed8_rep1,kafka,sb-events-n10-feed8-rep1,f019df08-0da5-48d9-a838-1da35f369c3c,3895052,6,15377988800,15377989000
concurrency_n10_20260613_002350_kafka_feed8_rep1,kafka,sb-events-n10-feed8-rep1,e8a7f299-6faa-4914-bcdf-2e44131ed85c,3895107,6,15378011300,15378011500
concurrency_n10_20260613_002350_kafka_feed8_rep1,kafka,sb-events-n10-feed8-rep1,d8ec2ac3-0202-455a-8a5d-255e1e4cc473,3895121,8,15378035300,15378035600
concurrency_n10_20260613_002350_kafka_feed8_rep1,kafka,sb-events-n10-feed8-rep1,cc3655de-3632-4a2c-8a22-d670144485db,3895095,8,15378057600,15378057800
concurrency_n10_20260613_002350_kafka_feed8_rep1,kafka,sb-events-n10-feed8-rep1,5ff692af-8337-40bf-bf94-3357c44a9765,3895113,8,15378079100,15378079300
concurrency_n10_20260613_002350_kafka_feed8_rep1,kafka,sb-events-n10-feed8-rep1,8f1fbe41-034b-43eb-9585-edbb0aadb7ba,3895052,9,15378104300,15378104600
concurrency_n10_20260613_002350_kafka_feed8_rep1,kafka,sb-events-n10-feed8-rep1,629bf2a1-ed9d-4d49-a2d8-cfd7a59e6e3e,3895121,9,15378126700,15378126900
concurrency_n10_20260613_002350_kafka_feed8_rep1,kafka,sb-events-n10-feed8-rep1,4127d02c-6da9-47dc-b26f-40da7d121a92,3895052,9,15378150000,15378150200
concurrency_n10_20260613_002350_kafka_feed8_rep1,kafka,sb-events-n10-feed8-rep1,08b17ce3-0fb5-45ee-b37f-1dff007b694a,3895067,10,15378174600,15378174800
concurrency_n10_20260613_002350_kafka_feed8_rep1,kafka,sb-events-n10-feed8-rep1,7604592e-b68b-4f0b-a7ff-eca7a0e2440b,3895134,10,15378198200,15378198400
concurrency_n10_20260613_002350_kafka_feed8_rep1,kafka,sb-events-n10-feed8-rep1,55773380-38a7-49a4-b73a-a688f19444c1,3895134,10,15378221500,15378221700
concurrency_n10_20260613_002350_kafka_feed8_rep1,kafka,sb-events-n10-feed8-rep1,b767f8cf-4d2d-45c2-befd-2acd1c356621,3895060,11,15378245300,15378245500
concurrency_n10_20260613_002350_kafka_feed8_rep1,kafka,sb-events-n10-feed8-rep1,6fcdcd6a-f032-47d6-8ab5-40021f4c097d,3895095,11,15378266700,15378266900
concurrency_n10_20260613_002350_kafka_feed8_rep1,kafka,sb-events-n10-feed8-rep1,635f9e3a-22a3-4328-aa0d-299e2244750f,3895134,11,15378288000,15378288200
concurrency_n10_20260613_002350_kafka_feed8_rep1,kafka,sb-events-n10-feed8-rep1,523c9836-c56d-469f-a9b2-b2cccef6dab7,3895095,11,15378308900,15378309000
concurrency_n10_20260613_002350_kafka_feed8_rep1,kafka,sb-events-n10-feed8-rep1,480e7b02-6900-48ff-a092-84edfe968c1e,3895121,11,15378329400,15378329600
concurrency_n10_20260613_002350_kafka_feed8_rep1,kafka,sb-events-n10-feed8-rep1,7913f543-9fcd-488e-84d6-8a14f0455694,3895074,11,15378350700,15378350900
concurrency_n10_20260613_002350_kafka_feed8_rep1,kafka,sb-events-n10-feed8-rep1,a03fa6b0-0944-4d90-9881-9d2b47418d86,3895086,12,15378449100,15378449500
concurrency_n10_20260613_002350_kafka_feed8_rep1,kafka,sb-events-n10-feed8-rep1,585a8685-12a2-418f-91a6-4d2a02ad8430,3895052,12,15378476000,15378476200
concurrency_n10_20260613_002350_kafka_feed8_rep1,kafka,sb-events-n10-feed8-rep1,e7b35a27-1240-4696-9680-00347a4fd4ab,3895067,12,15378497400,15378497600
concurrency_n10_20260613_002350_kafka_feed8_rep1,kafka,sb-events-n10-feed8-rep1,ba2de37d-ee65-4feb-a5ea-b54fc0236494,3895113,12,15378519000,15378519200
concurrency_n10_20260613_002350_kafka_feed8_rep1,kafka,sb-events-n10-feed8-rep1,c55ee278-e7d5-4f2f-aaf9-1d7e71c7ee6f,3895134,12,15378538700,15378538900
concurrency_n10_20260613_002350_kafka_feed8_rep1,kafka,sb-events-n10-feed8-rep1,4c6fb264-6641-4514-9dfb-96a0f17f3899,3895060,13,15378559200,15378559400
concurrency_n10_20260613_002350_kafka_feed8_rep1,kafka,sb-events-n10-feed8-rep1,9dcf795d-a1b5-4b33-b421-af35da8f1708,3895095,14,15378580700,15378580900
concurrency_n10_20260613_002350_kafka_feed8_rep1,kafka,sb-events-n10-feed8-rep1,bd76ea17-62ca-436b-b60f-ebbce8df5a58,3895074,14,15378601500,15378601800
concurrency_n10_20260613_002350_kafka_feed8_rep1,kafka,sb-events-n10-feed8-rep1,bf8ecf65-adbc-42d1-99f7-c48a6ef2ec06,3895052,15,15378621500,15378621700
concurrency_n10_20260613_002350_kafka_feed8_rep1,kafka,sb-events-n10-feed8-rep1,a6fdb7f7-8cbe-4f00-a6bc-68733f24f18c,3895121,15,15378641900,15378642000
concurrency_n10_20260613_002350_kafka_feed8_rep1,kafka,sb-events-n10-feed8-rep1,e8f5cb79-b270-408d-8a30-991d50c8bccd,3895095,16,15378663500,15378663700
concurrency_n10_20260613_002350_kafka_feed8_rep1,kafka,sb-events-n10-feed8-rep1,8eadb67c-5080-4a27-836f-922f5a6eeeb6,3895074,16,15378685900,15378698100
concurrency_n10_20260613_002350_kafka_feed8_rep1,kafka,sb-events-n10-feed8-rep1,4917b4e0-e17c-4412-bec0-734319e40d03,3895074,16,15378721700,15378721900
concurrency_n10_20260613_002350_kafka_feed8_rep1,kafka,sb-events-n10-feed8-rep1,6bae2646-95ef-4ae3-808b-79fa5756e3a0,3895086,17,15378743600,15378743800
concurrency_n10_20260613_002350_kafka_feed8_rep1,kafka,sb-events-n10-feed8-rep1,86a2db30-3020-4a3a-af2f-3b1d59b73adc,3895052,17,15378765000,15378765200
concurrency_n10_20260613_002350_kafka_feed8_rep1,kafka,sb-events-n10-feed8-rep1,da8b4ee3-3079-4353-ac9d-451a47100b52,3895121,17,15378785900,15378786100
concurrency_n10_20260613_002350_kafka_feed8_rep1,kafka,sb-events-n10-feed8-rep1,238ccd63-a906-4647-a994-0b592cedbb4d,3895113,17,15378807800,15378807900
concurrency_n10_20260613_002350_kafka_feed8_rep1,kafka,sb-events-n10-feed8-rep1,f56d4891-5044-48bc-98bd-2714de02c555,3895095,17,15378831800,15378832000
concurrency_n10_20260613_002350_kafka_feed8_rep1,kafka,sb-events-n10-feed8-rep1,74fb2011-216f-43aa-8c61-587989c3083d,3895095,17,15378854900,15378855000
concurrency_n10_20260613_002350_kafka_feed8_rep1,kafka,sb-events-n10-feed8-rep1,c6cba519-72a4-4c6a-a204-27bb2809348d,3895107,18,15378877400,15378877600
concurrency_n10_20260613_002350_kafka_feed8_rep1,kafka,sb-events-n10-feed8-rep1,da618d2e-27e6-47f5-ba91-a32d880fc3f3,3895052,18,15378901100,15378901400
concurrency_n10_20260613_002350_kafka_feed8_rep1,kafka,sb-events-n10-feed8-rep1,f6afab09-dd54-41b0-9eab-2f54641f6cc7,3895134,19,15378925400,15378925600
concurrency_n10_20260613_002350_kafka_feed8_rep1,kafka,sb-events-n10-feed8-rep1,babaa5b7-7d2a-455f-9d53-09929055b994,3895121,19,15378948000,15378948200
concurrency_n10_20260613_002350_kafka_feed8_rep1,kafka,sb-events-n10-feed8-rep1,31656a86-ac6f-48e7-8588-664d49470dcf,3895121,19,15378970500,15378970700
concurrency_n10_20260613_002350_kafka_feed8_rep1,kafka,sb-events-n10-feed8-rep1,c1fd3b58-ecc8-4b74-baf6-d706324c0a37,3895095,19,15378992300,15378992500
concurrency_n10_20260613_002350_kafka_feed8_rep1,kafka,sb-events-n10-feed8-rep1,34a68da4-a761-418e-a94a-29bb8fd8e96e,3895095,19,15379013900,15379014000
concurrency_n10_20260613_002350_kafka_feed8_rep1,kafka,sb-events-n10-feed8-rep1,58a678fb-10ef-4114-9bbb-099466db1636,3895086,20,15379037500,15379037600
concurrency_n10_20260613_002350_kafka_feed8_rep1,kafka,sb-events-n10-feed8-rep1,90ec0daf-d61f-4501-ab28-c24d33c3ac5f,3895060,21,15379061100,15379061300
concurrency_n10_20260613_002350_kafka_feed8_rep1,kafka,sb-events-n10-feed8-rep1,948f6c30-084e-4ef6-a45d-90557e5552d8,3895060,21,15379083100,15379083300
concurrency_n10_20260613_002350_kafka_feed8_rep1,kafka,sb-events-n10-feed8-rep1,a4cf9a70-b481-4b49-9ce1-ca29ff7c506e,3895134,21,15379103800,15379104000
concurrency_n10_20260613_002350_kafka_feed8_rep1,kafka,sb-events-n10-feed8-rep1,377feb38-fa03-4b29-bb7f-2cfbb3baf194,3895107,21,15379124800,15379125000
concurrency_n10_20260613_002350_kafka_feed8_rep1,kafka,sb-events-n10-feed8-rep1,a5317761-7d6b-4332-832c-56edfbce761f,3895121,21,15379182700,15379182900
concurrency_n10_20260613_002350_kafka_feed8_rep1,kafka,sb-events-n10-feed8-rep1,4c5afbe4-b097-4acf-8087-c15c6b876bb2,3895113,21,15379204300,15379204500
concurrency_n10_20260613_002350_kafka_feed8_rep1,kafka,sb-events-n10-feed8-rep1,380b0b2e-41af-476d-bb8d-683c2c4bc624,3895134,22,15379225900,15379226100
concurrency_n10_20260613_002350_kafka_feed8_rep1,kafka,sb-events-n10-feed8-rep1,064b72e5-2907-4fec-ae0a-2108f5e8524f,3895052,22,15379247700,15379247900
concurrency_n10_20260613_002350_kafka_feed8_rep1,kafka,sb-events-n10-feed8-rep1,bf131dfc-aa54-477b-aa3a-fe427e0f5a4d,3895052,23,15379272900,15379273100
concurrency_n10_20260613_002350_kafka_feed8_rep1,kafka,sb-events-n10-feed8-rep1,f436fba2-fe86-4de4-81a8-6f0ade75bb37,3895095,23,15379319200,15379319400
concurrency_n10_20260613_002350_kafka_feed8_rep1,kafka,sb-events-n10-feed8-rep1,13f2f67e-ce8a-45c1-91d1-965bd994230e,3895107,23,15379343400,15379343600
concurrency_n10_20260613_002350_kafka_feed8_rep1,kafka,sb-events-n10-feed8-rep1,30439125-dd53-46d2-95b0-e188be25443c,3895067,24,15379365200,15379365400
concurrency_n10_20260613_002350_kafka_feed8_rep1,kafka,sb-events-n10-feed8-rep1,11e909cf-1292-4ff6-877b-047271284066,3895060,24,15379386300,15379386400
concurrency_n10_20260613_002350_kafka_feed8_rep1,kafka,sb-events-n10-feed8-rep1,43d00079-b73c-4617-aa1a-2d5d3d54ba34,3895086,24,15379406900,15379407000
concurrency_n10_20260613_002350_kafka_feed8_rep1,kafka,sb-events-n10-feed8-rep1,cf31353b-8f9d-4a5e-9fbe-b74bcc381264,3895121,24,15379429300,15379429500
concurrency_n10_20260613_002350_kafka_feed8_rep1,kafka,sb-events-n10-feed8-rep1,03f103fa-f1fc-463e-87d9-cd3db62d4291,3895052,25,15379451300,15379451600
concurrency_n10_20260613_002350_kafka_feed8_rep1,kafka,sb-events-n10-feed8-rep1,197edbf9-491f-48e7-b569-16790aa29662,3895107,25,15379474600,15379474800
concurrency_n10_20260613_002350_kafka_feed8_rep1,kafka,sb-events-n10-feed8-rep1,8cbf25e7-f76d-430e-b1c7-4b5c77f460f1,3895107,25,15379497700,15379497900
concurrency_n10_20260613_002350_kafka_feed8_rep1,kafka,sb-events-n10-feed8-rep1,1cfdd0b2-0f61-4520-8329-c24d895696b1,3895113,26,15379519100,15379519300
concurrency_n10_20260613_002350_kafka_feed8_rep1,kafka,sb-events-n10-feed8-rep1,b812268f-ce7d-4b17-9ad2-f38e50908694,3895107,26,15379540400,15379540600
concurrency_n10_20260613_002350_kafka_feed8_rep1,kafka,sb-events-n10-feed8-rep1,984ac2c7-33e7-43ac-8152-f88bdf9bcb40,3895107,26,15379563200,15379563400
concurrency_n10_20260613_002350_kafka_feed8_rep1,kafka,sb-events-n10-feed8-rep1,49b31666-46f5-4aa7-a2b1-869d05a27d90,3895086,27,15379585500,15379585800
concurrency_n10_20260613_002350_kafka_feed8_rep1,kafka,sb-events-n10-feed8-rep1,c3ae126d-34d6-421c-813d-3e3179428b05,3895086,27,15379613600,15379613800
concurrency_n10_20260613_002350_kafka_feed8_rep1,kafka,sb-events-n10-feed8-rep1,6a8269d2-5ce9-4921-9502-03ae5b27b8b6,3895113,27,15379634900,15379635100
concurrency_n10_20260613_002350_kafka_feed8_rep1,kafka,sb-events-n10-feed8-rep1,d0c9136b-fb00-4bfe-bd7f-3b3dbdc6992c,3895107,28,15379655600,15379655800
concurrency_n10_20260613_002350_kafka_feed8_rep1,kafka,sb-events-n10-feed8-rep1,9279e24a-1872-4df5-9f01-bb6acffcaaf3,3895107,28,15379677400,15379677600
concurrency_n10_20260613_002350_kafka_feed8_rep1,kafka,sb-events-n10-feed8-rep1,79692146-523d-48d7-bb97-a2bfe9215a4c,3895107,28,15379699500,15379699700
concurrency_n10_20260613_002350_kafka_feed8_rep1,kafka,sb-events-n10-feed8-rep1,dcdc9caf-542f-4fed-b166-7702a8293952,3895086,29,15379722200,15379722400
concurrency_n10_20260613_002350_kafka_feed8_rep1,kafka,sb-events-n10-feed8-rep1,aa1a96f4-8527-46a3-acd2-83312ccc9a0e,3895095,29,15379744000,15379744200
concurrency_n10_20260613_002350_kafka_feed8_rep1,kafka,sb-events-n10-feed8-rep1,914c3940-48b4-4246-bd08-2b34e8349649,3895052,29,15379765800,15379766000
concurrency_n10_20260613_002350_kafka_feed8_rep1,kafka,sb-events-n10-feed8-rep1,15787cdd-9935-4bff-b68c-760a497af7cc,3895107,29,15379787100,15379787200
concurrency_n10_20260613_002350_kafka_feed8_rep1,kafka,sb-events-n10-feed8-rep1,71b87a61-6e42-47b4-b6be-ca855a10d871,3895074,30,15379808400,15379808500
concurrency_n10_20260613_002350_kafka_feed8_rep1,kafka,sb-events-n10-feed8-rep1,627a9ff5-4a44-4ca1-a183-ed241303d231,3895074,30,15379830400,15379830600
concurrency_n10_20260613_002350_kafka_feed8_rep1,kafka,sb-events-n10-feed8-rep1,b1ebe5e7-8980-4421-b068-c1b1a36c650d,3895134,30,15379851700,15379851900
concurrency_n10_20260613_002350_kafka_feed8_rep1,kafka,sb-events-n10-feed8-rep1,296e5f1d-e535-4774-b97f-5a38164d4b8f,3895095,30,15379872500,15379872600
concurrency_n10_20260613_002350_kafka_feed8_rep1,kafka,sb-events-n10-feed8-rep1,f7644a7f-0ac8-482f-9ec0-f722e6b7f072,3895086,31,15379893600,15379893800
concurrency_n10_20260613_002350_kafka_feed8_rep1,kafka,sb-events-n10-feed8-rep1,10ccacd2-12e9-4f5f-907e-988c1c25c90e,3895086,31,15379915300,15379915500
concurrency_n10_20260613_002350_kafka_feed8_rep1,kafka,sb-events-n10-feed8-rep1,2122e986-fc97-4fb7-82e7-52bbebd90352,3895095,31,15379937100,15379937300
concurrency_n10_20260613_002350_kafka_feed8_rep1,kafka,sb-events-n10-feed8-rep1,7ec1b841-0000-48ef-8b63-277239da3299,3895067,32,15379960200,15379960400
concurrency_n10_20260613_002350_kafka_feed8_rep1,kafka,sb-events-n10-feed8-rep1,3eaad870-8b07-4e98-b321-069674f3f82b,3895074,33,15565539400,15565540000
concurrency_n10_20260613_002350_kafka_feed8_rep1,kafka,sb-events-n10-feed8-rep1,4bdb4956-a093-46d2-98fe-109bb1fb1765,3895121,33,15565591400,15565591600
concurrency_n10_20260613_002350_kafka_feed8_rep1,kafka,sb-events-n10-feed8-rep1,85016910-7a46-41d7-9daa-e67ae1f50e97,3895086,33,15565616200,15565616600
concurrency_n10_20260613_002350_kafka_feed8_rep1,kafka,sb-events-n10-feed8-rep1,b1f40782-0844-4ca7-8a99-20694926c324,3895121,33,15565638300,15565638600
concurrency_n10_20260613_002350_kafka_feed8_rep1,kafka,sb-events-n10-feed8-rep1,f7ccc18b-f57d-473d-aef2-7b018211ff13,3895074,34,15565660600,15565660900
concurrency_n10_20260613_002350_kafka_feed8_rep1,kafka,sb-events-n10-feed8-rep1,343cc444-e0ab-43f0-a93f-66266b9dbea8,3895113,34,15565685700,15565685900
concurrency_n10_20260613_002350_kafka_feed8_rep1,kafka,sb-events-n10-feed8-rep1,1286483f-b0bf-4d49-9a2f-2233368aaa37,3895113,34,15565774200,15565774500
concurrency_n10_20260613_002350_kafka_feed8_rep1,kafka,sb-events-n10-feed8-rep1,d8bafa86-623c-428c-b507-6da8d83df984,3895060,35,15565803400,15565803600
concurrency_n10_20260613_002350_kafka_feed8_rep1,kafka,sb-events-n10-feed8-rep1,38e6d097-a9de-49da-b6cf-d57ea1fbdfa9,3895121,35,15565826200,15565826300
concurrency_n10_20260613_002350_kafka_feed8_rep1,kafka,sb-events-n10-feed8-rep1,90d289d6-4046-4fdb-9ea5-387717cb297d,3895113,35,15565848800,15565849000
concurrency_n10_20260613_002350_kafka_feed8_rep1,kafka,sb-events-n10-feed8-rep1,42c600fd-1ba8-4635-888b-d1c43e4642ca,3895121,36,15565870400,15565870600
concurrency_n10_20260613_002350_kafka_feed8_rep1,kafka,sb-events-n10-feed8-rep1,c375c660-a042-4e1d-9377-a3d8e9137b77,3895113,36,15565891800,15565892000
concurrency_n10_20260613_002350_kafka_feed8_rep1,kafka,sb-events-n10-feed8-rep1,06029eea-1721-442f-b067-5ea6dc7b0631,3895074,37,15565914400,15565914600
concurrency_n10_20260613_002350_kafka_feed8_rep1,kafka,sb-events-n10-feed8-rep1,acb76887-5356-44c9-bc8e-16b40dea5fdd,3895113,37,15565936700,15565936900
concurrency_n10_20260613_002350_kafka_feed8_rep1,kafka,sb-events-n10-feed8-rep1,26deaac5-4c1c-429d-bc3b-a714e513cc0c,3895060,38,15565958200,15565958300
concurrency_n10_20260613_002350_kafka_feed8_rep1,kafka,sb-events-n10-feed8-rep1,5647da51-88db-4e25-a864-8610b7aaea93,3895067,38,15565980300,15565980500
concurrency_n10_20260613_002350_kafka_feed8_rep1,kafka,sb-events-n10-feed8-rep1,12a36da3-d1f7-4490-a4f8-f4be3907a880,3895067,38,15566002100,15566002200
concurrency_n10_20260613_002350_kafka_feed8_rep1,kafka,sb-events-n10-feed8-rep1,bb7d9289-4044-46d8-8558-4f23cc40f18b,3895095,38,15566024900,15566025100
concurrency_n10_20260613_002350_kafka_feed8_rep1,kafka,sb-events-n10-feed8-rep1,191352f4-b6b1-4676-bb29-03561c51730b,3895107,38,15566154000,15566154200
concurrency_n10_20260613_002350_kafka_feed8_rep1,kafka,sb-events-n10-feed8-rep1,cea8c7fe-1b2f-4beb-9b6b-0c11f999b909,3895060,39,15566177800,15566178000
concurrency_n10_20260613_002350_kafka_feed8_rep1,kafka,sb-events-n10-feed8-rep1,22e32209-bb97-4c30-9b3b-beee02261e71,3895074,40,15566199700,15566199900
concurrency_n10_20260613_002350_kafka_feed8_rep1,kafka,sb-events-n10-feed8-rep1,75b3f799-6706-436e-bad8-445ccd64f4e2,3895095,40,15566221400,15566221800
concurrency_n10_20260613_002350_kafka_feed8_rep1,kafka,sb-events-n10-feed8-rep1,846dfbba-d9ca-4a4e-9f80-b12670b4085e,3895067,41,15566243500,15566243600
concurrency_n10_20260613_002350_kafka_feed8_rep1,kafka,sb-events-n10-feed8-rep1,932cd718-07b8-4f43-843a-040ea138a086,3895095,41,15566265600,15566265800
concurrency_n10_20260613_002350_kafka_feed8_rep1,kafka,sb-events-n10-feed8-rep1,92b772f2-c273-4ec4-a7e2-3d09c1452965,3895107,41,15566288000,15566288200
concurrency_n10_20260613_002350_kafka_feed8_rep1,kafka,sb-events-n10-feed8-rep1,e04b6836-a1e8-4472-b5ef-4f602b2c983e,3895067,42,15566309700,15566309900
concurrency_n10_20260613_002350_kafka_feed8_rep1,kafka,sb-events-n10-feed8-rep1,468623e8-7e76-4b78-b553-f607b9fb4b07,3895067,42,15566330600,15566330800
concurrency_n10_20260613_002350_kafka_feed8_rep1,kafka,sb-events-n10-feed8-rep1,747510a6-98ed-4a69-9400-5617988abdfa,3895060,42,15566351100,15566351300
concurrency_n10_20260613_002350_kafka_feed8_rep1,kafka,sb-events-n10-feed8-rep1,244fd2c8-b53e-4e9e-8f15-a3d4fc996e95,3895060,42,15566371900,15566372100
concurrency_n10_20260613_002350_kafka_feed8_rep1,kafka,sb-events-n10-feed8-rep1,4bbe9045-17fc-4dd4-b422-1b2c0b7f7c2d,3895086,42,15566393500,15566393600
concurrency_n10_20260613_002350_kafka_feed8_rep1,kafka,sb-events-n10-feed8-rep1,bf7dd8ff-3505-484f-b34a-1cfbd05f5203,3895086,43,15566414600,15566414800
concurrency_n10_20260613_002350_kafka_feed8_rep1,kafka,sb-events-n10-feed8-rep1,4334c761-3d76-4734-89ce-0d25fd4d1d5c,3895067,44,15566435900,15566436100
concurrency_n10_20260613_002350_kafka_feed8_rep1,kafka,sb-events-n10-feed8-rep1,de2f5dd9-8866-4731-8ba6-b62075693025,3895067,44,15566457000,15566457200
concurrency_n10_20260613_002350_kafka_feed8_rep1,kafka,sb-events-n10-feed8-rep1,e7838e3a-3874-4ca3-b660-ea74ef2c384d,3895060,45,15566478100,15566478200
concurrency_n10_20260613_002350_kafka_feed8_rep1,kafka,sb-events-n10-feed8-rep1,959b2e5b-016f-4594-9d72-537819b03bd8,3895086,45,15566499900,15566500000
concurrency_n10_20260613_002350_kafka_feed8_rep1,kafka,sb-events-n10-feed8-rep1,84b5ba76-8141-4875-82aa-039802b7b1e9,3895113,45,15566522100,15566522300
concurrency_n10_20260613_002350_kafka_feed8_rep1,kafka,sb-events-n10-feed8-rep1,89e0e216-29e0-4bad-b415-358338ffc09f,3895121,46,15566543100,15566543300
concurrency_n10_20260613_002350_kafka_feed8_rep1,kafka,sb-events-n10-feed8-rep1,fdc51a4b-28c8-4fce-84e7-171fe7b1d4b6,3895052,47,15566565000,15566565100
concurrency_n10_20260613_002350_kafka_feed8_rep1,kafka,sb-events-n10-feed8-rep1,5f268cd7-74fc-4aea-9caa-8cdf9d717648,3895067,48,15566586200,15566586400
concurrency_n10_20260613_002350_kafka_feed8_rep1,kafka,sb-events-n10-feed8-rep1,96bd8297-91b0-47fc-a7b2-2c433ec2e694,3895052,48,15566607200,15566607500
concurrency_n10_20260613_002350_kafka_feed8_rep1,kafka,sb-events-n10-feed8-rep1,fd3aeff8-4268-476c-9189-7980aa44e693,3895107,50,15566628900,15566629100
concurrency_n10_20260613_002350_kafka_feed8_rep1,kafka,sb-events-n10-feed8-rep1,671975c8-652d-4d37-a960-34ea283e6839,3895067,51,15566651000,15566651200
concurrency_n10_20260613_002350_kafka_feed8_rep1,kafka,sb-events-n10-feed8-rep1,cbe82ece-02bd-4fb5-9e40-ca8251b72ec7,3895086,51,15566699800,15566700000
concurrency_n10_20260613_002350_kafka_feed8_rep1,kafka,sb-events-n10-feed8-rep1,69bb4fa7-f177-49a8-9b19-7c01cd9d9a9c,3895052,0,16021570000,16021570500
concurrency_n10_20260613_002350_kafka_feed8_rep1,kafka,sb-events-n10-feed8-rep1,664c81bb-315d-4de4-86d5-f326eebf0684,3895074,0,16021614900,16021615100
concurrency_n10_20260613_002350_kafka_feed8_rep1,kafka,sb-events-n10-feed8-rep1,9103cd62-6a36-40c6-9f80-ab1f6d258133,3895095,0,16021634300,16021634500
concurrency_n10_20260613_002350_kafka_feed8_rep1,kafka,sb-events-n10-feed8-rep1,d593adb3-8980-46f6-b384-4a91f4ec01ba,3895067,0,16021652000,16021652200
concurrency_n10_20260613_002350_kafka_feed8_rep1,kafka,sb-events-n10-feed8-rep1,73376ffb-3f9f-4570-9b3e-c51d44315ef3,3895095,0,16021669000,16021669100
concurrency_n10_20260613_002350_kafka_feed8_rep1,kafka,sb-events-n10-feed8-rep1,8b3af8ba-e26c-40b0-8278-c3e4c7a925f8,3895086,0,16021686400,16021686500
concurrency_n10_20260613_002350_kafka_feed8_rep1,kafka,sb-events-n10-feed8-rep1,52a1e2ea-5b27-4cb1-9204-865583191956,3895095,0,16021704200,16021704300
concurrency_n10_20260613_002350_kafka_feed8_rep1,kafka,sb-events-n10-feed8-rep1,6d6ab3f4-8136-407c-a92f-3f8a6549abdd,3895113,0,16021721300,16021721500
concurrency_n10_20260613_002350_kafka_feed8_rep1,kafka,sb-events-n10-feed8-rep1,a281da9d-e3f4-43f1-ac2e-f46bbd04fed0,3895134,0,16021737900,16021738100
concurrency_n10_20260613_002350_kafka_feed8_rep1,kafka,sb-events-n10-feed8-rep1,ba22283a-c920-448c-804e-3737cccd9fff,3895052,0,16021755300,16021755400
concurrency_n10_20260613_002350_kafka_feed8_rep1,kafka,sb-events-n10-feed8-rep1,3b3a42a2-e2a1-49f8-9b77-5ec638303a06,3895060,0,16021771900,16021772000
concurrency_n10_20260613_002350_kafka_feed8_rep1,kafka,sb-events-n10-feed8-rep1,b795eae8-ba56-4343-8662-92a8da669bc5,3895086,0,16021788900,16021789100
concurrency_n10_20260613_002350_kafka_feed8_rep1,kafka,sb-events-n10-feed8-rep1,a7102458-910f-4583-b653-e3165351e124,3895095,0,16021811800,16021812200
concurrency_n10_20260613_002350_kafka_feed8_rep1,kafka,sb-events-n10-feed8-rep1,16252ec8-ab09-4119-bcf6-7fd6524f9128,3895074,0,16021840100,16021840300
concurrency_n10_20260613_002350_kafka_feed8_rep1,kafka,sb-events-n10-feed8-rep1,4a13ba2d-59ad-43d3-b567-6aee81422367,3895095,0,16021868900,16021869300
concurrency_n10_20260613_002350_kafka_feed8_rep1,kafka,sb-events-n10-feed8-rep1,1cdd596e-bf1f-4096-848a-a2a5db4fd313,3895121,0,16021896100,16021896300
concurrency_n10_20260613_002350_kafka_feed8_rep1,kafka,sb-events-n10-feed8-rep1,17c0df03-219a-4603-befe-8cd2f58d6d47,3895052,1,16021919400,16021919600
concurrency_n10_20260613_002350_kafka_feed8_rep1,kafka,sb-events-n10-feed8-rep1,b306ec30-5755-4017-861a-670617955a41,3895074,1,16021950900,16021951200
concurrency_n10_20260613_002350_kafka_feed8_rep1,kafka,sb-events-n10-feed8-rep1,2b7eff06-8d56-4f2c-bab1-076d4077ed10,3895074,1,16021976400,16021976700
concurrency_n10_20260613_002350_kafka_feed8_rep1,kafka,sb-events-n10-feed8-rep1,f69d0d63-6ad0-41ea-bcec-f1b86b886a83,3895095,2,16021997600,16021997800
concurrency_n10_20260613_002350_kafka_feed8_rep1,kafka,sb-events-n10-feed8-rep1,50dad646-a7c1-450b-8a63-2e2fd90b3cd1,3895134,2,16022019400,16022019600
concurrency_n10_20260613_002350_kafka_feed8_rep1,kafka,sb-events-n10-feed8-rep1,70432a35-52ff-429b-8a11-c47bba8fab19,3895060,2,16022047700,16022048100
concurrency_n10_20260613_002350_kafka_feed8_rep1,kafka,sb-events-n10-feed8-rep1,55321383-ae1f-407e-8f20-2524fd16d04a,3895086,2,16022081800,16022082200
concurrency_n10_20260613_002350_kafka_feed8_rep1,kafka,sb-events-n10-feed8-rep1,285e8e4a-7c84-4ca1-9688-d8b56d623cc2,3895095,2,16022111700,16022112100
concurrency_n10_20260613_002350_kafka_feed8_rep1,kafka,sb-events-n10-feed8-rep1,d6b118e9-dee4-4f3a-9046-2a086e85ca6b,3895074,2,16022141600,16022141900
concurrency_n10_20260613_002350_kafka_feed8_rep1,kafka,sb-events-n10-feed8-rep1,6acfcb07-7343-4821-aa28-a91f66140043,3895134,2,16022169600,16022169700
concurrency_n10_20260613_002350_kafka_feed8_rep1,kafka,sb-events-n10-feed8-rep1,080124d4-8c99-46a5-aaf3-9a935ccd1248,3895107,2,16022194000,16022194100
concurrency_n10_20260613_002350_kafka_feed8_rep1,kafka,sb-events-n10-feed8-rep1,e5f7cd6e-b6e9-4538-96f5-380ee1534325,3895107,2,16022219000,16022219300
concurrency_n10_20260613_002350_kafka_feed8_rep1,kafka,sb-events-n10-feed8-rep1,c5fa6ce0-df8d-42a2-8bdd-601d167d5ec1,3895121,3,16022547600,16022548000
concurrency_n10_20260613_002350_kafka_feed8_rep1,kafka,sb-events-n10-feed8-rep1,c5dd24ba-9256-48e3-b852-121bc71914e3,3895107,3,16022574800,16022575000
concurrency_n10_20260613_002350_kafka_feed8_rep1,kafka,sb-events-n10-feed8-rep1,c744951c-c660-4c83-8083-049bf85c8cbd,3895060,6,16022615900,16022616200
concurrency_n10_20260613_002350_kafka_feed8_rep1,kafka,sb-events-n10-feed8-rep1,39ec53e3-9bd4-4411-814d-6e1ede254aac,3895086,6,16022641300,16022641500
concurrency_n10_20260613_002350_kafka_feed8_rep1,kafka,sb-events-n10-feed8-rep1,39fe9846-f889-4790-956c-d8df633e77d5,3895074,7,16022662300,16022662500
concurrency_n10_20260613_002350_kafka_feed8_rep1,kafka,sb-events-n10-feed8-rep1,ff2841c0-d955-494b-a7a9-ac8bbb82ad73,3895113,7,16022767900,16022768100
concurrency_n10_20260613_002350_kafka_feed8_rep1,kafka,sb-events-n10-feed8-rep1,5af66cb7-f6a6-47cb-a57d-696dcdbe6716,3895113,7,16022856400,16022856800
concurrency_n10_20260613_002350_kafka_feed8_rep1,kafka,sb-events-n10-feed8-rep1,e8aa6b61-931b-4bf8-b329-cb66ffbd4313,3895074,7,16022998600,16022999000
concurrency_n10_20260613_002350_kafka_feed8_rep1,kafka,sb-events-n10-feed8-rep1,320e0bbb-8e37-429c-aa29-d58d9ae85075,3895067,8,16026092100,16026092400
concurrency_n10_20260613_002350_kafka_feed8_rep1,kafka,sb-events-n10-feed8-rep1,1d75ee1b-f1e8-43ab-a31d-cc0805acd5e2,3895052,8,16026141700,16026141900
concurrency_n10_20260613_002350_kafka_feed8_rep1,kafka,sb-events-n10-feed8-rep1,9d075ad4-9f9f-4e6f-a093-5919a1a920b3,3895074,9,16026165800,16026166000
concurrency_n10_20260613_002350_kafka_feed8_rep1,kafka,sb-events-n10-feed8-rep1,0427f1ec-ddae-4698-ab55-cc0403e01b74,3895095,9,16026188200,16026188400
concurrency_n10_20260613_002350_kafka_feed8_rep1,kafka,sb-events-n10-feed8-rep1,31528025-7c8a-4a3c-abf4-a6b496204f3f,3895074,9,16026210200,16026210400
concurrency_n10_20260613_002350_kafka_feed8_rep1,kafka,sb-events-n10-feed8-rep1,7aa7a387-f694-48d3-9239-56af7324dae2,3895060,10,16026230100,16026230200
concurrency_n10_20260613_002350_kafka_feed8_rep1,kafka,sb-events-n10-feed8-rep1,2fdcfc97-4f53-46be-ae4a-a5b67c508cf9,3895121,10,16026251000,16026251200
concurrency_n10_20260613_002350_kafka_feed8_rep1,kafka,sb-events-n10-feed8-rep1,d5a131da-001e-451d-94a2-16c8fddf1ae0,3895086,11,16026270500,16026270600
concurrency_n10_20260613_002350_kafka_feed8_rep1,kafka,sb-events-n10-feed8-rep1,177cc6d8-cc4d-4509-9a20-021f81a25de5,3895134,11,16027207200,16027208000
concurrency_n10_20260613_002350_kafka_feed8_rep1,kafka,sb-events-n10-feed8-rep1,429856a9-3da6-4b26-b2c7-bffd25ab0c19,3895113,11,16027288500,16027288800
concurrency_n10_20260613_002350_kafka_feed8_rep1,kafka,sb-events-n10-feed8-rep1,1e2eb1e6-7441-4fcb-b532-b7e4ff107657,3895086,12,16027316400,16027316700
concurrency_n10_20260613_002350_kafka_feed8_rep1,kafka,sb-events-n10-feed8-rep1,316981db-6e7f-44a0-999e-b56d5da36fd6,3895060,12,16027338800,16027339100
concurrency_n10_20260613_002350_kafka_feed8_rep1,kafka,sb-events-n10-feed8-rep1,817e0fb2-07b1-470b-9ad7-0bba4767e247,3895095,12,16027361800,16027362000
concurrency_n10_20260613_002350_kafka_feed8_rep1,kafka,sb-events-n10-feed8-rep1,5bdb34eb-55f0-4afa-b200-3172dc49c743,3895121,12,16027383300,16027383600
concurrency_n10_20260613_002350_kafka_feed8_rep1,kafka,sb-events-n10-feed8-rep1,01867a27-4aa7-42ac-ab96-6d7f49d8dcb8,3895134,12,16027624700,16027625100
concurrency_n10_20260613_002350_kafka_feed8_rep1,kafka,sb-events-n10-feed8-rep1,51fb02b5-26e7-43ac-8165-4ca01a5c46d6,3895113,12,16028961600,16028961800
concurrency_n10_20260613_002350_kafka_feed8_rep1,kafka,sb-events-n10-feed8-rep1,50fa5c47-ce69-41d3-bf4a-29b4f86d02fd,3895052,13,16028985700,16028985900
concurrency_n10_20260613_002350_kafka_feed8_rep1,kafka,sb-events-n10-feed8-rep1,e295f3e0-e0cc-4adc-91fa-062599b27d25,3895107,13,16029008400,16029008600
concurrency_n10_20260613_002350_kafka_feed8_rep1,kafka,sb-events-n10-feed8-rep1,d79cf0c7-e0cd-4718-a96e-2b06b1cb0bed,3895107,13,16029030300,16029030600
concurrency_n10_20260613_002350_kafka_feed8_rep1,kafka,sb-events-n10-feed8-rep1,d46689a3-08bd-4188-bc0d-6a6bace1f531,3895086,14,16029051000,16029051200
concurrency_n10_20260613_002350_kafka_feed8_rep1,kafka,sb-events-n10-feed8-rep1,93753357-15d4-4424-9899-669adf6f34ea,3895052,14,16029072000,16029072100
concurrency_n10_20260613_002350_kafka_feed8_rep1,kafka,sb-events-n10-feed8-rep1,1615450f-4d55-4fef-91d6-ab9f981c6185,3895095,14,16029092600,16029092800
concurrency_n10_20260613_002350_kafka_feed8_rep1,kafka,sb-events-n10-feed8-rep1,59d5f7d4-b2c8-4777-ad5d-f682a5be2482,3895074,14,16029115600,16029115900
concurrency_n10_20260613_002350_kafka_feed8_rep1,kafka,sb-events-n10-feed8-rep1,8d671e50-4b4d-4fcc-be94-351d53828756,3895107,15,16029138500,16029138700
concurrency_n10_20260613_002350_kafka_feed8_rep1,kafka,sb-events-n10-feed8-rep1,5891ef4b-5571-4b46-961f-60fcb3d5029b,3895095,15,16029355700,16029356100
concurrency_n10_20260613_002350_kafka_feed8_rep1,kafka,sb-events-n10-feed8-rep1,0ae08622-c5d6-4f51-ac0a-85c965101887,3895095,15,16029412900,16029413300
concurrency_n10_20260613_002350_kafka_feed8_rep1,kafka,sb-events-n10-feed8-rep1,b2aa3ef3-18c5-47bb-8d2b-ae0489efea39,3895134,16,16029445100,16029445300
concurrency_n10_20260613_002350_kafka_feed8_rep1,kafka,sb-events-n10-feed8-rep1,4453ce7d-4348-41a1-a86f-beae68288f76,3895074,16,16029469400,16029469600
concurrency_n10_20260613_002350_kafka_feed8_rep1,kafka,sb-events-n10-feed8-rep1,6099cc29-0d11-4fee-9d00-ce786f36eca9,3895113,17,16029489700,16029489900
concurrency_n10_20260613_002350_kafka_feed8_rep1,kafka,sb-events-n10-feed8-rep1,c4f630f3-cffd-4397-a545-146b8ed79cba,3895095,17,16029509900,16029510100
concurrency_n10_20260613_002350_kafka_feed8_rep1,kafka,sb-events-n10-feed8-rep1,a2d472e0-2844-401d-94b3-333c820b3d2d,3895086,18,16029634300,16029634700
concurrency_n10_20260613_002350_kafka_feed8_rep1,kafka,sb-events-n10-feed8-rep1,a3d8c0c0-3e97-47d3-8bee-8eba75a19ae8,3895086,18,16029671600,16029671900
concurrency_n10_20260613_002350_kafka_feed8_rep1,kafka,sb-events-n10-feed8-rep1,415243ce-3849-4896-9be1-75365ad90b78,3895134,18,16029701900,16029702300
concurrency_n10_20260613_002350_kafka_feed8_rep1,kafka,sb-events-n10-feed8-rep1,b4c2c8e7-ca1b-4d18-863e-e58021f75654,3895086,18,16029724400,16029724600
concurrency_n10_20260613_002350_kafka_feed8_rep1,kafka,sb-events-n10-feed8-rep1,0419e708-847b-4ff2-a6f7-50031b3683e4,3895107,18,16029745100,16029745300
concurrency_n10_20260613_002350_kafka_feed8_rep1,kafka,sb-events-n10-feed8-rep1,f9096f10-3921-40be-bcaa-d7439f4bef6c,3895134,18,16029765000,16029765200
concurrency_n10_20260613_002350_kafka_feed8_rep1,kafka,sb-events-n10-feed8-rep1,08a00791-17e3-4e67-acbb-494c7c518e23,3895095,18,16030084900,16030085300
concurrency_n10_20260613_002350_kafka_feed8_rep1,kafka,sb-events-n10-feed8-rep1,4acda0ae-ebda-4589-806c-c3233063335e,3895107,19,16030323600,16030324000
concurrency_n10_20260613_002350_kafka_feed8_rep1,kafka,sb-events-n10-feed8-rep1,fbeffccf-f6ec-4792-812e-6aa5f8535b6c,3895134,19,16030432300,16030432600
concurrency_n10_20260613_002350_kafka_feed8_rep1,kafka,sb-events-n10-feed8-rep1,9adb3957-42ed-4d0a-80fc-38ad27500ee0,3895113,20,16030461900,16030462100
concurrency_n10_20260613_002350_kafka_feed8_rep1,kafka,sb-events-n10-feed8-rep1,04f7f325-bfc0-4731-a32f-7f8232c8296e,3895121,20,16030658200,16030658500
concurrency_n10_20260613_002350_kafka_feed8_rep1,kafka,sb-events-n10-feed8-rep1,5bd4ec7d-4d90-4a2d-bcea-2fe45009e3e5,3895113,20,16030686600,16030686800
concurrency_n10_20260613_002350_kafka_feed8_rep1,kafka,sb-events-n10-feed8-rep1,d2616640-d066-4175-a00a-35d3db6e7ef0,3895134,21,16030709500,16030709700
concurrency_n10_20260613_002350_kafka_feed8_rep1,kafka,sb-events-n10-feed8-rep1,d0a1094c-65af-4a38-8aa7-a18ff8210a8e,3895107,21,16031196200,16031196700
concurrency_n10_20260613_002350_kafka_feed8_rep1,kafka,sb-events-n10-feed8-rep1,13cdffc6-1a64-46ed-9d46-9d52584911eb,3895095,21,16031460400,16031460800
concurrency_n10_20260613_002350_kafka_feed8_rep1,kafka,sb-events-n10-feed8-rep1,9a40ee6a-81c2-48c1-b86d-7b611f1cbad9,3895052,22,16031566500,16031566800
concurrency_n10_20260613_002350_kafka_feed8_rep1,kafka,sb-events-n10-feed8-rep1,13033282-511b-44a2-bdfb-112ad4f2cbe2,3895107,22,16032158800,16032159000
concurrency_n10_20260613_002350_kafka_feed8_rep1,kafka,sb-events-n10-feed8-rep1,b718de1e-9955-427d-a714-9612b515b37f,3895060,23,16032185700,16032186000
concurrency_n10_20260613_002350_kafka_feed8_rep1,kafka,sb-events-n10-feed8-rep1,cb77e8ab-344f-468f-81fa-a6da694d993e,3895095,23,16032407800,16032408300
concurrency_n10_20260613_002350_kafka_feed8_rep1,kafka,sb-events-n10-feed8-rep1,a815f844-803f-46d0-98ef-cb7d3aca3c8b,3895067,25,16032441300,16032441600
concurrency_n10_20260613_002350_kafka_feed8_rep1,kafka,sb-events-n10-feed8-rep1,4a4a7e44-43c5-44e2-bf4c-ca1637daea87,3895107,26,16032472600,16032472900
concurrency_n10_20260613_002350_kafka_feed8_rep1,kafka,sb-events-n10-feed8-rep1,2c82e5ca-792d-4700-8f46-ad27ebbb3545,3895107,26,16032497600,16032497800
concurrency_n10_20260613_002350_kafka_feed8_rep1,kafka,sb-events-n10-feed8-rep1,10df0432-33a1-4c21-9b36-dc9a9488ba69,3895067,27,16032518700,16032518900
concurrency_n10_20260613_002350_kafka_feed8_rep1,kafka,sb-events-n10-feed8-rep1,cfe9b540-ca3b-4aad-b553-0674713203bb,3895113,27,16032541000,16032541200
concurrency_n10_20260613_002350_kafka_feed8_rep1,kafka,sb-events-n10-feed8-rep1,87c20b3f-2fe3-4696-b387-5997a79262eb,3895052,27,16032563300,16032563500
concurrency_n10_20260613_002350_kafka_feed8_rep1,kafka,sb-events-n10-feed8-rep1,12eedca2-420b-4b01-a81d-12b847d2f8a6,3895107,27,16032587700,16032588000
concurrency_n10_20260613_002350_kafka_feed8_rep1,kafka,sb-events-n10-feed8-rep1,b343f95e-f220-4957-afda-b760c0859784,3895107,27,16032642900,16032643300
concurrency_n10_20260613_002350_kafka_feed8_rep1,kafka,sb-events-n10-feed8-rep1,d4611d70-d895-41fc-95ab-a1c65347c86b,3895095,28,16032671900,16032672200
concurrency_n10_20260613_002350_kafka_feed8_rep1,kafka,sb-events-n10-feed8-rep1,f2148745-955f-4ae6-99fc-7eea72344f5c,3895052,28,16032779600,16032779900
concurrency_n10_20260613_002350_kafka_feed8_rep1,kafka,sb-events-n10-feed8-rep1,6b3357d7-8b5b-4068-944b-8abb2b0458ff,3895086,29,16032805900,16032806200
concurrency_n10_20260613_002350_kafka_feed8_rep1,kafka,sb-events-n10-feed8-rep1,ae5bee75-9e2e-4cae-8851-9bc9f0cc7b5a,3895095,29,16032842200,16032842400
concurrency_n10_20260613_002350_kafka_feed8_rep1,kafka,sb-events-n10-feed8-rep1,ee3252c0-e79b-495e-ae80-583351179971,3895113,29,16032896000,16032896400
concurrency_n10_20260613_002350_kafka_feed8_rep1,kafka,sb-events-n10-feed8-rep1,19f46068-5944-4812-bfac-1e1aa46413fb,3895113,29,16032930700,16032931100
concurrency_n10_20260613_002350_kafka_feed8_rep1,kafka,sb-events-n10-feed8-rep1,0eb76ef4-ed2e-4a58-b18f-6a3f6722f9e1,3895074,30,16051098100,16051099000
concurrency_n10_20260613_002350_kafka_feed8_rep1,kafka,sb-events-n10-feed8-rep1,b3acab4e-f147-4ab7-8b84-8d90f00ed126,3895067,31,16051148600,16051148900
concurrency_n10_20260613_002350_kafka_feed8_rep1,kafka,sb-events-n10-feed8-rep1,e06cfc4c-9c3c-4733-a711-b3d88fad8f32,3895086,31,16051173100,16051173300
concurrency_n10_20260613_002350_kafka_feed8_rep1,kafka,sb-events-n10-feed8-rep1,5139bbac-6a19-4cef-956b-a1a6c0e36dbc,3895095,31,16051193900,16051194100
concurrency_n10_20260613_002350_kafka_feed8_rep1,kafka,sb-events-n10-feed8-rep1,8dd23275-eba9-4971-bce5-da81859b6b2e,3895121,32,16051216100,16051216300
concurrency_n10_20260613_002350_kafka_feed8_rep1,kafka,sb-events-n10-feed8-rep1,b858f0f4-ba17-4962-b947-b84799009462,3895113,32,16051239400,16051239600
concurrency_n10_20260613_002350_kafka_feed8_rep1,kafka,sb-events-n10-feed8-rep1,592d4541-7545-4895-bb90-16cd88fd6bf2,3895121,33,16051260700,16051260800
concurrency_n10_20260613_002350_kafka_feed8_rep1,kafka,sb-events-n10-feed8-rep1,4dd4ac95-4164-4d15-8e70-836f84f12a8a,3895121,33,16051280700,16051280800
concurrency_n10_20260613_002350_kafka_feed8_rep1,kafka,sb-events-n10-feed8-rep1,d9e6bd9b-89d4-45ee-85fc-00900e577173,3895121,33,16051300900,16051301100
concurrency_n10_20260613_002350_kafka_feed8_rep1,kafka,sb-events-n10-feed8-rep1,35c75d8f-f13e-4940-8843-96202930c58c,3895121,34,16051386700,16051387000
concurrency_n10_20260613_002350_kafka_feed8_rep1,kafka,sb-events-n10-feed8-rep1,d97ce31d-b6bd-454f-b4f3-583b06b5b821,3895113,34,16051413500,16051413800
concurrency_n10_20260613_002350_kafka_feed8_rep1,kafka,sb-events-n10-feed8-rep1,5e8cf1bd-a044-4542-b2bf-cac8667f4322,3895113,35,16051438600,16051438800
concurrency_n10_20260613_002350_kafka_feed8_rep1,kafka,sb-events-n10-feed8-rep1,edd5ce07-d5a1-480e-b4b3-d3cfe453d008,3895113,35,16051462900,16051463100
concurrency_n10_20260613_002350_kafka_feed8_rep1,kafka,sb-events-n10-feed8-rep1,d5f49005-e164-4a56-b36c-8e788d813b4c,3895086,36,16051487900,16051488100
concurrency_n10_20260613_002350_kafka_feed8_rep1,kafka,sb-events-n10-feed8-rep1,956dc981-5c22-41fc-800c-123fe8ce5e4a,3895113,36,16051508800,16051509000
concurrency_n10_20260613_002350_kafka_feed8_rep1,kafka,sb-events-n10-feed8-rep1,2385fdd1-5767-4de2-9c4b-54ed4e9d1e43,3895067,37,16051531200,16051531400
concurrency_n10_20260613_002350_kafka_feed8_rep1,kafka,sb-events-n10-feed8-rep1,68b68600-4736-4bb8-96f4-4648b096d2ad,3895074,37,16051553100,16051553200
concurrency_n10_20260613_002350_kafka_feed8_rep1,kafka,sb-events-n10-feed8-rep1,325e9b33-e862-4822-88ad-25bff06d2c07,3895121,37,16051573900,16051574100
concurrency_n10_20260613_002350_kafka_feed8_rep1,kafka,sb-events-n10-feed8-rep1,90e3b280-77a2-42f8-80a1-789498a383d1,3895060,39,16051595500,16051595700
concurrency_n10_20260613_002350_kafka_feed8_rep1,kafka,sb-events-n10-feed8-rep1,58ddef64-ed5b-4758-911b-9cc6f9bc3ab0,3895121,39,16051615200,16051615500
concurrency_n10_20260613_002350_kafka_feed8_rep1,kafka,sb-events-n10-feed8-rep1,220cb931-5cd7-4c7b-8fc0-6550c89e4b6b,3895113,39,16051633600,16051633800
concurrency_n10_20260613_002350_kafka_feed8_rep1,kafka,sb-events-n10-feed8-rep1,fb37f522-69f3-458c-96f4-574410785219,3895121,39,16051652000,16051652200
concurrency_n10_20260613_002350_kafka_feed8_rep1,kafka,sb-events-n10-feed8-rep1,f85aeff4-b9ad-4127-9dd6-ee22d8df6683,3895107,39,16051671700,16051671900
concurrency_n10_20260613_002350_kafka_feed8_rep1,kafka,sb-events-n10-feed8-rep1,dc60fe07-6cc5-473b-8ccf-9bf00e152a49,3895086,40,16051690400,16051690500
concurrency_n10_20260613_002350_kafka_feed8_rep1,kafka,sb-events-n10-feed8-rep1,d63c807a-8016-408b-8ede-1c8b62314bd2,3895095,41,16051713300,16051713500
concurrency_n10_20260613_002350_kafka_feed8_rep1,kafka,sb-events-n10-feed8-rep1,b6b79bd5-83a0-45aa-ae80-3d1d5e30a83f,3895095,41,16051738900,16051739200
concurrency_n10_20260613_002350_kafka_feed8_rep1,kafka,sb-events-n10-feed8-rep1,0bcbb10c-b3c8-406b-be58-ce0986f273ae,3895095,41,16051771300,16051771600
concurrency_n10_20260613_002350_kafka_feed8_rep1,kafka,sb-events-n10-feed8-rep1,e2fec3bf-0acb-49b9-9afa-4d4a4ecce0c1,3895107,41,16051799500,16051799700
concurrency_n10_20260613_002350_kafka_feed8_rep1,kafka,sb-events-n10-feed8-rep1,65a00927-90a1-4c33-a35c-363da5bcaaeb,3895060,42,16051824100,16051824300
concurrency_n10_20260613_002350_kafka_feed8_rep1,kafka,sb-events-n10-feed8-rep1,f5acbdd4-0316-4e8d-b8d1-48c192aba5ba,3895060,42,16051850500,16051850700
concurrency_n10_20260613_002350_kafka_feed8_rep1,kafka,sb-events-n10-feed8-rep1,ee5e44ed-cec3-40a9-b760-3312d3d02746,3895086,42,16051880500,16051880800
concurrency_n10_20260613_002350_kafka_feed8_rep1,kafka,sb-events-n10-feed8-rep1,88b6503f-b7ef-4671-8e00-5ce2fc49c9f7,3895107,42,16051913600,16051913800
concurrency_n10_20260613_002350_kafka_feed8_rep1,kafka,sb-events-n10-feed8-rep1,0ada3c93-0dea-44b3-838b-308d7032cb53,3895134,43,16051938900,16051939100
concurrency_n10_20260613_002350_kafka_feed8_rep1,kafka,sb-events-n10-feed8-rep1,33f17635-b8f6-4118-a3df-72500fc4136b,3895060,43,16051967100,16051967400
concurrency_n10_20260613_002350_kafka_feed8_rep1,kafka,sb-events-n10-feed8-rep1,e04ea77c-949a-42c1-a58b-9b2cd5ec3f86,3895086,43,16052070700,16052071100
concurrency_n10_20260613_002350_kafka_feed8_rep1,kafka,sb-events-n10-feed8-rep1,e607fbaf-57c6-46a5-9065-cd6ef1483ee7,3895060,44,16052154900,16052155100
concurrency_n10_20260613_002350_kafka_feed8_rep1,kafka,sb-events-n10-feed8-rep1,6e6d3a04-3b2d-4594-912c-ef552bb70b66,3895121,44,16052180400,16052180700
concurrency_n10_20260613_002350_kafka_feed8_rep1,kafka,sb-events-n10-feed8-rep1,43d448f5-3161-4484-a1e9-7ead8dbb8df2,3895113,45,16052205500,16052205700
concurrency_n10_20260613_002350_kafka_feed8_rep1,kafka,sb-events-n10-feed8-rep1,87666b3c-fae0-4ec8-a71d-c2d3be7beb84,3895052,46,16052228600,16052228800
concurrency_n10_20260613_002350_kafka_feed8_rep1,kafka,sb-events-n10-feed8-rep1,351f7fc6-14b7-46ba-9fb9-04f41961ded3,3895052,47,16052251200,16052251400
concurrency_n10_20260613_002350_kafka_feed8_rep1,kafka,sb-events-n10-feed8-rep1,f2ada232-d480-4ba1-abd7-75e39f0030a3,3895060,47,16052272800,16052273000
concurrency_n10_20260613_002350_kafka_feed8_rep1,kafka,sb-events-n10-feed8-rep1,79dceb5a-d57a-4e48-9857-49a39de9e10c,3895060,47,16052295000,16052295200
concurrency_n10_20260613_002350_kafka_feed8_rep1,kafka,sb-events-n10-feed8-rep1,0c0f4cd0-cd24-4049-a9c1-842b9ce36562,3895060,47,16052317600,16052317800
concurrency_n10_20260613_002350_kafka_feed8_rep1,kafka,sb-events-n10-feed8-rep1,dc5c5cf4-f423-403a-b51c-979540ef7622,3895060,49,16052340300,16052340400
concurrency_n10_20260613_002350_kafka_feed8_rep1,kafka,sb-events-n10-feed8-rep1,1a55229e-3379-44ed-a2d0-4c24a2d6169a,3895060,49,16052361700,16052361900
concurrency_n10_20260613_002350_kafka_feed8_rep1,kafka,sb-events-n10-feed8-rep1,fac5aea2-5596-489a-968e-56f16712940d,3895107,49,16052429300,16052429600
concurrency_n10_20260613_002350_kafka_feed8_rep1,kafka,sb-events-n10-feed8-rep1,efcf17d5-c042-4aaf-b0d7-93d7c93295e4,3895067,50,16052466100,16052466400
concurrency_n10_20260613_002350_kafka_feed8_rep1,kafka,sb-events-n10-feed8-rep1,e3fd3a05-da3c-47a0-a92c-2719348c579e,3895052,50,16052494100,16052494400
concurrency_n10_20260613_002350_kafka_feed8_rep1,kafka,sb-events-n10-feed8-rep1,3aac7306-7a20-48a5-899a-01fd2c81174c,3895086,50,16052518500,16052518800
concurrency_n10_20260613_002350_kafka_feed8_rep1,kafka,sb-events-n10-feed8-rep1,dd68b07e-7dda-40cd-be54-f8f588fb2d65,3895067,51,16052541500,16052541700
concurrency_n10_20260613_002350_kafka_feed8_rep1,kafka,sb-events-n10-feed8-rep1,77377af1-c630-4e85-8bdb-0ca5557b3287,3895107,51,16052562800,16052563000
concurrency_n10_20260613_002350_kafka_feed8_rep1,kafka,sb-events-n10-feed8-rep1,ee90bada-1c6b-428a-aacb-049c3b7d8627,3895107,51,16052582700,16052582800
concurrency_n10_20260613_002350_kafka_feed8_rep1,kafka,sb-events-n10-feed8-rep1,7b0bb4e0-11e8-47ec-b963-780b060ecd67,3895107,51,16052601700,16052601900
concurrency_n10_20260613_002350_kafka_feed8_rep1,kafka,sb-events-n10-feed8-rep1,b6598ae5-294f-495f-8871-3ed5da30a210,3895067,52,16072352400,16072353000
concurrency_n10_20260613_002350_kafka_feed8_rep1,kafka,sb-events-n10-feed8-rep1,6258c422-389a-4b00-9a65-a893eb7f7fbd,3895067,52,16072398900,16072399200
concurrency_n10_20260613_002350_kafka_feed8_rep1,kafka,sb-events-n10-feed8-rep1,439b5ce9-bc81-47ba-8976-7bcd6b7de738,3895052,53,16072420900,16072421100
concurrency_n10_20260613_002350_kafka_feed8_rep1,kafka,sb-events-n10-feed8-rep1,e9064962-a3ad-4469-be2a-58f85fcc0a21,3895067,53,16072440600,16072440700
concurrency_n10_20260613_002350_kafka_feed8_rep1,kafka,sb-events-n10-feed8-rep1,ded4b97c-05de-492d-afdf-293ace2b3224,3895134,54,16072459500,16072459600
concurrency_n10_20260613_002350_kafka_feed8_rep1,kafka,sb-events-n10-feed8-rep1,a2f0fa0d-a8be-4dae-886f-c4f1e40c1b23,3895060,54,16072478400,16072478500
concurrency_n10_20260613_002350_kafka_feed8_rep1,kafka,sb-events-n10-feed8-rep1,b9207043-5322-448b-9124-e5f49b7edaf7,3895086,54,16072496700,16072496800
concurrency_n10_20260613_002350_kafka_feed8_rep1,kafka,sb-events-n10-feed8-rep1,f39a69f5-2e2b-496a-9f94-591e8b152d22,3895067,55,16072514700,16072514900
concurrency_n10_20260613_002350_kafka_feed8_rep1,kafka,sb-events-n10-feed8-rep1,437f9130-077f-43ac-81f2-d1c218161259,3895052,55,16072534200,16072534400
concurrency_n10_20260613_002350_kafka_feed8_rep1,kafka,sb-events-n10-feed8-rep1,def5f329-5561-402c-a454-962f20833a5e,3895052,55,16072553700,16072553900
concurrency_n10_20260613_002350_kafka_feed8_rep1,kafka,sb-events-n10-feed8-rep1,86442978-c9ac-4f8b-a277-3c2aea80938f,3895086,55,16072572300,16072572400
concurrency_n10_20260613_002350_kafka_feed8_rep1,kafka,sb-events-n10-feed8-rep1,db2260b8-339c-4012-80d4-af54e4fefdb1,3895107,55,16072590400,16072590600
concurrency_n10_20260613_002350_kafka_feed8_rep1,kafka,sb-events-n10-feed8-rep1,e7e4cb72-ce69-4bab-b7d1-1bfaf6e47af1,3895107,55,16072609300,16072609500
concurrency_n10_20260613_002350_kafka_feed8_rep1,kafka,sb-events-n10-feed8-rep1,437249ff-c7a3-4486-836a-2c9089708413,3895074,56,16072628500,16072628600
concurrency_n10_20260613_002350_kafka_feed8_rep1,kafka,sb-events-n10-feed8-rep1,f90ccdda-1623-4c46-83d7-a93b10bbb095,3895134,56,16072646800,16072646900
concurrency_n10_20260613_002350_kafka_feed8_rep1,kafka,sb-events-n10-feed8-rep1,d38e730e-330c-42a9-8889-f2b613aae2a5,3895134,56,16072665000,16072665100
concurrency_n10_20260613_002350_kafka_feed8_rep1,kafka,sb-events-n10-feed8-rep1,842b2425-b726-4944-88b7-6e59c5144f28,3895052,56,16072684800,16072685000
concurrency_n10_20260613_002350_kafka_feed8_rep1,kafka,sb-events-n10-feed8-rep1,2c6c5867-a9c6-45c0-b53b-8f50c49f7e92,3895113,32,16072787400,16072787900
concurrency_n10_20260613_002350_kafka_feed8_rep1,kafka,sb-events-n10-feed8-rep1,bab99ff3-3588-4401-a890-bdf6608b9a48,3895107,32,16072829200,16072829500
concurrency_n10_20260613_002350_kafka_feed8_rep1,kafka,sb-events-n10-feed8-rep1,c1ae8433-3128-4a28-aae7-22525204f668,3895067,33,16072855500,16072855700
concurrency_n10_20260613_002350_kafka_feed8_rep1,kafka,sb-events-n10-feed8-rep1,a5ee5014-88eb-46e6-994c-e1ba365efbb1,3895121,33,16072877300,16072877500
concurrency_n10_20260613_002350_kafka_feed8_rep1,kafka,sb-events-n10-feed8-rep1,02c211e4-b3bf-4022-be9f-fc5e3d0f59b6,3895086,33,16072964000,16072964400
concurrency_n10_20260613_002350_kafka_feed8_rep1,kafka,sb-events-n10-feed8-rep1,5452081a-96f0-4852-86c5-8e0190c4ce6c,3895107,33,16072994800,16072995100
concurrency_n10_20260613_002350_kafka_feed8_rep1,kafka,sb-events-n10-feed8-rep1,db85ec6b-1a44-4182-96fb-36516fe277aa,3895107,33,16073024600,16073025000
concurrency_n10_20260613_002350_kafka_feed8_rep1,kafka,sb-events-n10-feed8-rep1,92c1b7bb-eaee-47f1-bb28-3688ba247c98,3895060,34,16073052200,16073052400
concurrency_n10_20260613_002350_kafka_feed8_rep1,kafka,sb-events-n10-feed8-rep1,3d40db80-19ae-4784-9115-8a64c8382f1f,3895074,34,16073077000,16073077200
concurrency_n10_20260613_002350_kafka_feed8_rep1,kafka,sb-events-n10-feed8-rep1,db104f0b-4bee-4708-8598-d5233acbfd34,3895107,34,16073100900,16073101100
concurrency_n10_20260613_002350_kafka_feed8_rep1,kafka,sb-events-n10-feed8-rep1,8a9895c6-a43d-4488-b3c3-826e7813c15e,3895060,35,16073125200,16073125400
concurrency_n10_20260613_002350_kafka_feed8_rep1,kafka,sb-events-n10-feed8-rep1,32090cac-d662-4ecc-99e0-ac0e4575877f,3895113,36,16073215200,16073215500
concurrency_n10_20260613_002350_kafka_feed8_rep1,kafka,sb-events-n10-feed8-rep1,345213be-58bb-4752-82aa-82a0cd026971,3895121,37,16073240200,16073240400
concurrency_n10_20260613_002350_kafka_feed8_rep1,kafka,sb-events-n10-feed8-rep1,26e2822c-be09-429f-b5e1-9478a147e355,3895121,37,16073260700,16073260900
concurrency_n10_20260613_002350_kafka_feed8_rep1,kafka,sb-events-n10-feed8-rep1,6fa24066-9ea3-4e9f-83cb-2c9bf05e6167,3895121,37,16073281000,16073281200
concurrency_n10_20260613_002350_kafka_feed8_rep1,kafka,sb-events-n10-feed8-rep1,59f60e75-1337-46d7-bc7c-676bad3acc07,3895060,39,16073300600,16073300900
concurrency_n10_20260613_002350_kafka_feed8_rep1,kafka,sb-events-n10-feed8-rep1,00da8b93-dab3-460e-b1e5-1ee467331388,3895095,39,16073325500,16073325800
concurrency_n10_20260613_002350_kafka_feed8_rep1,kafka,sb-events-n10-feed8-rep1,91c32868-e70e-4b6a-a7ce-6723528ed7e8,3895095,39,16073356100,16073356500
concurrency_n10_20260613_002350_kafka_feed8_rep1,kafka,sb-events-n10-feed8-rep1,bfd7ab2d-8af5-4ae1-a8a2-c438e0ecf01d,3895121,39,16073661600,16073662000
concurrency_n10_20260613_002350_kafka_feed8_rep1,kafka,sb-events-n10-feed8-rep1,4b550bc1-31ac-4914-8a11-29a4cecb6380,3895113,39,16073694800,16073695100
concurrency_n10_20260613_002350_kafka_feed8_rep1,kafka,sb-events-n10-feed8-rep1,e435a0b9-4c8a-4470-b59a-5ec58d706789,3895060,40,16073720100,16073720300
concurrency_n10_20260613_002350_kafka_feed8_rep1,kafka,sb-events-n10-feed8-rep1,42c834c5-484a-4ac0-8d9f-0bd7f0b4ae95,3895086,40,16073743800,16073744000
concurrency_n10_20260613_002350_kafka_feed8_rep1,kafka,sb-events-n10-feed8-rep1,b20d045a-73cb-4eab-8dfc-bc07269ce986,3895060,41,16075296400,16075296800
concurrency_n10_20260613_002350_kafka_feed8_rep1,kafka,sb-events-n10-feed8-rep1,998ca3a4-a5cc-4a15-9c36-122431d2f843,3895060,41,16075325900,16075326100
concurrency_n10_20260613_002350_kafka_feed8_rep1,kafka,sb-events-n10-feed8-rep1,61c32a5d-7d5c-4b88-a59b-8e5ebed5e25c,3895060,41,16075348000,16075348100
concurrency_n10_20260613_002350_kafka_feed8_rep1,kafka,sb-events-n10-feed8-rep1,d4bf08dc-9205-4261-8876-566102e23931,3895060,41,16075368700,16075368800
concurrency_n10_20260613_002350_kafka_feed8_rep1,kafka,sb-events-n10-feed8-rep1,f9d31109-d4a2-4fbf-b479-d10ce5b80123,3895095,41,16075390500,16075390700
concurrency_n10_20260613_002350_kafka_feed8_rep1,kafka,sb-events-n10-feed8-rep1,5ec55ad0-1494-4ad7-9fdd-7226078bb2db,3895067,42,16075415600,16075416000
concurrency_n10_20260613_002350_kafka_feed8_rep1,kafka,sb-events-n10-feed8-rep1,13e3148f-e1f5-46b5-929a-d4dc6755ebf6,3895067,42,16075450900,16075451200
concurrency_n10_20260613_002350_kafka_feed8_rep1,kafka,sb-events-n10-feed8-rep1,b7857dd2-503f-47c6-a8b4-71291a3e9b6c,3895121,42,16075485700,16075486000
concurrency_n10_20260613_002350_kafka_feed8_rep1,kafka,sb-events-n10-feed8-rep1,02d38453-def0-4dfb-8f41-809f0d0ee531,3895113,42,16075518900,16075519200
concurrency_n10_20260613_002350_kafka_feed8_rep1,kafka,sb-events-n10-feed8-rep1,490ee852-fb5c-4bc5-9ad4-60c7fa3aeb35,3895060,43,16075549900,16075550200
concurrency_n10_20260613_002350_kafka_feed8_rep1,kafka,sb-events-n10-feed8-rep1,e2b37f00-81ce-493d-9f04-3b60b2d08ff3,3895060,43,16075581300,16075581600
concurrency_n10_20260613_002350_kafka_feed8_rep1,kafka,sb-events-n10-feed8-rep1,ea294bae-9cde-4a49-ba92-8de0e5558724,3895086,43,16075609200,16075609400
concurrency_n10_20260613_002350_kafka_feed8_rep1,kafka,sb-events-n10-feed8-rep1,7e09cb25-daea-481e-a291-444a2e190a68,3895113,43,16075638900,16075639200
concurrency_n10_20260613_002350_kafka_feed8_rep1,kafka,sb-events-n10-feed8-rep1,b081c486-1265-44bc-9b1e-bdbab86027bc,3895060,44,16075668900,16075669100
concurrency_n10_20260613_002350_kafka_feed8_rep1,kafka,sb-events-n10-feed8-rep1,1294206e-9663-4a6b-9df5-c439b597a356,3895086,44,16075701000,16075701300
concurrency_n10_20260613_002350_kafka_feed8_rep1,kafka,sb-events-n10-feed8-rep1,b7d0f261-5334-4d69-96af-25ae011560ca,3895121,44,16075733000,16075733300
concurrency_n10_20260613_002350_kafka_feed8_rep1,kafka,sb-events-n10-feed8-rep1,6bfc5905-fd3d-4a0f-8dd4-e66a22373576,3895134,45,16075769500,16075769900
concurrency_n10_20260613_002350_kafka_feed8_rep1,kafka,sb-events-n10-feed8-rep1,2083aef2-6d41-4a34-8a5a-4a3775a71852,3895134,45,16075802200,16075802500
concurrency_n10_20260613_002350_kafka_feed8_rep1,kafka,sb-events-n10-feed8-rep1,58cdc1d1-788b-4e0b-a07b-84d6db9ad04b,3895086,45,16075836800,16075837100
concurrency_n10_20260613_002350_kafka_feed8_rep1,kafka,sb-events-n10-feed8-rep1,7baac0c7-203d-4e43-89f7-7d482a26ee0d,3895121,45,16075869500,16075869800
concurrency_n10_20260613_002350_kafka_feed8_rep1,kafka,sb-events-n10-feed8-rep1,31bf416b-2f8b-436b-a233-07d16a05f948,3895113,45,16075903000,16075903300
concurrency_n10_20260613_002350_kafka_feed8_rep1,kafka,sb-events-n10-feed8-rep1,533800e7-a633-4c16-989e-88d349c01143,3895113,46,16076050700,16076051000
concurrency_n10_20260613_002350_kafka_feed8_rep1,kafka,sb-events-n10-feed8-rep1,04713f82-6bc1-4e6b-904b-eb4fd56d5eb3,3895067,48,16076074500,16076074700
concurrency_n10_20260613_002350_kafka_feed8_rep1,kafka,sb-events-n10-feed8-rep1,76fa657c-52d9-444e-8432-b36a4d76771f,3895067,48,16076094300,16076094500
concurrency_n10_20260613_002350_kafka_feed8_rep1,kafka,sb-events-n10-feed8-rep1,8d0349fb-568c-440c-9069-42adbf1f9c3a,3895052,48,16076113700,16076113800
concurrency_n10_20260613_002350_kafka_feed8_rep1,kafka,sb-events-n10-feed8-rep1,f5c259e0-c5c7-49b0-9c59-02585ab58986,3895086,48,16076186500,16076186600
concurrency_n10_20260613_002350_kafka_feed8_rep1,kafka,sb-events-n10-feed8-rep1,e008a8be-aa49-49e9-bd13-a93552b5c052,3895113,48,16076208200,16076208300
concurrency_n10_20260613_002350_kafka_feed8_rep1,kafka,sb-events-n10-feed8-rep1,cda89eb4-2a08-49d3-b303-e8d036641f46,3895134,49,16076321400,16076321700
concurrency_n10_20260613_002350_kafka_feed8_rep1,kafka,sb-events-n10-feed8-rep1,47018dac-e300-4c82-be64-a8bc5b624fe0,3895052,50,16076350600,16076350800
concurrency_n10_20260613_002350_kafka_feed8_rep1,kafka,sb-events-n10-feed8-rep1,2128811a-aed8-4767-93e5-6b8c8d052321,3895086,50,16076375400,16076375700
concurrency_n10_20260613_002350_kafka_feed8_rep1,kafka,sb-events-n10-feed8-rep1,2776e660-6018-41ee-a851-c1d3110acce6,3895107,50,16076399300,16076399400
concurrency_n10_20260613_002350_kafka_feed8_rep1,kafka,sb-events-n10-feed8-rep1,868c8013-7306-466b-93e7-217812448fd5,3895134,51,16076418500,16076418700
concurrency_n10_20260613_002350_kafka_feed8_rep1,kafka,sb-events-n10-feed8-rep1,3001fadd-127b-4ce2-8879-42a84e9d6d18,3895134,51,16076438800,16076438900
concurrency_n10_20260613_002350_kafka_feed8_rep1,kafka,sb-events-n10-feed8-rep1,e6696fb9-60bc-4c61-804c-d5089d51dbfc,3895134,51,16076458300,16076458400
concurrency_n10_20260613_002350_kafka_feed8_rep1,kafka,sb-events-n10-feed8-rep1,a204aa5b-dd2a-4419-b242-75fb830e408a,3895067,51,16076478500,16076478700
concurrency_n10_20260613_002350_kafka_feed8_rep1,kafka,sb-events-n10-feed8-rep1,6a0f8b8e-4e1b-42ee-b523-30b9a57b096e,3895052,51,16076498300,16076498400
concurrency_n10_20260613_002350_kafka_feed8_rep1,kafka,sb-events-n10-feed8-rep1,43d10675-f46f-4529-b68d-2cb72e3bc959,3895107,51,16076519300,16076519400
concurrency_n10_20260613_002350_kafka_feed8_rep1,kafka,sb-events-n10-feed8-rep1,098845c7-c0d6-49d4-a7e8-62ad71df1740,3895107,51,16076538000,16076538100
concurrency_n10_20260613_002350_kafka_feed8_rep1,kafka,sb-events-n10-feed8-rep1,43b4b6c3-f7eb-4660-9535-85090ee4a9c7,3895086,52,16076558600,16076558700
concurrency_n10_20260613_002350_kafka_feed8_rep1,kafka,sb-events-n10-feed8-rep1,3ff1967f-6e9f-4711-9f48-702eea0b78d3,3895107,52,16076581400,16076581600
concurrency_n10_20260613_002350_kafka_feed8_rep1,kafka,sb-events-n10-feed8-rep1,4e0d3771-4b3b-409c-98fd-b89277a436ea,3895067,54,16076602600,16076602800
concurrency_n10_20260613_002350_kafka_feed8_rep1,kafka,sb-events-n10-feed8-rep1,424b5613-2a63-4bf4-8cfe-75e394f8c6df,3895095,54,16076625400,16076625500
concurrency_n10_20260613_002350_kafka_feed8_rep1,kafka,sb-events-n10-feed8-rep1,c96ef0ba-2909-41e9-a9b0-43407092a108,3895067,55,16076648500,16076648700
concurrency_n10_20260613_002350_kafka_feed8_rep1,kafka,sb-events-n10-feed8-rep1,d1da2207-3155-4079-bbef-e54815cde0d4,3895067,55,16076672000,16076672200
concurrency_n10_20260613_002350_kafka_feed8_rep1,kafka,sb-events-n10-feed8-rep1,afda6e2d-5673-419e-946e-2a513db81b5e,3895060,55,16076694300,16076694500
concurrency_n10_20260613_002350_kafka_feed8_rep1,kafka,sb-events-n10-feed8-rep1,6fa9e978-a06d-4ccb-856f-d1582b5abd82,3895107,55,16076724200,16076724500
concurrency_n10_20260613_002350_kafka_feed8_rep1,kafka,sb-events-n10-feed8-rep1,597f312d-75ca-4d9d-bba8-27ea4be07ca1,3895086,56,16076754800,16076755100
concurrency_n10_20260613_002350_kafka_feed8_rep1,kafka,sb-events-n10-feed8-rep1,38a429db-494a-4c85-9245-e989a3f81915,3895107,56,16152323500,16152324000
concurrency_n10_20260613_002350_kafka_feed8_rep1,kafka,sb-events-n10-feed8-rep1,0b9a69ba-96cd-4641-b931-eff7dce3a2f8,3895134,57,16152389000,16152389400
concurrency_n10_20260613_002350_kafka_feed8_rep1,kafka,sb-events-n10-feed8-rep1,18d94d6f-1440-4daa-80a9-47f19ee5186b,3895067,57,16152527400,16152527700
concurrency_n10_20260613_002350_kafka_feed8_rep1,kafka,sb-events-n10-feed8-rep1,909fb80b-31ba-4530-924f-36e24598500e,3895060,57,16152553600,16152553800
concurrency_n10_20260613_002350_kafka_feed8_rep1,kafka,sb-events-n10-feed8-rep1,8be02bf7-5395-4605-b57b-8f501e04d189,3895067,59,16152577900,16152578100
concurrency_n10_20260613_002350_kafka_feed8_rep1,kafka,sb-events-n10-feed8-rep1,dd8d63c4-feb8-4523-ab68-826a6480eefd,3895074,60,16152599700,16152599800
concurrency_n10_20260613_002350_kafka_feed8_rep1,kafka,sb-events-n10-feed8-rep1,7ccea271-b2cf-40d9-8e25-30ed33e37625,3895067,60,16152619900,16152620000
concurrency_n10_20260613_002350_kafka_feed8_rep1,kafka,sb-events-n10-feed8-rep1,ff19107a-4ba4-4822-ac3e-e71716667059,3895060,60,16152640000,16152640100
concurrency_n10_20260613_002350_kafka_feed8_rep1,kafka,sb-events-n10-feed8-rep1,015fcb4f-7419-4731-84a0-81b3fd422ff7,3895086,60,16152658400,16152658500
concurrency_n10_20260613_002350_kafka_feed8_rep1,kafka,sb-events-n10-feed8-rep1,166ea076-01d6-49a4-87eb-ff7908834a7f,3895086,60,16152676900,16152677000
concurrency_n10_20260613_002350_kafka_feed8_rep1,kafka,sb-events-n10-feed8-rep1,573ca97f-df12-4b24-b903-fd5cfab89f5f,3895095,61,16152696000,16152696100
concurrency_n10_20260613_002350_kafka_feed8_rep1,kafka,sb-events-n10-feed8-rep1,cf6f40da-1c9d-4066-80cc-915eb4f227de,3895134,57,16152718500,16152718700
concurrency_n10_20260613_002350_kafka_feed8_rep1,kafka,sb-events-n10-feed8-rep1,d377d77b-8a2f-4385-b85e-ff34ae6fc979,3895067,57,16152738700,16152738800
concurrency_n10_20260613_002350_kafka_feed8_rep1,kafka,sb-events-n10-feed8-rep1,df30aec4-f392-4ae8-8617-ebfbcfafc297,3895052,57,16152758000,16152758100
concurrency_n10_20260613_002350_kafka_feed8_rep1,kafka,sb-events-n10-feed8-rep1,47099e16-f149-4698-ab0f-18dd33415330,3895052,57,16152811500,16152811600
concurrency_n10_20260613_002350_kafka_feed8_rep1,kafka,sb-events-n10-feed8-rep1,f5b43151-5fdf-4d15-a30b-4ff7b695c61f,3895060,57,16152833300,16152833500
concurrency_n10_20260613_002350_kafka_feed8_rep1,kafka,sb-events-n10-feed8-rep1,f75fcf2d-b54f-4930-8863-1a48eba0ad9b,3895086,57,16152853100,16152853200
concurrency_n10_20260613_002350_kafka_feed8_rep1,kafka,sb-events-n10-feed8-rep1,0050f3cf-d991-464f-9340-a30c01c082d8,3895086,57,16152873400,16152873500
concurrency_n10_20260613_002350_kafka_feed8_rep1,kafka,sb-events-n10-feed8-rep1,0c14b70a-ac75-4bf6-b4df-53b669c54b6c,3895074,58,16152893600,16152893700
concurrency_n10_20260613_002350_kafka_feed8_rep1,kafka,sb-events-n10-feed8-rep1,9f945bf8-24a8-4f64-9dd4-5a1c5c201981,3895095,58,16152913600,16152913700
concurrency_n10_20260613_002350_kafka_feed8_rep1,kafka,sb-events-n10-feed8-rep1,36a42e6a-c56b-4d28-9ed5-75fef386b165,3895052,58,16152933600,16152933700
concurrency_n10_20260613_002350_kafka_feed8_rep1,kafka,sb-events-n10-feed8-rep1,41969f07-3af9-4753-98e8-69fbd27d21a4,3895095,59,16152953400,16152953500
concurrency_n10_20260613_002350_kafka_feed8_rep1,kafka,sb-events-n10-feed8-rep1,73b4ab23-4ab4-4983-91d2-d8e21f5270f8,3895060,59,16152973200,16152973300
concurrency_n10_20260613_002350_kafka_feed8_rep1,kafka,sb-events-n10-feed8-rep1,ea520500-8ba0-47a7-ac12-b4c9c0a92146,3895074,60,16152993300,16152993500
concurrency_n10_20260613_002350_kafka_feed8_rep1,kafka,sb-events-n10-feed8-rep1,9ff39e51-5a18-4e88-bd18-76090587a988,3895086,60,16153012900,16153013100
concurrency_n10_20260613_002350_kafka_feed8_rep1,kafka,sb-events-n10-feed8-rep1,0fef3645-2465-4dbf-8266-c2a35ee8293c,3895086,60,16153032200,16153032300
concurrency_n10_20260613_002350_kafka_feed8_rep1,kafka,sb-events-n10-feed8-rep1,d1f3d4f7-aeb6-4d26-95e1-37c7df992845,3895107,60,16153051000,16153051100
concurrency_n10_20260613_002350_kafka_feed8_rep1,kafka,sb-events-n10-feed8-rep1,0138382f-c7f1-453f-a804-e83d80388701,3895134,52,16153070200,16153070300
concurrency_n10_20260613_002350_kafka_feed8_rep1,kafka,sb-events-n10-feed8-rep1,0824066b-6377-4f4d-b9d6-b892e16165cf,3895086,52,16153090100,16153090300
concurrency_n10_20260613_002350_kafka_feed8_rep1,kafka,sb-events-n10-feed8-rep1,c45e4c17-d965-492f-bf68-f2cc34aea3c6,3895107,52,16153109400,16153109500
concurrency_n10_20260613_002350_kafka_feed8_rep1,kafka,sb-events-n10-feed8-rep1,7773b9fa-34dc-44fc-95f0-80ebcf280e8c,3895074,53,16153128500,16153128600
concurrency_n10_20260613_002350_kafka_feed8_rep1,kafka,sb-events-n10-feed8-rep1,65bd167c-af9e-4117-a832-2bd3eab41c47,3895052,53,16153148100,16153148200
concurrency_n10_20260613_002350_kafka_feed8_rep1,kafka,sb-events-n10-feed8-rep1,f410a2e4-a20a-4740-9789-df374ad99354,3895134,54,16153168100,16153168200
concurrency_n10_20260613_002350_kafka_feed8_rep1,kafka,sb-events-n10-feed8-rep1,d626a450-651a-452f-8bd2-40bd73e5570f,3895052,54,16153186800,16153187000
concurrency_n10_20260613_002350_kafka_feed8_rep1,kafka,sb-events-n10-feed8-rep1,edf8e33e-3227-4baf-8b1e-c9798a4bffb1,3895060,55,16153206400,16153206500
concurrency_n10_20260613_002350_kafka_feed8_rep1,kafka,sb-events-n10-feed8-rep1,ac9f8882-ceb0-433a-a7ce-42572013a74e,3895086,55,16153227300,16153227500
concurrency_n10_20260613_002350_kafka_feed8_rep1,kafka,sb-events-n10-feed8-rep1,4ee5d31d-6e7c-4942-8760-1f2e13c7ba9c,3895074,56,16153247200,16153247300
concurrency_n10_20260613_002350_kafka_feed8_rep1,kafka,sb-events-n10-feed8-rep1,592ec0c8-e456-449d-a137-235f6bfd6017,3895074,56,16153267000,16153267200
concurrency_n10_20260613_002350_kafka_feed8_rep1,kafka,sb-events-n10-feed8-rep1,c0a6ff18-bef9-4da4-a93d-df405de515ca,3895134,56,16153287100,16153287200
concurrency_n10_20260613_002350_kafka_feed8_rep1,kafka,sb-events-n10-feed8-rep1,6260cbb1-d2f6-4026-baaa-31ce8297fc11,3895060,56,16153306500,16153306700
concurrency_n10_20260613_002350_kafka_feed8_rep1,kafka,sb-events-n10-feed8-rep1,425f41d2-7da1-4c10-b0f5-cc89c05ea4fe,3895086,56,16153326200,16153326400
concurrency_n10_20260613_002350_kafka_feed8_rep1,kafka,sb-events-n10-feed8-rep1,a38a5179-ed61-4c45-ab30-f6e861acd9a8,3895086,56,16153345800,16153346000
concurrency_n10_20260613_002350_kafka_feed8_rep1,kafka,sb-events-n10-feed8-rep1,e2de8d47-cc41-49eb-a56e-8da9b62c1102,3895086,56,16153365100,16153365200
concurrency_n10_20260613_002350_kafka_feed8_rep1,kafka,sb-events-n10-feed8-rep1,b608a12f-beb4-4db1-9424-437a6d8b6ff1,3895107,56,16153447600,16153447700
concurrency_n10_20260613_002350_kafka_feed8_rep1,kafka,sb-events-n10-feed8-rep1,129e9e4c-4a52-491d-89a9-fb8b711d3de0,3895095,57,16153469100,16153469400
concurrency_n10_20260613_002350_kafka_feed8_rep1,kafka,sb-events-n10-feed8-rep1,43c4c705-3da0-414e-b853-cb075fc6bc69,3895134,57,16153501900,16153502100
concurrency_n10_20260613_002350_kafka_feed8_rep1,kafka,sb-events-n10-feed8-rep1,4ef419c9-5ff0-444e-86a6-50a703b1769f,3895107,58,16153527100,16153527400
concurrency_n10_20260613_002350_kafka_feed8_rep1,kafka,sb-events-n10-feed8-rep1,5674247a-ead4-4a96-bd38-ef2319eecf34,3895134,59,16153548400,16153548600
concurrency_n10_20260613_002350_kafka_feed8_rep1,kafka,sb-events-n10-feed8-rep1,b7b039ca-bac1-4467-af8e-0fd8796bb6c9,3895052,59,16153570500,16153570700
concurrency_n10_20260613_002350_kafka_feed8_rep1,kafka,sb-events-n10-feed8-rep1,5ba85175-4aee-426a-bece-2a16c73e89b7,3895052,59,16153603900,16153604200
concurrency_n10_20260613_002350_kafka_feed8_rep1,kafka,sb-events-n10-feed8-rep1,d89d3340-d2ef-47db-9827-7d447bae5b2d,3895086,59,16153667400,16153667800
concurrency_n10_20260613_002350_kafka_feed8_rep1,kafka,sb-events-n10-feed8-rep1,a8bd1431-210e-4840-8d05-60ce4a7de877,3895095,60,16153700100,16153700400
concurrency_n10_20260613_002350_kafka_feed8_rep1,kafka,sb-events-n10-feed8-rep1,14bd2c1c-b359-4192-a0ae-90ad860f3371,3895067,60,16153731700,16153732000
concurrency_n10_20260613_002350_kafka_feed8_rep1,kafka,sb-events-n10-feed8-rep1,50b41d81-f36f-4161-a4d2-36ba1befc4be,3895060,60,16153758200,16153758400
concurrency_n10_20260613_002350_kafka_feed8_rep1,kafka,sb-events-n10-feed8-rep1,b0d138df-c84d-4eeb-a19e-0550afb12c63,3895086,60,16153786600,16153786900
concurrency_n10_20260613_002350_kafka_feed8_rep1,kafka,sb-events-n10-feed8-rep1,09e0176e-01c2-4e75-8d19-c75cbac22a53,3895107,60,16153856500,16153856700
concurrency_n10_20260613_002350_kafka_feed8_rep1,kafka,sb-events-n10-feed8-rep1,f6c45edb-47d0-4be4-b045-3ba176307346,3895067,61,16174709800,16174710300
concurrency_n10_20260613_002350_kafka_feed8_rep1,kafka,sb-events-n10-feed8-rep1,87ab9da6-4d4d-49ac-b346-d587633dca6d,3895107,61,16174754000,16174754200
concurrency_n10_20260613_002350_kafka_feed8_rep1,kafka,sb-events-n10-feed8-rep1,061e0628-68ad-4a80-b7f9-013270c622e6,3895134,62,16174776300,16174776500
concurrency_n10_20260613_002350_kafka_feed8_rep1,kafka,sb-events-n10-feed8-rep1,e0937145-d1ed-4877-a928-cbb18cbb25ca,3895074,62,16174796300,16174796500
concurrency_n10_20260613_002350_kafka_feed8_rep1,kafka,sb-events-n10-feed8-rep1,129ff6d0-9863-49c1-8dba-874870c239f0,3895134,62,16174815800,16174816000
concurrency_n10_20260613_002350_kafka_feed8_rep1,kafka,sb-events-n10-feed8-rep1,34c91fb7-795d-4df5-8ab3-5f70f1b97f3e,3895095,61,16174835700,16174835800
concurrency_n10_20260613_002350_kafka_feed8_rep1,kafka,sb-events-n10-feed8-rep1,1836c083-ec4c-43a4-8657-38a223bb16dd,3895095,61,16174855300,16174855400
concurrency_n10_20260613_002350_kafka_feed8_rep1,kafka,sb-events-n10-feed8-rep1,1ea888d8-48ff-4d6c-885b-c9a8d3744c05,3895107,61,16174873100,16174873200
concurrency_n10_20260613_002350_kafka_feed8_rep1,kafka,sb-events-n10-feed8-rep1,38bc5dd4-ab47-4018-b7d9-81675e34065d,3895095,62,16181824200,16181824900
concurrency_n10_20260613_002350_kafka_feed8_rep1,kafka,sb-events-n10-feed8-rep1,01c545d4-a6cc-4676-8a4d-8009474261f5,3895095,62,16208421500,16208421900
concurrency_n10_20260613_002350_kafka_feed8_rep1,kafka,sb-events-n10-feed8-rep1,d26fbd2e-8f2e-4866-bdbe-c8760f22c74d,3895067,62,16237426500,16237426900
concurrency_n10_20260613_002350_kafka_feed8_rep1,kafka,sb-events-n10-feed8-rep1,31c46aa3-00f1-4007-b8cc-d80c69e3ed14,3895095,62,16237477300,16237477500
concurrency_n10_20260613_002350_kafka_feed8_rep1,kafka,sb-events-n10-feed8-rep1,215702bd-988d-4c16-b912-098e706dc436,3895060,62,16237504400,16237504600
concurrency_n10_20260613_002350_kafka_feed8_rep1,kafka,sb-events-n10-feed8-rep1,1fdb765d-367a-4525-b795-03e1041c7b47,3895067,62,16237533000,16237533400
concurrency_n10_20260613_002350_kafka_feed8_rep1,kafka,sb-events-n10-feed8-rep1,9148af0d-4762-4534-9be6-d021bfa84229,3895086,62,16248860900,16248861300
concurrency_n10_20260613_002350_kafka_feed8_rep1,kafka,sb-events-n10-feed8-rep1,7b87a711-05be-4ab9-bd63-138ccf3a3aee,3895107,62,16268334800,16268335200
concurrency_n10_20260613_002350_kafka_feed8_rep1,kafka,sb-events-n10-feed8-rep1,e7be6cf1-4254-4d29-8124-ea29bd35b3dd,3895107,62,16268377600,16268377800
concurrency_n10_20260613_002350_kafka_feed8_rep1,kafka,sb-events-n10-feed8-rep1,462b9630-76bb-4eb7-8af1-c70d7cd3c9b6,3895134,63,16283407000,16283407500
concurrency_n10_20260613_002350_kafka_feed8_rep1,kafka,sb-events-n10-feed8-rep1,25afa92b-9c66-4495-9ab0-db38372482b3,3895134,63,16327012500,16327013400
concurrency_n10_20260613_002350_kafka_feed8_rep1,kafka,sb-events-n10-feed8-rep1,36c29050-0f8f-4cea-ac50-3893cb3751f1,3895134,63,16327186900,16327215800
concurrency_n10_20260613_002350_kafka_feed8_rep1,kafka,sb-events-n10-feed8-rep1,b7213b1a-f155-4850-9b2f-536ed9db34f2,3895086,63,16327247700,16327247900
concurrency_n10_20260613_002350_kafka_feed8_rep1,kafka,sb-events-n10-feed8-rep1,23a40fdf-f42f-4d42-8d67-eb5f408de82e,3895107,63,16342377800,16342378100
concurrency_n10_20260613_002350_kafka_feed8_rep1,kafka,sb-events-n10-feed8-rep1,a83a4d9a-a403-46b1-8409-6ef6d1831b2c,3895086,63,16342417800,16342418100
concurrency_n10_20260613_002350_kafka_feed8_rep1,kafka,sb-events-n10-feed8-rep1,8a1229f0-48a8-463b-bab1-5f70bbabe623,3895107,63,16364636900,16364637300
concurrency_n10_20260613_002350_kafka_feed8_rep1,kafka,sb-events-n10-feed8-rep1,1379ddbd-ee4e-4f78-b58a-fe294f7f36a2,3895107,63,16364676000,16364676200
concurrency_n10_20260613_002350_kafka_feed8_rep1,kafka,sb-events-n10-feed8-rep1,32858944-d09e-4ab1-9836-35cc84ca5f23,3895107,63,16364721000,16364721300
concurrency_n10_20260613_002350_kafka_feed8_rep1,kafka,sb-events-n10-feed8-rep1,acbc865f-9141-40f9-a346-65ef52c6929b,3895095,64,16392011000,16392011500
concurrency_n10_20260613_002350_kafka_feed8_rep1,kafka,sb-events-n10-feed8-rep1,4842b3ff-23c6-47cf-8c16-3e48a1cd8d1f,3895134,64,16392049700,16392049900
concurrency_n10_20260613_002350_kafka_feed8_rep1,kafka,sb-events-n10-feed8-rep1,0cd25412-a43a-4f1f-a330-290560bd0864,3895134,65,16413591500,16413591900
concurrency_n10_20260613_002350_kafka_feed8_rep1,kafka,sb-events-n10-feed8-rep1,3738ac1c-fd85-42ff-af77-922e92caa0da,3895095,64,16413635100,16413635300
concurrency_n10_20260613_002350_kafka_feed8_rep1,kafka,sb-events-n10-feed8-rep1,8d43c287-36a4-460e-a406-9a814d3e200f,3895134,65,16413717100,16413717200
concurrency_n10_20260613_002350_kafka_feed8_rep1,kafka,sb-events-n10-feed8-rep1,a29483ce-323c-439b-a556-c452ba8e3740,3895134,65,16428972200,16428972600
concurrency_n10_20260613_002350_kafka_feed8_rep1,kafka,sb-events-n10-feed8-rep1,0e01a3a4-1219-481f-a5e6-55796434f5bb,3895060,65,16429013900,16429014200
concurrency_n10_20260613_002350_kafka_feed8_rep1,kafka,sb-events-n10-feed8-rep1,d9141f23-47e6-4f96-8d68-afdb07320f56,3895060,65,16436493200,16436493500
concurrency_n10_20260613_002350_kafka_feed8_rep1,kafka,sb-events-n10-feed8-rep1,b9c1c240-c544-4839-bcc4-5a923b040753,3895107,65,16442143200,16442143700
concurrency_n10_20260613_002350_kafka_feed8_rep1,kafka,sb-events-n10-feed8-rep1,f53c9e0a-20c5-4066-827d-52fd789ef212,3895107,65,16451081500,16451082200
concurrency_n10_20260613_002350_kafka_feed8_rep1,kafka,sb-events-n10-feed8-rep1,7a5db723-f143-425c-a710-638c90148339,3895107,65,16494424500,16494425100
concurrency_n10_20260613_002350_kafka_feed8_rep1,kafka,sb-events-n10-feed8-rep1,124b56b6-5aad-473a-a03d-51ba544e2841,3895074,66,16494470700,16494471000
concurrency_n10_20260613_002350_kafka_feed8_rep1,kafka,sb-events-n10-feed8-rep1,a915d518-180b-4427-bd9f-e289d0c966bf,3895107,65,16494521300,16494521600
concurrency_n10_20260613_002350_kafka_feed8_rep1,kafka,sb-events-n10-feed8-rep1,efc39209-6b62-4e89-889d-cdd3adb621aa,3895095,66,16514138800,16514139200
concurrency_n10_20260613_002350_kafka_feed8_rep1,kafka,sb-events-n10-feed8-rep1,77baec20-ea17-4e90-9865-9ea44e5b9906,3895060,66,16528999900,16529000400
concurrency_n10_20260613_002350_kafka_feed8_rep1,kafka,sb-events-n10-feed8-rep1,2b0079ed-347b-4639-ae5e-e42346f7f024,3895060,66,16536303200,16536303800
concurrency_n10_20260613_002350_kafka_feed8_rep1,kafka,sb-events-n10-feed8-rep1,22d98172-0940-4b76-9d89-977103cfaf56,3895086,66,16548828900,16548829500
concurrency_n10_20260613_002350_kafka_feed8_rep1,kafka,sb-events-n10-feed8-rep1,879a2ca6-96c3-4b1b-b2c0-4a20cb875ef0,3895107,66,16557890700,16557890900
concurrency_n10_20260613_002350_kafka_feed8_rep1,kafka,sb-events-n10-feed8-rep1,c2d28a7c-daa5-4926-982f-1652183c5083,3895113,67,16557942900,16557943000
concurrency_n10_20260613_002350_kafka_feed8_rep1,kafka,sb-events-n10-feed8-rep1,bd92c3a1-9dc9-4b79-bb47-cf45e3d7bb5c,3895134,67,16649581300,16649582400
concurrency_n10_20260613_002350_kafka_feed8_rep1,kafka,sb-events-n10-feed8-rep1,22f1fbed-caed-4cd7-a01a-4c33238f8369,3895060,67,16649631200,16649631500
concurrency_n10_20260613_002350_kafka_feed8_rep1,kafka,sb-events-n10-feed8-rep1,1d25289e-8fad-4dd2-a7ed-f62ac9124432,3895095,67,16649696200,16649696600
concurrency_n10_20260613_002350_kafka_feed8_rep1,kafka,sb-events-n10-feed8-rep1,f3623e43-a3ad-472d-bf07-52854c1156a0,3895134,67,16649730100,16649730400
concurrency_n10_20260613_002350_kafka_feed8_rep1,kafka,sb-events-n10-feed8-rep1,243d0981-94fe-4740-a31e-5ed204a71634,3895095,67,16649763000,16649763400
concurrency_n10_20260613_002350_kafka_feed8_rep1,kafka,sb-events-n10-feed8-rep1,969e6e2a-a707-4254-a316-0c56fe2e1401,3895134,67,16649790000,16649790200
concurrency_n10_20260613_002350_kafka_feed8_rep1,kafka,sb-events-n10-feed8-rep1,6d9d2fb5-5c2e-4d06-8fb2-5ebcf5814440,3895086,67,16649814700,16649814900
concurrency_n10_20260613_002350_kafka_feed8_rep1,kafka,sb-events-n10-feed8-rep1,5af1575f-7cd2-4bfd-a8ec-b8345a0203f6,3895107,67,16722648100,16722648400
concurrency_n10_20260613_002350_kafka_feed8_rep1,kafka,sb-events-n10-feed8-rep1,19991ad9-4667-4a8d-ad80-aa34b26b07cc,3895107,67,16722689800,16722690000
concurrency_n10_20260613_002350_kafka_feed8_rep1,kafka,sb-events-n10-feed8-rep1,b4990958-c5e9-4397-98fb-8b00e533bd8d,3895067,68,16722712700,16722712900
concurrency_n10_20260613_002350_kafka_feed8_rep1,kafka,sb-events-n10-feed8-rep1,36f8affa-15ee-4df1-9318-99c8bafa69d9,3895067,68,16722733000,16722733100
concurrency_n10_20260613_002350_kafka_feed8_rep1,kafka,sb-events-n10-feed8-rep1,ed8b7343-7610-4f35-88df-fd3ee7038bf6,3895095,68,16722752400,16722752500
concurrency_n10_20260613_002350_kafka_feed8_rep1,kafka,sb-events-n10-feed8-rep1,b11c6b88-fb5e-40e2-bf63-fdf423948d08,3895134,68,16722774700,16722774900
concurrency_n10_20260613_002350_kafka_feed8_rep1,kafka,sb-events-n10-feed8-rep1,ec6e3c89-0592-45ca-92a4-0b1f73639cc9,3895086,67,16722797300,16722797500
concurrency_n10_20260613_002350_kafka_feed8_rep1,kafka,sb-events-n10-feed8-rep1,f86f35a5-e792-4bba-a580-a9faaf7b91b8,3895067,68,16722820300,16722820600
concurrency_n10_20260613_002350_kafka_feed8_rep1,kafka,sb-events-n10-feed8-rep1,0e74dafc-22b0-4338-b83e-c9d1e0aa24f9,3895095,68,16722843500,16722843700
concurrency_n10_20260613_002350_kafka_feed8_rep1,kafka,sb-events-n10-feed8-rep1,47a53206-d225-475c-8a03-727c2cea5798,3895107,68,16722866200,16722866400
concurrency_n10_20260613_002350_kafka_feed8_rep1,kafka,sb-events-n10-feed8-rep1,0abe475e-507a-4aa0-8898-55101c96acf3,3895074,69,16722887600,16722887800
concurrency_n10_20260613_002350_kafka_feed8_rep1,kafka,sb-events-n10-feed8-rep1,e8a7f976-a305-43a3-a4fa-8c50b143e343,3895074,69,16722909500,16722909600
concurrency_n10_20260613_002350_kafka_feed8_rep1,kafka,sb-events-n10-feed8-rep1,4b32f517-ca9b-42eb-b0e2-fa3d3fd72a9d,3895113,69,16722947000,16722947100
concurrency_n10_20260613_002350_kafka_feed8_rep1,kafka,sb-events-n10-feed8-rep1,867520d6-dfef-41bc-a2cb-92814d1b009e,3895107,67,16722972900,16722973200
concurrency_n10_20260613_002350_kafka_feed8_rep1,kafka,sb-events-n10-feed8-rep1,7f414b32-2539-459e-a9d2-cb11a5bf6bb4,3895107,68,16723176200,16723176600
concurrency_n10_20260613_002350_kafka_feed8_rep1,kafka,sb-events-n10-feed8-rep1,367dfd27-b619-44de-b6c4-7ad7d566c4aa,3895074,69,16723206300,16723206500
concurrency_n10_20260613_002350_kafka_feed8_rep1,kafka,sb-events-n10-feed8-rep1,281fd3ce-e8df-441f-8cfd-a07364810af5,3895134,69,16733994300,16733994700
concurrency_n10_20260613_002350_kafka_feed8_rep1,kafka,sb-events-n10-feed8-rep1,703eb940-4760-476a-8e93-15095c5c61ae,3895134,69,16739837000,16739837400
concurrency_n10_20260613_002350_kafka_feed8_rep1,kafka,sb-events-n10-feed8-rep1,2ca85bad-b7b5-47d4-931f-36e0b6ca84c8,3895060,69,16745598300,16745598600
concurrency_n10_20260613_002350_kafka_feed8_rep1,kafka,sb-events-n10-feed8-rep1,67aa4360-2ca6-40ae-ae0c-19bc9664a04f,3895134,69,16758630100,16758630400
concurrency_n10_20260613_002350_kafka_feed8_rep1,kafka,sb-events-n10-feed8-rep1,b98a316d-476c-4b9c-8842-e1bedddaa80c,3895060,69,16758689300,16758689600
concurrency_n10_20260613_002350_kafka_feed8_rep1,kafka,sb-events-n10-feed8-rep1,6391b46f-de24-49c6-bb62-a2ec65d9499b,3895134,69,16766666900,16766667500
concurrency_n10_20260613_002350_kafka_feed8_rep1,kafka,sb-events-n10-feed8-rep1,eacb7d73-9ad3-4ec1-80ea-616c89070d06,3895060,69,16777653100,16777653500
concurrency_n10_20260613_002350_kafka_feed8_rep1,kafka,sb-events-n10-feed8-rep1,ba95ec5e-1bbc-4177-9b95-d5d01d513f38,3895060,69,16777692100,16777692300
concurrency_n10_20260613_002350_kafka_feed8_rep1,kafka,sb-events-n10-feed8-rep1,e1f59890-1435-4ba2-80d9-8b3be217affe,3895086,69,16795739000,16795739700
concurrency_n10_20260613_002350_kafka_feed8_rep1,kafka,sb-events-n10-feed8-rep1,8d519b7c-5ec8-4ac8-84c9-0452499a59e4,3895067,70,16809492000,16809492400
concurrency_n10_20260613_002350_kafka_feed8_rep1,kafka,sb-events-n10-feed8-rep1,2d4baaec-2c5a-4ff2-8313-30f9417e93b8,3895067,70,16809533800,16809534100
concurrency_n10_20260613_002350_kafka_feed8_rep1,kafka,sb-events-n10-feed8-rep1,4b946b9d-6dfa-4667-9bf3-4a155e7bf557,3895095,70,16827701200,16827701500
concurrency_n10_20260613_002350_kafka_feed8_rep1,kafka,sb-events-n10-feed8-rep1,0e0c6463-85aa-4e53-95a9-9fb881abd73d,3895095,70,16827742900,16827743100
concurrency_n10_20260613_002350_kafka_feed8_rep1,kafka,sb-events-n10-feed8-rep1,5479badb-65f4-40d6-877b-c6d336d4f055,3895067,70,16827765600,16827765800
concurrency_n10_20260613_002350_kafka_feed8_rep1,kafka,sb-events-n10-feed8-rep1,080735a9-1e68-4c36-addb-696097f34cad,3895134,70,16827785300,16827785500
concurrency_n10_20260613_002350_kafka_feed8_rep1,kafka,sb-events-n10-feed8-rep1,ac53cb18-8fe5-49f9-beb1-7041a7087452,3895134,70,16835091900,16835092300
concurrency_n10_20260613_002350_kafka_feed8_rep1,kafka,sb-events-n10-feed8-rep1,d5433b8f-f6d6-45c3-af43-2cddf339f8a2,3895086,70,16909941300,16909941800
concurrency_n10_20260613_002350_kafka_feed8_rep1,kafka,sb-events-n10-feed8-rep1,3a99f56c-7492-450b-8baa-742b6125553f,3895086,70,16909982300,16909982500
concurrency_n10_20260613_002350_kafka_feed8_rep1,kafka,sb-events-n10-feed8-rep1,28009e86-e67a-4c78-9ae9-9631dcd03d8d,3895074,71,16917268200,16917268800
concurrency_n10_20260613_002350_kafka_feed8_rep1,kafka,sb-events-n10-feed8-rep1,0f5b1f64-76db-4a0a-9aa2-19720783e25e,3895067,71,16917307000,16917307200
concurrency_n10_20260613_002350_kafka_feed8_rep1,kafka,sb-events-n10-feed8-rep1,65416e96-ab82-45f6-83ec-f23beb6e7403,3895052,72,16917328300,16917328500
concurrency_n10_20260613_002350_kafka_feed8_rep1,kafka,sb-events-n10-feed8-rep1,619811cc-0ff8-4c5d-b3b3-c9d1fc5fd457,3895095,72,16917348200,16917348400
concurrency_n10_20260613_002350_kafka_feed8_rep1,kafka,sb-events-n10-feed8-rep1,eb933861-289b-4a65-8450-301c0f249de2,3895074,73,16917368400,16917368500
concurrency_n10_20260613_002350_kafka_feed8_rep1,kafka,sb-events-n10-feed8-rep1,130387fb-d150-4ba9-a5a3-fbad1ec9875a,3895074,71,16917390300,16917390500
concurrency_n10_20260613_002350_kafka_feed8_rep1,kafka,sb-events-n10-feed8-rep1,a4d7338b-e05b-4a0a-976f-3bc978858503,3895095,72,16917412100,16917412200
concurrency_n10_20260613_002350_kafka_feed8_rep1,kafka,sb-events-n10-feed8-rep1,64edd3bf-0d45-4889-b29d-3e52cf2bfab6,3895113,71,16917557700,16917558200
concurrency_n10_20260613_002350_kafka_feed8_rep1,kafka,sb-events-n10-feed8-rep1,a1e9cef7-0191-43da-803d-5de771649a04,3895067,71,16917593800,16917594000
concurrency_n10_20260613_002350_kafka_feed8_rep1,kafka,sb-events-n10-feed8-rep1,7a6f68e7-7f57-4509-ad78-5afa6f5cbcfd,3895095,71,16917620700,16917621000
concurrency_n10_20260613_002350_kafka_feed8_rep1,kafka,sb-events-n10-feed8-rep1,e8102462-a276-4a5b-a772-16bf8e3d8314,3895095,72,16917651800,16917652200
concurrency_n10_20260613_002350_kafka_feed8_rep1,kafka,sb-events-n10-feed8-rep1,960ee649-a7e7-4b33-9479-dae36d7e1a3a,3895095,72,16917674300,16917674400
concurrency_n10_20260613_002350_kafka_feed8_rep1,kafka,sb-events-n10-feed8-rep1,a916cdcd-7cb8-4756-987e-8fc479ffcdbf,3895086,72,16917694700,16917694800
concurrency_n10_20260613_002350_kafka_feed8_rep1,kafka,sb-events-n10-feed8-rep1,253d7c12-c293-456e-b02f-30065daeb31a,3895052,73,16926495700,16926496100
concurrency_n10_20260613_002350_kafka_feed8_rep1,kafka,sb-events-n10-feed8-rep1,f244b229-4382-49ff-a159-2eb53ec47566,3895113,73,16955092900,16955093500
concurrency_n10_20260613_002350_kafka_feed8_rep1,kafka,sb-events-n10-feed8-rep1,ef8e2d33-6773-4093-9d0c-aa253f6492c6,3895052,73,16955136700,16955136900
concurrency_n10_20260613_002350_kafka_feed8_rep1,kafka,sb-events-n10-feed8-rep1,e070983c-7ef0-4a59-8492-631b39ddb6ee,3895134,73,17037245800,17037246300
concurrency_n10_20260613_002350_kafka_feed8_rep1,kafka,sb-events-n10-feed8-rep1,86fd9161-30db-4f9d-8709-7b22e7cd9f37,3895086,73,17037285500,17037285700
concurrency_n10_20260613_002350_kafka_feed8_rep1,kafka,sb-events-n10-feed8-rep1,3dd8c747-4d06-438f-822f-59be62a38dbd,3895086,73,17037310800,17037311000
concurrency_n10_20260613_002350_kafka_feed8_rep1,kafka,sb-events-n10-feed8-rep1,59167877-23ef-4fbd-9e96-127aef642a42,3895134,73,17037406300,17037406400
concurrency_n10_20260613_002350_kafka_feed8_rep1,kafka,sb-events-n10-feed8-rep1,c95f44b1-c0d3-465b-a5b8-24951f956a21,3895121,75,17056218300,17056218800
concurrency_n10_20260613_002350_kafka_feed8_rep1,kafka,sb-events-n10-feed8-rep1,7c9e8cf2-07c3-471b-8da6-681419a22208,3895052,75,17056275100,17056275500
concurrency_n10_20260613_002350_kafka_feed8_rep1,kafka,sb-events-n10-feed8-rep1,a0905d11-1ec5-4b7a-a98c-963d4cd31d70,3895086,75,17056305800,17056306100
concurrency_n10_20260613_002350_kafka_feed8_rep1,kafka,sb-events-n10-feed8-rep1,5f497f92-d774-4657-adf5-8e4bc8af2247,3895095,76,17056333300,17056333800
concurrency_n10_20260613_002350_kafka_feed8_rep1,kafka,sb-events-n10-feed8-rep1,0ac2f4e4-a59f-4b03-94ae-b65472503b1c,3895113,74,17056363200,17056363400
concurrency_n10_20260613_002350_kafka_feed8_rep1,kafka,sb-events-n10-feed8-rep1,d7de91c1-aaf7-4be5-8968-e876ee80e100,3895086,74,17056391600,17056391800
concurrency_n10_20260613_002350_kafka_feed8_rep1,kafka,sb-events-n10-feed8-rep1,347e4824-813c-43a1-9ab5-557ddfa469ae,3895074,75,17056419000,17056419100
concurrency_n10_20260613_002350_kafka_feed8_rep1,kafka,sb-events-n10-feed8-rep1,3b379bf2-15a7-4ba4-9a0c-b3fb8527a1d4,3895074,75,17056489000,17056489100
concurrency_n10_20260613_002350_kafka_feed8_rep1,kafka,sb-events-n10-feed8-rep1,2ba1d3c8-01a5-4707-aded-c1032d5c1a2a,3895113,75,17056516800,17056516900
concurrency_n10_20260613_002350_kafka_feed8_rep1,kafka,sb-events-n10-feed8-rep1,bb60fb7c-cdba-45cd-9403-9fe70eac599e,3895086,75,17056543900,17056544100
concurrency_n10_20260613_002350_kafka_feed8_rep1,kafka,sb-events-n10-feed8-rep1,7583768d-7e29-47cd-af3c-cf0b393f6ee5,3895086,75,17056570400,17056570700
concurrency_n10_20260613_002350_kafka_feed8_rep1,kafka,sb-events-n10-feed8-rep1,38bdbceb-2d1b-4b19-b303-df25485ff8cf,3895113,76,17056596600,17056596700
concurrency_n10_20260613_002350_kafka_feed8_rep1,kafka,sb-events-n10-feed8-rep1,e1a2cf65-5a43-4d3d-934d-8c2fe376ad00,3895113,76,17056625000,17056625300
concurrency_n10_20260613_002350_kafka_feed8_rep1,kafka,sb-events-n10-feed8-rep1,7aba694b-2ebc-401d-be15-655d0b773b87,3895095,76,17063665900,17063666300
concurrency_n10_20260613_002350_kafka_feed8_rep1,kafka,sb-events-n10-feed8-rep1,8dfa2725-e96f-4a76-bb98-9ee4575d6a03,3895086,76,17072170700,17072171200
concurrency_n10_20260613_002350_kafka_feed8_rep1,kafka,sb-events-n10-feed8-rep1,f9364b88-b733-45cf-a170-19bd0c68cdbc,3895074,77,17083024500,17083025000
concurrency_n10_20260613_002350_kafka_feed8_rep1,kafka,sb-events-n10-feed8-rep1,a84cf4b4-83d9-478a-aa80-3a0eae44c904,3895052,77,17089362700,17089363200
concurrency_n10_20260613_002350_kafka_feed8_rep1,kafka,sb-events-n10-feed8-rep1,1ea7e806-c0fc-48a8-829a-af9ea7b3aa73,3895052,77,17095088400,17095089000
concurrency_n10_20260613_002350_kafka_feed8_rep1,kafka,sb-events-n10-feed8-rep1,b772fbf5-f3a6-47cf-99bf-5c7adba135f8,3895113,77,17113249700,17113250200
concurrency_n10_20260613_002350_kafka_feed8_rep1,kafka,sb-events-n10-feed8-rep1,068a8c35-4ab7-43d1-8463-c4452fd842bd,3895067,77,17125844200,17125844500
concurrency_n10_20260613_002350_kafka_feed8_rep1,kafka,sb-events-n10-feed8-rep1,1c068f50-c84a-4e1d-824e-578b65120800,3895113,77,17125912600,17125912800
concurrency_n10_20260613_002350_kafka_feed8_rep1,kafka,sb-events-n10-feed8-rep1,ac7217b3-16a1-434f-a555-38147f80fd38,3895113,77,17164229800,17164230300
concurrency_n10_20260613_002350_kafka_feed8_rep1,kafka,sb-events-n10-feed8-rep1,7d37b5cc-3e2d-4ab5-b4af-a45e73138874,3895113,77,17164275300,17164275700
concurrency_n10_20260613_002350_kafka_feed8_rep1,kafka,sb-events-n10-feed8-rep1,d3eafa83-830e-4546-b34f-72ea722a5e41,3895113,77,17164297600,17164297700
concurrency_n10_20260613_002350_kafka_feed8_rep1,kafka,sb-events-n10-feed8-rep1,5aab8dfd-d52c-4f67-806a-20e57ec5d557,3895074,78,17289930800,17289931100
concurrency_n10_20260613_002350_kafka_feed8_rep1,kafka,sb-events-n10-feed8-rep1,f500021a-9e63-4063-afe0-b13494e43e25,3895113,78,17289970400,17289970600
concurrency_n10_20260613_002350_kafka_feed8_rep1,kafka,sb-events-n10-feed8-rep1,195e209c-bc46-4725-ad21-f82a13d77148,3895074,78,17289992800,17289992900
concurrency_n10_20260613_002350_kafka_feed8_rep1,kafka,sb-events-n10-feed8-rep1,bbf03926-59ca-4606-9ea2-3cd31eb2fff9,3895067,78,17290013500,17290013700
concurrency_n10_20260613_002350_kafka_feed8_rep1,kafka,sb-events-n10-feed8-rep1,6fc5bbd2-8105-451e-ad72-538d52fdd810,3895067,78,17290033700,17290033900
concurrency_n10_20260613_002350_kafka_feed8_rep1,kafka,sb-events-n10-feed8-rep1,c82d0617-8b6a-4c3a-87b0-6a2aac137cbd,3895121,79,17290053100,17290053200
concurrency_n10_20260613_002350_kafka_feed8_rep1,kafka,sb-events-n10-feed8-rep1,7fd60487-cf13-4688-a589-1979aee7d23a,3895113,78,17290073700,17290073900
concurrency_n10_20260613_002350_kafka_feed8_rep1,kafka,sb-events-n10-feed8-rep1,9bae5df9-4f8d-4f3e-861a-e44685e969a9,3895086,79,17302129600,17302130100
concurrency_n10_20260613_002350_kafka_feed8_rep1,kafka,sb-events-n10-feed8-rep1,030b5453-777e-489d-9691-bca667cdbb07,3895067,80,17302219000,17302219300
concurrency_n10_20260613_002350_kafka_feed8_rep1,kafka,sb-events-n10-feed8-rep1,86913597-82b0-4000-9be5-2b7fa42caa76,3895113,81,17302255900,17302256200
concurrency_n10_20260613_002350_kafka_feed8_rep1,kafka,sb-events-n10-feed8-rep1,4c5443dc-d6fc-427d-9bac-1ffea8874db9,3895086,81,17302290000,17302290400
concurrency_n10_20260613_002350_kafka_feed8_rep1,kafka,sb-events-n10-feed8-rep1,ed5753a5-c289-4649-b971-065a09c34081,3895074,79,17302316800,17302317000
concurrency_n10_20260613_002350_kafka_feed8_rep1,kafka,sb-events-n10-feed8-rep1,0cff468a-4801-4e93-bdff-e3cf0fb9e825,3895067,79,17302343900,17302344100
concurrency_n10_20260613_002350_kafka_feed8_rep1,kafka,sb-events-n10-feed8-rep1,03442bfd-3838-49c7-898a-1f0c6950d9f2,3895086,80,17302365600,17302365700
concurrency_n10_20260613_002350_kafka_feed8_rep1,kafka,sb-events-n10-feed8-rep1,42ba23fd-6dda-41c5-b674-5fe50e298b30,3895121,81,17302387800,17302388000
concurrency_n10_20260613_002350_kafka_feed8_rep1,kafka,sb-events-n10-feed8-rep1,e083ff1e-a815-4ceb-be0d-74e46f4b2105,3895121,81,17302409700,17302409800
concurrency_n10_20260613_002350_kafka_feed8_rep1,kafka,sb-events-n10-feed8-rep1,4accf764-c81d-4823-937b-355299ea8c73,3895074,81,17302432100,17302432300
concurrency_n10_20260613_002350_kafka_feed8_rep1,kafka,sb-events-n10-feed8-rep1,ba9abae9-f6c5-434d-ae12-bd0b2c182bc6,3895113,81,17302455100,17302455200
concurrency_n10_20260613_002350_kafka_feed8_rep1,kafka,sb-events-n10-feed8-rep1,e243eff1-e63a-41fb-98e9-2bde3272420a,3895113,81,17302482900,17302483200
concurrency_n10_20260613_002350_kafka_feed8_rep1,kafka,sb-events-n10-feed8-rep1,107a8aee-57d5-4f7a-8971-91621e90374f,3895086,81,17302509600,17302509800
concurrency_n10_20260613_002350_kafka_feed8_rep1,kafka,sb-events-n10-feed8-rep1,e6ae1bb5-29df-4ee2-861a-12940ff0fa0c,3895121,79,17302533600,17302533800
concurrency_n10_20260613_002350_kafka_feed8_rep1,kafka,sb-events-n10-feed8-rep1,d027a7a8-d227-41d0-854b-c86a4a71e20b,3895074,79,17302558800,17302558900
concurrency_n10_20260613_002350_kafka_feed8_rep1,kafka,sb-events-n10-feed8-rep1,a0ad5112-916a-41aa-8d46-d7681863838a,3895113,79,17302587900,17302588300
concurrency_n10_20260613_002350_kafka_feed8_rep1,kafka,sb-events-n10-feed8-rep1,b3e931e5-5dc9-4367-8a43-f27bd647d688,3895067,80,17302613800,17302614100
concurrency_n10_20260613_002350_kafka_feed8_rep1,kafka,sb-events-n10-feed8-rep1,86b4af1d-95ac-4092-9d96-efc8703ea4a6,3895113,80,17302643900,17302644100
concurrency_n10_20260613_002350_kafka_feed8_rep1,kafka,sb-events-n10-feed8-rep1,896dc77b-f5fe-4a62-bcb2-a2b3ea7c36a5,3895086,80,17302669300,17302669600
concurrency_n10_20260613_002350_kafka_feed8_rep1,kafka,sb-events-n10-feed8-rep1,e8cfafef-37c7-4e00-be7f-4bee056a1e72,3895052,81,17302694600,17302694700
concurrency_n10_20260613_002350_kafka_feed8_rep1,kafka,sb-events-n10-feed8-rep1,2a4589ee-8a60-4838-bb5f-949f057a46be,3895052,82,17323643000,17323643400
concurrency_n10_20260613_002350_kafka_feed8_rep1,kafka,sb-events-n10-feed8-rep1,507d41e8-a33f-4d01-b9ff-168feada4ee3,3895086,81,17323750900,17323751200
concurrency_n10_20260613_002350_kafka_feed8_rep1,kafka,sb-events-n10-feed8-rep1,f21cae0b-5501-4169-bf7a-f978ab2259b1,3895121,82,17323783100,17323805700
concurrency_n10_20260613_002350_kafka_feed8_rep1,kafka,sb-events-n10-feed8-rep1,62fbcc89-c9e1-40a1-acdd-06d58528a62b,3895121,82,17324029300,17324029500
concurrency_n10_20260613_002350_kafka_feed8_rep1,kafka,sb-events-n10-feed8-rep1,fe0f397f-f5e0-4759-9e45-af76f196daa7,3895052,82,17347507700,17347508200
concurrency_n10_20260613_002350_kafka_feed8_rep1,kafka,sb-events-n10-feed8-rep1,7f9bca75-fdac-456a-a077-a1b6679635f9,3895067,82,17347554400,17347554700
concurrency_n10_20260613_002350_kafka_feed8_rep1,kafka,sb-events-n10-feed8-rep1,13c22074-4da3-469f-af37-643f4a6d2211,3895074,83,17354641300,17354641900
concurrency_n10_20260613_002350_kafka_feed8_rep1,kafka,sb-events-n10-feed8-rep1,7e6e7d87-a93a-4d9b-9518-b45914cddc8e,3895086,82,17354721700,17354722100
concurrency_n10_20260613_002350_kafka_feed8_rep1,kafka,sb-events-n10-feed8-rep1,fa58fa6c-9d21-48a3-b8f9-7a66751a2a7a,3895074,83,17354751600,17354751800
concurrency_n10_20260613_002350_kafka_feed8_rep1,kafka,sb-events-n10-feed8-rep1,c5a4b0aa-b03e-4e82-a80a-ea91e7ecf394,3895052,83,17354777900,17354778100
concurrency_n10_20260613_002350_kafka_feed8_rep1,kafka,sb-events-n10-feed8-rep1,29ebd69c-b1d1-4dc7-b54b-31a857a4d433,3895067,83,17364884800,17364885200
concurrency_n10_20260613_002350_kafka_feed8_rep1,kafka,sb-events-n10-feed8-rep1,7f356a1a-a126-4380-8bab-651b39b4bceb,3895095,83,17372768100,17372768600
concurrency_n10_20260613_002350_kafka_feed8_rep1,kafka,sb-events-n10-feed8-rep1,e6de5b8f-521e-495c-bcc2-1496fe2c2457,3895067,83,17419222700,17419223300
concurrency_n10_20260613_002350_kafka_feed8_rep1,kafka,sb-events-n10-feed8-rep1,78eec9d2-2279-474b-8174-5955e289ab49,3895113,83,17419293300,17419293700
concurrency_n10_20260613_002350_kafka_feed8_rep1,kafka,sb-events-n10-feed8-rep1,787336fc-bb27-441e-9329-430b61f3c14b,3895086,83,17453455400,17453455700
concurrency_n10_20260613_002350_kafka_feed8_rep1,kafka,sb-events-n10-feed8-rep1,587dfd13-6676-4362-a28f-be1edea9a6c6,3895052,84,17453496200,17453496400
concurrency_n10_20260613_002350_kafka_feed8_rep1,kafka,sb-events-n10-feed8-rep1,56f7af39-fd83-4562-94a1-ef575eab5c2f,3895067,84,17453516300,17453516500
concurrency_n10_20260613_002350_kafka_feed8_rep1,kafka,sb-events-n10-feed8-rep1,ff5a7afc-11a6-4f3c-b55c-403c5730e20b,3895113,83,17453622400,17453622700
concurrency_n10_20260613_002350_kafka_feed8_rep1,kafka,sb-events-n10-feed8-rep1,111b9035-afa8-4884-8908-b5c13ccb8b02,3895086,84,17453698500,17453699000
concurrency_n10_20260613_002350_kafka_feed8_rep1,kafka,sb-events-n10-feed8-rep1,6c237c16-6750-4dc1-9995-bd07debf26c1,3895052,84,17453733200,17453733500
concurrency_n10_20260613_002350_kafka_feed8_rep1,kafka,sb-events-n10-feed8-rep1,6b5e6f95-6428-4d18-b21d-9c9a79525b5a,3895095,84,17453768700,17453769000
concurrency_n10_20260613_002350_kafka_feed8_rep1,kafka,sb-events-n10-feed8-rep1,2bac81e7-2ae1-49d5-93fc-c73136033765,3895095,84,17453791100,17453791300
concurrency_n10_20260613_002350_kafka_feed8_rep1,kafka,sb-events-n10-feed8-rep1,42a5a0e6-3823-4e64-ba59-9875f5ffb0ad,3895086,84,17453812600,17453812800
concurrency_n10_20260613_002350_kafka_feed8_rep1,kafka,sb-events-n10-feed8-rep1,7b1bfe4d-343b-4a49-9f36-ac1c9281053e,3895121,85,17482647800,17482648300
concurrency_n10_20260613_002350_kafka_feed8_rep1,kafka,sb-events-n10-feed8-rep1,5f38e18f-86ae-43b3-a606-39c39db57cee,3895052,85,17482692900,17482693100
concurrency_n10_20260613_002350_kafka_feed8_rep1,kafka,sb-events-n10-feed8-rep1,5b4be5da-e353-47d1-9aa2-e412034a7cc9,3895121,85,17482715300,17482715500
concurrency_n10_20260613_002350_kafka_feed8_rep1,kafka,sb-events-n10-feed8-rep1,5f0b504c-329e-4a36-9b61-e4fcfa79dbad,3895067,85,17482734000,17482734200
concurrency_n10_20260613_002350_kafka_feed8_rep1,kafka,sb-events-n10-feed8-rep1,d47829c7-5e69-4c6e-bd70-9fcceb367367,3895095,85,17492327900,17492328700
concurrency_n10_20260613_002350_kafka_feed8_rep1,kafka,sb-events-n10-feed8-rep1,8b9f3b73-7860-4cab-accb-f394ff0cf96f,3895067,85,17492369200,17492369500
concurrency_n10_20260613_002350_kafka_feed8_rep1,kafka,sb-events-n10-feed8-rep1,f3f24509-b665-4851-9411-fa3fd6de93f8,3895113,85,17566176700,17566176900
concurrency_n10_20260613_002350_kafka_feed8_rep1,kafka,sb-events-n10-feed8-rep1,6521de44-af00-4c95-a37f-4936185cbd0c,3895067,85,17566224100,17566224300
concurrency_n10_20260613_002350_kafka_feed8_rep1,kafka,sb-events-n10-feed8-rep1,726edc96-91b9-4771-85d8-b5dd43e7bbe3,3895086,85,17637806600,17637807300
concurrency_n10_20260613_002350_kafka_feed8_rep1,kafka,sb-events-n10-feed8-rep1,4d769c60-6b01-42c7-ba36-1565e549eae8,3895052,86,17637851400,17637851600
concurrency_n10_20260613_002350_kafka_feed8_rep1,kafka,sb-events-n10-feed8-rep1,c241d9b6-58dd-4ea2-8b5e-16e7aef4e822,3895052,86,17637873400,17637873500
concurrency_n10_20260613_002350_kafka_feed8_rep1,kafka,sb-events-n10-feed8-rep1,9f6e6858-572d-4258-b587-e91b56d684d3,3895067,86,17637892200,17637892300
concurrency_n10_20260613_002350_kafka_feed8_rep1,kafka,sb-events-n10-feed8-rep1,a4f84a5e-7d03-4a36-97ae-d1ad5b9e1121,3895067,86,17637921100,17637921200
concurrency_n10_20260613_002350_kafka_feed8_rep1,kafka,sb-events-n10-feed8-rep1,345cb7e8-5870-4a38-bc70-b4727a52d6fa,3895113,86,17637939900,17637940100
concurrency_n10_20260613_002350_kafka_feed8_rep1,kafka,sb-events-n10-feed8-rep1,6abd10fe-abb5-4ef7-8139-fc8300228420,3895113,86,17637958900,17637959000
concurrency_n10_20260613_002350_kafka_feed8_rep1,kafka,sb-events-n10-feed8-rep1,5d5b8e92-4834-42c7-886b-7c908d58f5ae,3895095,86,17637978900,17637979000
concurrency_n10_20260613_002350_kafka_feed8_rep1,kafka,sb-events-n10-feed8-rep1,3c0fbaec-8fc8-4e7a-99c4-0210d8e061e5,3895095,86,17637998000,17637998100
concurrency_n10_20260613_002350_kafka_feed8_rep1,kafka,sb-events-n10-feed8-rep1,540d57d3-6135-4d4e-ac1b-cdaf6d884ea2,3895086,86,17655618300,17655618700
concurrency_n10_20260613_002350_kafka_feed8_rep1,kafka,sb-events-n10-feed8-rep1,2747e907-b5f5-49ce-a909-8fda34bd750f,3895086,87,17655659400,17655659600
concurrency_n10_20260613_002350_kafka_feed8_rep1,kafka,sb-events-n10-feed8-rep1,bbe8d73a-45fd-4e6a-a589-d54755e6a1cc,3895086,86,17655681400,17655681600
concurrency_n10_20260613_002350_kafka_feed8_rep1,kafka,sb-events-n10-feed8-rep1,56d69800-edf7-4142-ab4c-9526158c14df,3895086,87,17655701800,17655702000
concurrency_n10_20260613_002350_kafka_feed8_rep1,kafka,sb-events-n10-feed8-rep1,2893e770-31b5-4ebb-841e-a1658c844d55,3895074,88,17655721400,17655721600
concurrency_n10_20260613_002350_kafka_feed8_rep1,kafka,sb-events-n10-feed8-rep1,29f5b82a-3d6b-4a71-9a45-22f52290b730,3895121,88,17655743200,17655743400
concurrency_n10_20260613_002350_kafka_feed8_rep1,kafka,sb-events-n10-feed8-rep1,42d34e4a-89a3-415f-a454-449a5dd7cdee,3895121,88,17655791800,17655792000
concurrency_n10_20260613_002350_kafka_feed8_rep1,kafka,sb-events-n10-feed8-rep1,0376753a-5e29-4cd4-a4d7-008663a3ef13,3895052,88,17655816100,17655816300
concurrency_n10_20260613_002350_kafka_feed8_rep1,kafka,sb-events-n10-feed8-rep1,f1de8ed7-dd06-4972-8198-fc3268ff24cf,3895052,87,17655837700,17655837800
concurrency_n10_20260613_002350_kafka_feed8_rep1,kafka,sb-events-n10-feed8-rep1,a8d82eb3-1443-4b6d-b31d-5118f044f4bc,3895052,87,17655857800,17655858000
concurrency_n10_20260613_002350_kafka_feed8_rep1,kafka,sb-events-n10-feed8-rep1,beca7090-e47b-48f6-97fe-75ca3adcef14,3895095,88,17655878300,17655878500
concurrency_n10_20260613_002350_kafka_feed8_rep1,kafka,sb-events-n10-feed8-rep1,d9b493eb-d245-442c-9601-4b14887e636d,3895067,88,17668771100,17668772000
concurrency_n10_20260613_002350_kafka_feed8_rep1,kafka,sb-events-n10-feed8-rep1,2d52eb52-cff2-401e-a12e-b6299e0198b1,3895067,88,17668817200,17668817600
concurrency_n10_20260613_002350_kafka_feed8_rep1,kafka,sb-events-n10-feed8-rep1,2a4b618e-fbb6-4fd9-b3f6-17220dbb0cd2,3895074,89,17668894800,17668895100
concurrency_n10_20260613_002350_kafka_feed8_rep1,kafka,sb-events-n10-feed8-rep1,646f5a83-a844-4c20-9a34-2cfae264f835,3895074,89,17672657300,17672658100
concurrency_n10_20260613_002350_kafka_feed8_rep1,kafka,sb-events-n10-feed8-rep1,64be0f38-c5d1-4a99-842b-603860a63b66,3895121,89,17688067200,17688067800
concurrency_n10_20260613_002350_kafka_feed8_rep1,kafka,sb-events-n10-feed8-rep1,d8fa0a0f-dbd5-4d56-849d-e542d0f4c863,3895052,89,17700378900,17700379500
concurrency_n10_20260613_002350_kafka_feed8_rep1,kafka,sb-events-n10-feed8-rep1,3c5e67f5-946c-4062-bb82-b40e613923ab,3895121,89,17700425000,17700425300
concurrency_n10_20260613_002350_kafka_feed8_rep1,kafka,sb-events-n10-feed8-rep1,4365972f-a6eb-41f4-8405-84a44f9c3f15,3895052,89,17722231600,17722232000
concurrency_n10_20260613_002350_kafka_feed8_rep1,kafka,sb-events-n10-feed8-rep1,1ebc41a8-9a54-4ed7-b7f0-0ad98ca182d9,3895121,90,17722281100,17722281300
concurrency_n10_20260613_002350_kafka_feed8_rep1,kafka,sb-events-n10-feed8-rep1,f5b2bcc8-9b50-4da0-aa1f-3d552544b1f0,3895095,90,17767788900,17767789400
concurrency_n10_20260613_002350_kafka_feed8_rep1,kafka,sb-events-n10-feed8-rep1,e9349458-19c1-433d-a74b-514a898592ca,3895052,90,17767882200,17767882600
concurrency_n10_20260613_002350_kafka_feed8_rep1,kafka,sb-events-n10-feed8-rep1,942e1fa9-401d-4f6a-aeda-0317698cd045,3895095,90,17767907000,17767907300
concurrency_n10_20260613_002350_kafka_feed8_rep1,kafka,sb-events-n10-feed8-rep1,70c06522-06f2-43da-a2bd-4356b359a600,3895067,91,17805123100,17805123700
concurrency_n10_20260613_002350_kafka_feed8_rep1,kafka,sb-events-n10-feed8-rep1,87f538be-2098-4fe4-8810-f51747834230,3895113,90,17805167000,17805167300
concurrency_n10_20260613_002350_kafka_feed8_rep1,kafka,sb-events-n10-feed8-rep1,66b31129-9550-48eb-aab9-fdc69ac92c81,3895113,90,17805189100,17805189300
concurrency_n10_20260613_002350_kafka_feed8_rep1,kafka,sb-events-n10-feed8-rep1,8e334322-dfb2-4dec-825b-7b610bd9d614,3895074,91,17805209200,17805209400
concurrency_n10_20260613_002350_kafka_feed8_rep1,kafka,sb-events-n10-feed8-rep1,df2e5510-62cc-4163-98c5-5a8a588c1ad8,3895113,90,17805230000,17805230200
concurrency_n10_20260613_002350_kafka_feed8_rep1,kafka,sb-events-n10-feed8-rep1,b313223c-4773-4a1b-bfa4-80104490c9eb,3895113,90,17805249300,17805249500
concurrency_n10_20260613_002350_kafka_feed8_rep1,kafka,sb-events-n10-feed8-rep1,b0a8fbce-c821-491c-a37f-da9d3746ba52,3895067,91,17805268400,17805268500
concurrency_n10_20260613_002350_kafka_feed8_rep1,kafka,sb-events-n10-feed8-rep1,dd6208c4-623c-488d-be28-3134d724633f,3895067,91,17805288200,17805288400
concurrency_n10_20260613_002350_kafka_feed8_rep1,kafka,sb-events-n10-feed8-rep1,416f6860-d593-4042-949c-a5da924f1a3a,3895113,92,17818972900,17818973300
concurrency_n10_20260613_002350_kafka_feed8_rep1,kafka,sb-events-n10-feed8-rep1,d258e6f7-f318-4cb5-88c3-f16a5e8f313c,3895086,91,17819015600,17819015900
concurrency_n10_20260613_002350_kafka_feed8_rep1,kafka,sb-events-n10-feed8-rep1,5b7445ba-ce8f-482b-8d65-82b1b4f2988a,3895067,91,17819039400,17819039600
concurrency_n10_20260613_002350_kafka_feed8_rep1,kafka,sb-events-n10-feed8-rep1,828b3f57-9b71-4499-ae26-f64755e48e20,3895113,91,17819060400,17819060600
concurrency_n10_20260613_002350_kafka_feed8_rep1,kafka,sb-events-n10-feed8-rep1,e68a1a15-69d7-40f2-b136-55b7c64aef10,3895074,92,17819080600,17819080800
concurrency_n10_20260613_002350_kafka_feed8_rep1,kafka,sb-events-n10-feed8-rep1,66973f0d-2300-46ef-a265-d3cf2d66f504,3895095,92,17819100800,17819100900
concurrency_n10_20260613_002350_kafka_feed8_rep1,kafka,sb-events-n10-feed8-rep1,0581db2b-9d21-40c8-a8fe-a36bac9bd0fe,3895113,92,17829482000,17829482500
concurrency_n10_20260613_002350_kafka_feed8_rep1,kafka,sb-events-n10-feed8-rep1,c6712579-4e48-4c9d-aca9-13c7ae5216d1,3895113,92,17829525100,17829525300
concurrency_n10_20260613_002350_kafka_feed8_rep1,kafka,sb-events-n10-feed8-rep1,2fa064d8-f9d2-4c60-87c3-f13c608a9d28,3895113,92,17838161100,17838161700
concurrency_n10_20260613_002350_kafka_feed8_rep1,kafka,sb-events-n10-feed8-rep1,7754eb17-443e-4c9f-8d7e-72d1d27c6976,3895086,92,17845057800,17845058500
concurrency_n10_20260613_002350_kafka_feed8_rep1,kafka,sb-events-n10-feed8-rep1,c1b1b2dc-2091-4daa-84c0-0d2383d34a86,3895086,92,17851944300,17851945200
concurrency_n10_20260613_002350_kafka_feed8_rep1,kafka,sb-events-n10-feed8-rep1,c9193dbc-a436-48e8-8fd1-6edce33ef239,3895121,93,17979573300,17979573700
concurrency_n10_20260613_002350_kafka_feed8_rep1,kafka,sb-events-n10-feed8-rep1,8591e32d-b0d5-4d52-99c1-f6f01c29e65c,3895134,93,17991037700,17991038100
concurrency_n10_20260613_002350_kafka_feed8_rep1,kafka,sb-events-n10-feed8-rep1,05cd20fa-12bd-4596-bee5-f161b155bfcc,3895052,93,17991081200,17991081500
concurrency_n10_20260613_002350_kafka_feed8_rep1,kafka,sb-events-n10-feed8-rep1,c5f54ab2-8a92-40ea-8281-2ef5c18edb30,3895052,93,17991104000,17991104200
concurrency_n10_20260613_002350_kafka_feed8_rep1,kafka,sb-events-n10-feed8-rep1,edee64bb-b610-4ca3-ae10-9c2b105e12c6,3895052,93,17991126300,17991126400
concurrency_n10_20260613_002350_kafka_feed8_rep1,kafka,sb-events-n10-feed8-rep1,3ccfac04-5845-4f47-8032-20180f4ffe45,3895095,93,17991146200,17991146400
concurrency_n10_20260613_002350_kafka_feed8_rep1,kafka,sb-events-n10-feed8-rep1,cab10015-6ac5-42f8-8be8-4ef18eb0c600,3895113,93,17991165100,17991165300
concurrency_n10_20260613_002350_kafka_feed8_rep1,kafka,sb-events-n10-feed8-rep1,e00a5ad0-eaf2-4669-b550-11fd0e701be9,3895074,94,17991251000,17991251300
concurrency_n10_20260613_002350_kafka_feed8_rep1,kafka,sb-events-n10-feed8-rep1,2b9c84e1-253a-4b23-ade6-906d178e7dbf,3895052,94,17991278600,17991278800
concurrency_n10_20260613_002350_kafka_feed8_rep1,kafka,sb-events-n10-feed8-rep1,28947f12-5bda-4d7a-8819-ae670f2b2ca1,3895052,94,17991298900,17991299100
concurrency_n10_20260613_002350_kafka_feed8_rep1,kafka,sb-events-n10-feed8-rep1,bd1d1124-a984-42f1-b66b-28b07f32153e,3895052,94,17991319200,17991319400
concurrency_n10_20260613_002350_kafka_feed8_rep1,kafka,sb-events-n10-feed8-rep1,e4c17700-43bb-43a3-ac49-f13944a9566e,3895052,94,17991339800,17991339900
concurrency_n10_20260613_002350_kafka_feed8_rep1,kafka,sb-events-n10-feed8-rep1,66f99ca0-8d55-4369-b532-8afa4fb60cb6,3895113,93,17991360100,17991360300
concurrency_n10_20260613_002350_kafka_feed8_rep1,kafka,sb-events-n10-feed8-rep1,43dbd405-1322-474b-af1c-daa2625cddd6,3895074,94,17991379400,17991379500
concurrency_n10_20260613_002350_kafka_feed8_rep1,kafka,sb-events-n10-feed8-rep1,f37a2ea2-ffd2-4be1-ae29-4d6fcdaa75c8,3895052,94,17991400300,17991400400
concurrency_n10_20260613_002350_kafka_feed8_rep1,kafka,sb-events-n10-feed8-rep1,728082f9-d38e-463f-b904-e542e36fb188,3895095,93,17991419000,17991419200
concurrency_n10_20260613_002350_kafka_feed8_rep1,kafka,sb-events-n10-feed8-rep1,e9499440-364d-4088-acc6-78a5c8f79b80,3895113,93,17991437300,17991437400
concurrency_n10_20260613_002350_kafka_feed8_rep1,kafka,sb-events-n10-feed8-rep1,1d6d4b5f-fcb8-4542-a2a0-cef25ccdbd81,3895121,94,17991455700,17991455800
concurrency_n10_20260613_002350_kafka_feed8_rep1,kafka,sb-events-n10-feed8-rep1,7b40fbd4-a6c0-40d7-b4f9-23abcffcd4c5,3895121,94,17991474800,17991474900
concurrency_n10_20260613_002350_kafka_feed8_rep1,kafka,sb-events-n10-feed8-rep1,d661cba6-658b-499f-805a-039b315ddbd1,3895134,94,17991493700,17991493800
concurrency_n10_20260613_002350_kafka_feed8_rep1,kafka,sb-events-n10-feed8-rep1,373c00ad-aaab-417b-8bd0-1d896bdb010c,3895134,94,17991513300,17991513400
concurrency_n10_20260613_002350_kafka_feed8_rep1,kafka,sb-events-n10-feed8-rep1,292d775e-e7f6-4184-a905-16b5d63af2ad,3895134,94,17991549100,17991549300
concurrency_n10_20260613_002350_kafka_feed8_rep1,kafka,sb-events-n10-feed8-rep1,6db048b0-fb35-4772-b8a4-385ff5d3bf54,3895052,94,17991570300,17991570400
concurrency_n10_20260613_002350_kafka_feed8_rep1,kafka,sb-events-n10-feed8-rep1,f0ddd78d-dbb8-4d59-a5a9-59a4471fb126,3895067,94,18005148000,18005148500
concurrency_n10_20260613_002350_kafka_feed8_rep1,kafka,sb-events-n10-feed8-rep1,ace43399-85d9-46d5-9d23-fb51847aead6,3895086,94,18005191300,18005191500
concurrency_n10_20260613_002350_kafka_feed8_rep1,kafka,sb-events-n10-feed8-rep1,5043e3af-3c3c-4fde-b62f-9da75c031686,3895074,95,18012796100,18012796800
concurrency_n10_20260613_002350_kafka_feed8_rep1,kafka,sb-events-n10-feed8-rep1,7fae2d6a-026a-49ee-96da-30429e822d18,3895134,95,18012838600,18012838800
concurrency_n10_20260613_002350_kafka_feed8_rep1,kafka,sb-events-n10-feed8-rep1,3742c998-92f6-475b-84cb-66d216cbb7b9,3895134,95,18021640200,18021640500
concurrency_n10_20260613_002350_kafka_feed8_rep1,kafka,sb-events-n10-feed8-rep1,8a11b84c-28ad-45df-b47d-888026d081da,3895134,95,18021679600,18021679800
concurrency_n10_20260613_002350_kafka_feed8_rep1,kafka,sb-events-n10-feed8-rep1,e72b1bcb-24bf-49c9-b727-7e1159f070d7,3895067,95,18031911400,18031911800
concurrency_n10_20260613_002350_kafka_feed8_rep1,kafka,sb-events-n10-feed8-rep1,6d272944-e0e1-4bba-95ea-74ddbcd89857,3895067,95,18031952000,18031952200
concurrency_n10_20260613_002350_kafka_feed8_rep1,kafka,sb-events-n10-feed8-rep1,c3e5d0fb-db35-45e3-ab6f-992a3559fa70,3895113,95,18037941900,18037942700
concurrency_n10_20260613_002350_kafka_feed8_rep1,kafka,sb-events-n10-feed8-rep1,38441982-a067-4462-a822-42717582d3f6,3895113,95,18037993000,18037993300
concurrency_n10_20260613_002350_kafka_feed8_rep1,kafka,sb-events-n10-feed8-rep1,2b992ee9-94f0-4cab-8f7a-855c68a6839d,3895086,95,18045944200,18045944600
concurrency_n10_20260613_002350_kafka_feed8_rep1,kafka,sb-events-n10-feed8-rep1,fdbc2ce9-1260-4093-84c7-967fefe71601,3895074,96,18045985100,18045985300
concurrency_n10_20260613_002350_kafka_feed8_rep1,kafka,sb-events-n10-feed8-rep1,689ce84b-5aa2-4e4d-856a-ae00e2bc2164,3895074,96,18052442200,18052442600
concurrency_n10_20260613_002350_kafka_feed8_rep1,kafka,sb-events-n10-feed8-rep1,81a2e0ba-0069-484b-b48d-3028ad8f8901,3895113,96,18052484200,18052484500
concurrency_n10_20260613_002350_kafka_feed8_rep1,kafka,sb-events-n10-feed8-rep1,5e3179a0-084a-4e80-9da2-5f35e8ec0452,3895086,96,18059940900,18059941200
concurrency_n10_20260613_002350_kafka_feed8_rep1,kafka,sb-events-n10-feed8-rep1,ba5596c8-74af-4d91-971f-67e828d714f1,3895086,96,18070995900,18070996300
concurrency_n10_20260613_002350_kafka_feed8_rep1,kafka,sb-events-n10-feed8-rep1,f1642bb5-9d19-4590-a656-35b6b538b16f,3895095,97,18071039000,18071039200
concurrency_n10_20260613_002350_kafka_feed8_rep1,kafka,sb-events-n10-feed8-rep1,604cba08-934e-4d65-adfc-d2e0e276c634,3895095,97,18082710900,18082711200
concurrency_n10_20260613_002350_kafka_feed8_rep1,kafka,sb-events-n10-feed8-rep1,4e0c0132-c685-4866-babe-f1f6449ebb28,3895067,97,18082754800,18082755000
concurrency_n10_20260613_002350_kafka_feed8_rep1,kafka,sb-events-n10-feed8-rep1,6c6e6e43-3708-4a97-a623-144db45e0acf,3895113,97,18082776100,18082776200
concurrency_n10_20260613_002350_kafka_feed8_rep1,kafka,sb-events-n10-feed8-rep1,1c8f3337-ba8c-4afc-9ce5-ba81c530b442,3895113,97,18087298500,18087298900
concurrency_n10_20260613_002350_kafka_feed8_rep1,kafka,sb-events-n10-feed8-rep1,246150e9-1505-46a9-bdb8-34f5bffecb20,3895113,97,18097173800,18097174200
concurrency_n10_20260613_002350_kafka_feed8_rep1,kafka,sb-events-n10-feed8-rep1,c0f7d5c0-0cc1-4b31-b688-e44c5aeb403a,3895067,98,18101502200,18101502900
concurrency_n10_20260613_002350_kafka_feed8_rep1,kafka,sb-events-n10-feed8-rep1,904d4597-9a8b-4c50-b89c-5e1276d64954,3895067,98,18106795000,18106795600
concurrency_n10_20260613_002350_kafka_feed8_rep1,kafka,sb-events-n10-feed8-rep1,f5f5e776-6f22-45f7-b749-df1979955015,3895113,98,18111531800,18111532200
concurrency_n10_20260613_002350_kafka_feed8_rep1,kafka,sb-events-n10-feed8-rep1,a1aa8792-71c5-4cec-8342-1f1de877fc46,3895074,99,18117141700,18117142100
concurrency_n10_20260613_002350_kafka_feed8_rep1,kafka,sb-events-n10-feed8-rep1,6a114c66-3879-45e7-a3f1-7127dc522348,3895134,99,18128712300,18128712700
concurrency_n10_20260613_002350_kafka_feed8_rep1,kafka,sb-events-n10-feed8-rep1,0e820704-1d4e-443f-a7a5-d4851762f39a,3895134,99,18133469500,18133470000
concurrency_n10_20260613_002350_kafka_feed8_rep1,kafka,sb-events-n10-feed8-rep1,17827804-f674-473a-902e-f330c076c8c1,3895134,99,18133510500,18133510700
concurrency_n10_20260613_002350_kafka_feed8_rep1,kafka,sb-events-n10-feed8-rep1,e21625cc-e833-4fae-8f65-fa74a92271c7,3895113,99,18139870900,18139871300
concurrency_n10_20260613_002350_kafka_feed8_rep1,kafka,sb-events-n10-feed8-rep1,0210955c-5e97-4eaa-962a-9b505438af33,3895067,100,18148908000,18148908500
concurrency_n10_20260613_002350_kafka_feed8_rep1,kafka,sb-events-n10-feed8-rep1,723686b3-e9f2-4317-bbcb-e453383a72c7,3895113,99,18148950900,18148951100
concurrency_n10_20260613_002350_kafka_feed8_rep1,kafka,sb-events-n10-feed8-rep1,d662683e-78f4-4327-a130-eca57da08e65,3895113,100,18154491400,18154491900
concurrency_n10_20260613_002350_kafka_feed8_rep1,kafka,sb-events-n10-feed8-rep1,e7a32d60-17f2-4653-b406-d3c00919ba68,3895086,100,18162914100,18162914800
concurrency_n10_20260613_002350_kafka_feed8_rep1,kafka,sb-events-n10-feed8-rep1,0ba11e25-68d9-45a5-8a08-7fb1024e737b,3895074,101,18172740500,18172740900
concurrency_n10_20260613_002350_kafka_feed8_rep1,kafka,sb-events-n10-feed8-rep1,82c166fa-ade3-48e4-9cfd-0a7b77351e5d,3895074,101,18172791100,18172791500
concurrency_n10_20260613_002350_kafka_feed8_rep1,kafka,sb-events-n10-feed8-rep1,90292410-abee-4709-9724-ebceff929eb5,3895074,101,18172815500,18172815800
concurrency_n10_20260613_002350_kafka_feed8_rep1,kafka,sb-events-n10-feed8-rep1,de7eb155-5947-48f4-a85b-989cf955acad,3895067,101,18178739400,18178739700
concurrency_n10_20260613_002350_kafka_feed8_rep1,kafka,sb-events-n10-feed8-rep1,8853c9b4-5f34-4c74-bb8e-5e91ea6e82fd,3895067,101,18189225100,18189225800
concurrency_n10_20260613_002350_kafka_feed8_rep1,kafka,sb-events-n10-feed8-rep1,1e5fa95c-f7bb-4ee5-b98f-7e2a7d2d8740,3895067,101,18189265000,18189265200
concurrency_n10_20260613_002350_kafka_feed8_rep1,kafka,sb-events-n10-feed8-rep1,13308a5e-185e-437c-93b3-04925e1f7a7f,3895113,101,18196229600,18196230000
concurrency_n10_20260613_002350_kafka_feed8_rep1,kafka,sb-events-n10-feed8-rep1,e1b23096-a8e4-46c7-bf3c-5a8d02ec2fca,3895113,101,18196278100,18196278400
concurrency_n10_20260613_002350_kafka_feed8_rep1,kafka,sb-events-n10-feed8-rep1,55ae1db6-a1c7-4396-b6fa-6639141da51f,3895113,101,18203451800,18203452600
concurrency_n10_20260613_002350_kafka_feed8_rep1,kafka,sb-events-n10-feed8-rep1,ec34c8e8-e439-417d-be80-dee7a13d9afe,3895134,102,18203490200,18203490400
concurrency_n10_20260613_002350_kafka_feed8_rep1,kafka,sb-events-n10-feed8-rep1,55dbbd79-e70f-447c-ab7a-e41b1498ac79,3895134,102,18210012700,18210013000
concurrency_n10_20260613_002350_kafka_feed8_rep1,kafka,sb-events-n10-feed8-rep1,cfe7d394-f3bb-49eb-84d0-499aabcfe0e2,3895134,102,18210049500,18210049700
concurrency_n10_20260613_002350_kafka_feed8_rep1,kafka,sb-events-n10-feed8-rep1,f1c92395-1a06-456d-9d88-ab3208cfe8f6,3895113,102,18216107600,18216108000
concurrency_n10_20260613_002350_kafka_feed8_rep1,kafka,sb-events-n10-feed8-rep1,9e3a9e99-b3bd-4944-b63c-656899f9748c,3895113,102,18221070500,18221070900
concurrency_n10_20260613_002350_kafka_feed8_rep1,kafka,sb-events-n10-feed8-rep1,5b0a5ebd-4ef7-42d2-86e9-765c1bf6aacd,3895113,102,18229582300,18229583300
concurrency_n10_20260613_002350_kafka_feed8_rep1,kafka,sb-events-n10-feed8-rep1,2819dbe2-3954-4dc1-b68f-d793b69fb516,3895086,102,18234048000,18234048400
concurrency_n10_20260613_002350_kafka_feed8_rep1,kafka,sb-events-n10-feed8-rep1,7c0046e9-5242-4e8f-b221-663acbf246b9,3895086,102,18234087000,18234087200
concurrency_n10_20260613_002350_kafka_feed8_rep1,kafka,sb-events-n10-feed8-rep1,b784b8bd-c600-44fd-8613-ef300f482c1b,3895067,103,18237590300,18237590700
concurrency_n10_20260613_002350_kafka_feed8_rep1,kafka,sb-events-n10-feed8-rep1,ab82d08d-066f-4d9a-af27-bdf9139ddf57,3895113,103,18253597000,18253597400
concurrency_n10_20260613_002350_kafka_feed8_rep1,kafka,sb-events-n10-feed8-rep1,1709bde2-a33d-4bff-ab11-c14976e26251,3895113,103,18253642100,18253642300
concurrency_n10_20260613_002350_kafka_feed8_rep1,kafka,sb-events-n10-feed8-rep1,d410a0bd-dba4-4ce7-abf5-6e2d33f31d8d,3895086,103,18263135300,18263135700
concurrency_n10_20260613_002350_kafka_feed8_rep1,kafka,sb-events-n10-feed8-rep1,0f7c0920-c2ab-4b17-823a-d1b6604457e9,3895134,104,18263221900,18263222100
concurrency_n10_20260613_002350_kafka_feed8_rep1,kafka,sb-events-n10-feed8-rep1,11460547-0c20-4ed4-9e6b-f686939aeada,3895134,104,18270905000,18270905300
concurrency_n10_20260613_002350_kafka_feed8_rep1,kafka,sb-events-n10-feed8-rep1,7b844904-4518-49e9-8d58-2d70f4261222,3895067,104,18270943400,18270943600
concurrency_n10_20260613_002350_kafka_feed8_rep1,kafka,sb-events-n10-feed8-rep1,379b1c5d-9bb5-4352-b0dd-7d4224d24cf1,3895067,104,18278228600,18278229200
concurrency_n10_20260613_002350_kafka_feed8_rep1,kafka,sb-events-n10-feed8-rep1,c65987b8-a2c4-47cb-a3a4-b90d6e934106,3895067,104,18288524700,18288525200
concurrency_n10_20260613_002350_kafka_feed8_rep1,kafka,sb-events-n10-feed8-rep1,c33b8bd3-6d11-49d7-a7c4-ef3e239c1f54,3895113,104,18297734000,18297734500
concurrency_n10_20260613_002350_kafka_feed8_rep1,kafka,sb-events-n10-feed8-rep1,8581b9b0-2405-4d83-99b5-371a0d861078,3895086,104,18297773600,18297773800
concurrency_n10_20260613_002350_kafka_feed8_rep1,kafka,sb-events-n10-feed8-rep1,37948d06-f6fd-4260-8720-417930402e39,3895113,104,18306275500,18306275800
concurrency_n10_20260613_002350_kafka_feed8_rep1,kafka,sb-events-n10-feed8-rep1,5a0472aa-e08b-4d06-ab73-efbd5b50381b,3895086,104,18306317500,18306317800
concurrency_n10_20260613_002350_kafka_feed8_rep1,kafka,sb-events-n10-feed8-rep1,72e045c1-5699-46b1-b609-47e88ca8b9c6,3895052,105,18319116300,18319116700
concurrency_n10_20260613_002350_kafka_feed8_rep1,kafka,sb-events-n10-feed8-rep1,bba7fe11-e6e4-4489-9154-a1b0e1527094,3895107,105,18319156700,18319156900
concurrency_n10_20260613_002350_kafka_feed8_rep1,kafka,sb-events-n10-feed8-rep1,5d93f9ec-dd62-4143-b88c-53cf9db42807,3895134,105,18319179300,18319179400
concurrency_n10_20260613_002350_kafka_feed8_rep1,kafka,sb-events-n10-feed8-rep1,bc5ac9dc-cfb7-40ad-9fbb-76f4bc5fe84c,3895067,105,18330445200,18330445700
concurrency_n10_20260613_002350_kafka_feed8_rep1,kafka,sb-events-n10-feed8-rep1,b7e73470-d092-435d-b493-4c5a02853b61,3895067,105,18348551700,18348552300
concurrency_n10_20260613_002350_kafka_feed8_rep1,kafka,sb-events-n10-feed8-rep1,e65f6899-862d-413f-8f65-7e29da7b66d1,3895067,105,18348615800,18348616100
concurrency_n10_20260613_002350_kafka_feed8_rep1,kafka,sb-events-n10-feed8-rep1,ef25cd4c-3a03-4433-bcce-04171dcc3521,3895086,105,18357348800,18357349300
concurrency_n10_20260613_002350_kafka_feed8_rep1,kafka,sb-events-n10-feed8-rep1,343a3699-95eb-48de-a123-f751839fa5d5,3895134,106,18364472800,18364473100
concurrency_n10_20260613_002350_kafka_feed8_rep1,kafka,sb-events-n10-feed8-rep1,5007351f-cf6d-4f38-abfb-07149e361068,3895067,106,18364736700,18364737100
concurrency_n10_20260613_002350_kafka_feed8_rep1,kafka,sb-events-n10-feed8-rep1,7c71c9e4-3c68-4d91-a719-0c1f3b736f50,3895067,106,18372759700,18372760300
concurrency_n10_20260613_002350_kafka_feed8_rep1,kafka,sb-events-n10-feed8-rep1,f2c5825d-365a-4682-a9dc-dd203fbf5457,3895113,106,18372798800,18372799000
concurrency_n10_20260613_002350_kafka_feed8_rep1,kafka,sb-events-n10-feed8-rep1,29e0c466-391a-40f8-b4ce-2fe8f2d3cbd9,3895113,106,18383307800,18383308400
concurrency_n10_20260613_002350_kafka_feed8_rep1,kafka,sb-events-n10-feed8-rep1,0e8d6519-0edf-47c9-8305-2c826a71513f,3895086,106,18496563800,18496564100
concurrency_n10_20260613_002350_kafka_feed8_rep1,kafka,sb-events-n10-feed8-rep1,cbdba06b-9e29-414c-bc4f-9580fbb9f441,3895052,107,18575051800,18575052300
concurrency_n10_20260613_002350_kafka_feed8_rep1,kafka,sb-events-n10-feed8-rep1,2526c2b2-3b7c-436a-b75d-14c0e76b7337,3895052,107,18575093800,18575094100
concurrency_n10_20260613_002350_kafka_feed8_rep1,kafka,sb-events-n10-feed8-rep1,9e3511f7-13cb-4b3c-9f7e-5a70e1446bcb,3895134,107,18575118000,18575118200
concurrency_n10_20260613_002350_kafka_feed8_rep1,kafka,sb-events-n10-feed8-rep1,702f074d-fb36-45a2-be9a-6abdcd182ce0,3895134,107,18575142100,18575142300
concurrency_n10_20260613_002350_kafka_feed8_rep1,kafka,sb-events-n10-feed8-rep1,9ad57bd7-c9d8-4dbc-b7df-c826e2a93276,3895107,107,18575165000,18575165200
concurrency_n10_20260613_002350_kafka_feed8_rep1,kafka,sb-events-n10-feed8-rep1,f6a1cf5d-91aa-4da6-92eb-ea7261dc67e3,3895107,108,18575188600,18575188700
concurrency_n10_20260613_002350_kafka_feed8_rep1,kafka,sb-events-n10-feed8-rep1,41d0ce65-e3fe-4ec0-a9f2-c2a7eebff4e0,3895107,108,18575210000,18575210200
concurrency_n10_20260613_002350_kafka_feed8_rep1,kafka,sb-events-n10-feed8-rep1,9be6d5b2-1def-4cbc-ae53-a779159d0915,3895113,106,18575231200,18575231500
concurrency_n10_20260613_002350_kafka_feed8_rep1,kafka,sb-events-n10-feed8-rep1,e9cab33f-5f40-49a3-b7fc-a69771b80008,3895086,106,18575260400,18575260600
concurrency_n10_20260613_002350_kafka_feed8_rep1,kafka,sb-events-n10-feed8-rep1,27646fac-073e-4ef6-b37d-d3e1d12fadff,3895134,107,18575282900,18575283000
concurrency_n10_20260613_002350_kafka_feed8_rep1,kafka,sb-events-n10-feed8-rep1,c97e8cf5-546c-47b5-ae9a-2727d472a505,3895107,107,18575304100,18575304300
concurrency_n10_20260613_002350_kafka_feed8_rep1,kafka,sb-events-n10-feed8-rep1,9de49e44-f9ca-4936-8169-093f6a29bbb3,3895121,108,18575325600,18575325700
concurrency_n10_20260613_002350_kafka_feed8_rep1,kafka,sb-events-n10-feed8-rep1,1f358520-88de-4fba-acdc-1b07a205435e,3895107,108,18575343300,18575343500
concurrency_n10_20260613_002350_kafka_feed8_rep1,kafka,sb-events-n10-feed8-rep1,20619fe5-acd9-4561-b937-977ea2e815a4,3895107,107,18575361800,18575362000
concurrency_n10_20260613_002350_kafka_feed8_rep1,kafka,sb-events-n10-feed8-rep1,0c2762f4-d89c-498f-8f26-7427fe581ffb,3895121,109,18597202400,18597202800
concurrency_n10_20260613_002350_kafka_feed8_rep1,kafka,sb-events-n10-feed8-rep1,6a9dcea1-2952-4c3a-98e4-4c6c65274736,3895052,109,18597300300,18597300500
concurrency_n10_20260613_002350_kafka_feed8_rep1,kafka,sb-events-n10-feed8-rep1,b4b06f9a-98a5-44e6-ba3e-b31d9951b125,3895052,109,18597324800,18597325000
concurrency_n10_20260613_002350_kafka_feed8_rep1,kafka,sb-events-n10-feed8-rep1,21dee0fb-5d81-48c1-8288-7f701d838295,3895067,108,18597344500,18597344700
concurrency_n10_20260613_002350_kafka_feed8_rep1,kafka,sb-events-n10-feed8-rep1,9c0d8c9d-b5b7-46ba-9304-d716adc447c2,3895086,108,18597362600,18597362800
concurrency_n10_20260613_002350_kafka_feed8_rep1,kafka,sb-events-n10-feed8-rep1,a08bd5e4-b884-40a9-99e7-2e6ec11c9468,3895052,109,18597379800,18597380000
concurrency_n10_20260613_002350_kafka_feed8_rep1,kafka,sb-events-n10-feed8-rep1,992bbe98-e47e-4708-89d4-a6ab8c0af31d,3895134,109,18597398200,18597398300
concurrency_n10_20260613_002350_kafka_feed8_rep1,kafka,sb-events-n10-feed8-rep1,b5ebc124-dbfd-4356-a6eb-2609f9143ccd,3895121,109,18597415900,18597416000
concurrency_n10_20260613_002350_kafka_feed8_rep1,kafka,sb-events-n10-feed8-rep1,142b9c29-49d5-4f3a-b30a-e573ddbf7700,3895107,109,18602896500,18602896900
concurrency_n10_20260613_002350_kafka_feed8_rep1,kafka,sb-events-n10-feed8-rep1,e0feafd9-95d2-4415-a36f-cb898baf5a29,3895107,109,18602939400,18602939700
concurrency_n10_20260613_002350_kafka_feed8_rep1,kafka,sb-events-n10-feed8-rep1,911c8215-0099-46a6-ad30-00c107b2179a,3895107,109,18642386200,18642386600
concurrency_n10_20260613_002350_kafka_feed8_rep1,kafka,sb-events-n10-feed8-rep1,c5f98d0c-da42-4c2c-82fe-8b575b76bda1,3895107,109,18642457500,18642457900
concurrency_n10_20260613_002350_kafka_feed8_rep1,kafka,sb-events-n10-feed8-rep1,24d6b1ef-00d0-4d6c-aa3b-c7820ef973c0,3895113,109,18687383600,18687384000
concurrency_n10_20260613_002350_kafka_feed8_rep1,kafka,sb-events-n10-feed8-rep1,c7efcc3e-070e-40d8-a151-a97c646a22dc,3895086,109,18687490300,18687490500
concurrency_n10_20260613_002350_kafka_feed8_rep1,kafka,sb-events-n10-feed8-rep1,ce9691b1-8c85-4575-8f83-6d6b0dd6ae29,3895086,109,18687513000,18687513200
concurrency_n10_20260613_002350_kafka_feed8_rep1,kafka,sb-events-n10-feed8-rep1,97be3159-7459-47e2-a9a3-236c8c402e2e,3895052,110,18687536300,18687536500
concurrency_n10_20260613_002350_kafka_feed8_rep1,kafka,sb-events-n10-feed8-rep1,c3323881-9112-4b7d-b3cf-06062fcb5902,3895052,110,18713716800,18713717300
concurrency_n10_20260613_002350_kafka_feed8_rep1,kafka,sb-events-n10-feed8-rep1,8107f6b4-2ca4-4426-b2f1-fddbf56b3d12,3895107,110,18715291300,18715291700
concurrency_n10_20260613_002350_kafka_feed8_rep1,kafka,sb-events-n10-feed8-rep1,61d9445d-6620-45a8-9d8c-b32705645f62,3895107,110,18715319500,18715319800
concurrency_n10_20260613_002350_kafka_feed8_rep1,kafka,sb-events-n10-feed8-rep1,5cdf8f93-3144-4a4d-b2b7-50ef011136b8,3895107,110,18715352600,18715352900
concurrency_n10_20260613_002350_kafka_feed8_rep1,kafka,sb-events-n10-feed8-rep1,e7340a13-792c-4042-b5d0-9ead45dbf21f,3895067,110,18779314400,18779314800
concurrency_n10_20260613_002350_kafka_feed8_rep1,kafka,sb-events-n10-feed8-rep1,b8b38f3e-a656-4846-a0ed-da17aa29d986,3895113,110,18779355400,18779355600
concurrency_n10_20260613_002350_kafka_feed8_rep1,kafka,sb-events-n10-feed8-rep1,91483f9e-a629-476a-9701-36dbd203741d,3895067,110,18779376300,18779376500
concurrency_n10_20260613_002350_kafka_feed8_rep1,kafka,sb-events-n10-feed8-rep1,7c853898-8a8a-46f3-ba54-ccd88563a52e,3895113,110,18779396500,18779396700
concurrency_n10_20260613_002350_kafka_feed8_rep1,kafka,sb-events-n10-feed8-rep1,a9799eea-c672-4ecd-9ba0-90a736c24a87,3895067,110,18779417300,18779417500
concurrency_n10_20260613_002350_kafka_feed8_rep1,kafka,sb-events-n10-feed8-rep1,6762475a-b66e-4b20-b7af-fbde39fdc7c9,3895113,110,18779438000,18779438200
concurrency_n10_20260613_002350_kafka_feed8_rep1,kafka,sb-events-n10-feed8-rep1,26c094bc-d1c8-42f2-b616-325b8e085f8f,3895113,110,18800713500,18800713900
concurrency_n10_20260613_002350_kafka_feed8_rep1,kafka,sb-events-n10-feed8-rep1,6aa04e2b-f226-4e4c-84a1-6438d188c9a6,3895052,112,18800755400,18800755600
concurrency_n10_20260613_002350_kafka_feed8_rep1,kafka,sb-events-n10-feed8-rep1,2e64c80b-b9a7-440c-8066-930bfa2c46bb,3895107,112,18800776300,18800776500
concurrency_n10_20260613_002350_kafka_feed8_rep1,kafka,sb-events-n10-feed8-rep1,70ac486f-ae17-4fb7-9926-eff1d5fcb4d3,3895113,110,18800796100,18800796300
concurrency_n10_20260613_002350_kafka_feed8_rep1,kafka,sb-events-n10-feed8-rep1,64bc8b69-4baf-4c85-9ea8-a8cb97bc5fb4,3895121,111,18800816000,18800816200
concurrency_n10_20260613_002350_kafka_feed8_rep1,kafka,sb-events-n10-feed8-rep1,67f159f8-0e87-477b-aad7-f2484553936e,3895113,110,18800837300,18800837500
concurrency_n10_20260613_002350_kafka_feed8_rep1,kafka,sb-events-n10-feed8-rep1,3fd9667f-d5ab-42b7-9320-b4a4407a7260,3895113,111,18800858500,18800858600
concurrency_n10_20260613_002350_kafka_feed8_rep1,kafka,sb-events-n10-feed8-rep1,7a548134-dd4e-470b-bfab-5d177d356f45,3895067,112,18844583000,18844583600
concurrency_n10_20260613_002350_kafka_feed8_rep1,kafka,sb-events-n10-feed8-rep1,19bba5a5-8072-4b4c-801f-234c78944a77,3895107,112,18844636900,18844637200
concurrency_n10_20260613_002350_kafka_feed8_rep1,kafka,sb-events-n10-feed8-rep1,750b8b16-cb65-4b93-9bf2-b66af9280590,3895121,113,18864291600,18864292300
concurrency_n10_20260613_002350_kafka_feed8_rep1,kafka,sb-events-n10-feed8-rep1,c7d7a1e8-0f1a-4674-8818-e29ff292795b,3895052,113,18864406400,18864406800
concurrency_n10_20260613_002350_kafka_feed8_rep1,kafka,sb-events-n10-feed8-rep1,45002568-a496-4ab7-87a7-380e89d6640d,3895067,112,18864441400,18864441700
concurrency_n10_20260613_002350_kafka_feed8_rep1,kafka,sb-events-n10-feed8-rep1,ddadd240-6377-490e-a404-b37b67a30fd4,3895067,112,18864471700,18864472100
concurrency_n10_20260613_002350_kafka_feed8_rep1,kafka,sb-events-n10-feed8-rep1,9314664c-5c01-4a5a-b79c-e7881d06fd32,3895086,112,18864502300,18864502600
concurrency_n10_20260613_002350_kafka_feed8_rep1,kafka,sb-events-n10-feed8-rep1,dc4271d8-7107-479f-a6b7-343a5e10fc80,3895113,112,18864532300,18864532500
concurrency_n10_20260613_002350_kafka_feed8_rep1,kafka,sb-events-n10-feed8-rep1,d61632a6-1e43-412c-9930-695e7a0e3878,3895121,113,18864562500,18864562700
concurrency_n10_20260613_002350_kafka_feed8_rep1,kafka,sb-events-n10-feed8-rep1,9a0e6542-ddb5-4cc5-ac8e-762f234226e1,3895121,113,18864592100,18864592300
concurrency_n10_20260613_002350_kafka_feed8_rep1,kafka,sb-events-n10-feed8-rep1,97d8e43c-7f14-4447-ae06-290765162250,3895052,113,18883839400,18883839800
concurrency_n10_20260613_002350_kafka_feed8_rep1,kafka,sb-events-n10-feed8-rep1,c8ff62dc-59ef-4080-baee-5f6217dbc1bb,3895052,113,18896961100,18896961400
concurrency_n10_20260613_002350_kafka_feed8_rep1,kafka,sb-events-n10-feed8-rep1,b248d17d-7408-44b7-80ac-950b87e98a57,3895052,113,18897012800,18897013000
concurrency_n10_20260613_002350_kafka_feed8_rep1,kafka,sb-events-n10-feed8-rep1,d504c8cc-bf08-403b-9f0f-1d3dfc3b260c,3895067,113,18915888000,18915888600
concurrency_n10_20260613_002350_kafka_feed8_rep1,kafka,sb-events-n10-feed8-rep1,dbc49305-1448-401e-a486-14dac27ad308,3895086,113,18941864600,18941865200
concurrency_n10_20260613_002350_kafka_feed8_rep1,kafka,sb-events-n10-feed8-rep1,b50cfe07-9c82-4ab6-8959-f4124f7e95da,3895067,113,18941909000,18941909400
concurrency_n10_20260613_002350_kafka_feed8_rep1,kafka,sb-events-n10-feed8-rep1,3d1371cd-b194-40a5-92e0-a41779d68bd5,3895113,113,18964224700,18964225300
concurrency_n10_20260613_002350_kafka_feed8_rep1,kafka,sb-events-n10-feed8-rep1,2116b6a3-7d95-4e53-98ab-20afb5dd9951,3895113,113,18964264500,18964264700
concurrency_n10_20260613_002350_kafka_feed8_rep1,kafka,sb-events-n10-feed8-rep1,c58e2f66-49be-477c-bbb6-b18188180609,3895086,113,18964285000,18964285100
concurrency_n10_20260613_002350_kafka_feed8_rep1,kafka,sb-events-n10-feed8-rep1,26953926-00a3-4f5f-bb1d-6a7249bae936,3895113,113,18964306500,18964306600
concurrency_n10_20260613_002350_kafka_feed8_rep1,kafka,sb-events-n10-feed8-rep1,91f0bfc9-6dac-47b0-bafb-9f62e10a710f,3895113,113,18978450200,18978450700
concurrency_n10_20260613_002350_kafka_feed8_rep1,kafka,sb-events-n10-feed8-rep1,ed61d850-a665-4e5e-a9b4-fa4860cd73a9,3895052,114,18991891200,18991892700
concurrency_n10_20260613_002350_kafka_feed8_rep1,kafka,sb-events-n10-feed8-rep1,171eff5b-4437-41ee-927f-e533939b451c,3895134,114,18991938000,18991938300
concurrency_n10_20260613_002350_kafka_feed8_rep1,kafka,sb-events-n10-feed8-rep1,0186c979-505b-41c3-9b8e-6bb584c2d354,3895134,114,18991965400,18991965500
concurrency_n10_20260613_002350_kafka_feed8_rep1,kafka,sb-events-n10-feed8-rep1,be1bdcf2-142d-411b-ba28-d6c2499bbd28,3895052,114,19006982000,19006982500
concurrency_n10_20260613_002350_kafka_feed8_rep1,kafka,sb-events-n10-feed8-rep1,c9f142b4-0f18-423c-9272-741f44713316,3895052,114,19007021300,19007021500
concurrency_n10_20260613_002350_kafka_feed8_rep1,kafka,sb-events-n10-feed8-rep1,b45e1a89-6f3c-4d8f-ad6c-9deb82845628,3895052,114,19022206300,19022206900
concurrency_n10_20260613_002350_kafka_feed8_rep1,kafka,sb-events-n10-feed8-rep1,7377ad6e-fa0b-4596-81b9-ac590287046b,3895107,114,19022251300,19022251600
concurrency_n10_20260613_002350_kafka_feed8_rep1,kafka,sb-events-n10-feed8-rep1,db789b2b-870f-4716-b452-e54958307050,3895052,114,19022274700,19022274900
concurrency_n10_20260613_002350_kafka_feed8_rep1,kafka,sb-events-n10-feed8-rep1,a9acce11-8ebc-41d3-9fe6-2333092d65b6,3895107,114,19022294400,19022294700
concurrency_n10_20260613_002350_kafka_feed8_rep1,kafka,sb-events-n10-feed8-rep1,0f2e3e9c-1659-4b1e-8767-68615acb8390,3895067,114,19037525700,19037526100
concurrency_n10_20260613_002350_kafka_feed8_rep1,kafka,sb-events-n10-feed8-rep1,d3ed5183-b51f-426c-9c0d-0b3772c2d450,3895113,114,19037566300,19037566700
concurrency_n10_20260613_002350_kafka_feed8_rep1,kafka,sb-events-n10-feed8-rep1,0ede5dbd-8812-4aea-8181-e9fa6fd135cf,3895113,114,19037594400,19037594600
concurrency_n10_20260613_002350_kafka_feed8_rep1,kafka,sb-events-n10-feed8-rep1,cdde5370-fb15-4a58-adf4-45eed020acf8,3895113,114,19050851100,19050851600
concurrency_n10_20260613_002350_kafka_feed8_rep1,kafka,sb-events-n10-feed8-rep1,17cb5297-54dd-428b-9795-e463bf435ca1,3895121,115,19052591800,19052592200
concurrency_n10_20260613_002350_kafka_feed8_rep1,kafka,sb-events-n10-feed8-rep1,50a6623d-60b8-45b1-8685-0701fb4f6c9f,3895121,115,19068102500,19068102900
concurrency_n10_20260613_002350_kafka_feed8_rep1,kafka,sb-events-n10-feed8-rep1,7a1ba5fc-c4e3-4918-a896-085d43ee76b6,3895121,115,19068144900,19068145200
concurrency_n10_20260613_002350_kafka_feed8_rep1,kafka,sb-events-n10-feed8-rep1,3d4305d7-c8f8-4354-b310-21e2b727b442,3895134,115,19068211400,19068211600
concurrency_n10_20260613_002350_kafka_feed8_rep1,kafka,sb-events-n10-feed8-rep1,9448c0b2-c494-4c40-a7e6-8959d9c073ef,3895134,115,19077233900,19077234300
concurrency_n10_20260613_002350_kafka_feed8_rep1,kafka,sb-events-n10-feed8-rep1,0e3ede14-3ebc-41c2-a975-1d49d5de4bb2,3895052,115,19093908900,19093909300
concurrency_n10_20260613_002350_kafka_feed8_rep1,kafka,sb-events-n10-feed8-rep1,0e7d8edf-fcfa-4072-b346-cbca8880cbc6,3895052,115,19093948800,19093949000
concurrency_n10_20260613_002350_kafka_feed8_rep1,kafka,sb-events-n10-feed8-rep1,9074ea1f-84fd-41b2-a58d-64c5e86f206f,3895107,115,19104394100,19104394800
concurrency_n10_20260613_002350_kafka_feed8_rep1,kafka,sb-events-n10-feed8-rep1,b5e59fb5-c369-47e1-92be-0a5e0073312b,3895107,115,19104436800,19104437100
concurrency_n10_20260613_002350_kafka_feed8_rep1,kafka,sb-events-n10-feed8-rep1,f10a1738-f05c-41c3-bb31-199f77d1efe5,3895052,115,19104459000,19104459200
concurrency_n10_20260613_002350_kafka_feed8_rep1,kafka,sb-events-n10-feed8-rep1,0b564d85-b990-494e-92dc-f5c12a9ad7e7,3895067,115,19117434400,19117435000
concurrency_n10_20260613_002350_kafka_feed8_rep1,kafka,sb-events-n10-feed8-rep1,dfa44927-1786-4242-a3c9-6bb78f92a41d,3895121,116,19139753200,19139753500
concurrency_n10_20260613_002350_kafka_feed8_rep1,kafka,sb-events-n10-feed8-rep1,28167a01-c198-4e27-808e-d05ab7dd92fe,3895121,116,19139801100,19139801400
concurrency_n10_20260613_002350_kafka_feed8_rep1,kafka,sb-events-n10-feed8-rep1,53f544f0-0701-4acc-8950-50e2edc7b679,3895052,116,19153771300,19153771900
concurrency_n10_20260613_002350_kafka_feed8_rep1,kafka,sb-events-n10-feed8-rep1,12de5a66-0731-4744-9042-e9da4bd3738e,3895121,116,19153821600,19153821900
concurrency_n10_20260613_002350_kafka_feed8_rep1,kafka,sb-events-n10-feed8-rep1,22f8ff4f-420d-4b03-b190-3fe080a231eb,3895107,116,19153847100,19153847400
concurrency_n10_20260613_002350_kafka_feed8_rep1,kafka,sb-events-n10-feed8-rep1,ba8994b3-43e5-4898-9f47-3d747cc8a03e,3895052,116,19153870900,19153871100
concurrency_n10_20260613_002350_kafka_feed8_rep1,kafka,sb-events-n10-feed8-rep1,3297912b-e9f2-42e0-a8f7-19bca286fa92,3895067,116,19165972300,19165973200
concurrency_n10_20260613_002350_kafka_feed8_rep1,kafka,sb-events-n10-feed8-rep1,6b35b1b1-3299-4f91-9b89-b78502892306,3895067,116,19166018500,19166018800
concurrency_n10_20260613_002350_kafka_feed8_rep1,kafka,sb-events-n10-feed8-rep1,98e9e7f9-90c2-49d9-8f4a-9b3f5f40c4e7,3895113,116,19176238900,19176239300
concurrency_n10_20260613_002350_kafka_feed8_rep1,kafka,sb-events-n10-feed8-rep1,17bc10e3-7560-4f0f-a656-c11a10466f53,3895107,117,19202586000,19202586800
concurrency_n10_20260613_002350_kafka_feed8_rep1,kafka,sb-events-n10-feed8-rep1,d509cfef-14fd-48df-9635-76fd2b71384f,3895107,117,19203002200,19203002500
concurrency_n10_20260613_002350_kafka_feed8_rep1,kafka,sb-events-n10-feed8-rep1,07e7d61f-9a36-47c6-9600-14f7c660e7be,3895067,117,19238675800,19238676600
concurrency_n10_20260613_002350_kafka_feed8_rep1,kafka,sb-events-n10-feed8-rep1,ae378274-737d-4255-a738-ee950d3e72e0,3895113,117,19238733300,19238733700
concurrency_n10_20260613_002350_kafka_feed8_rep1,kafka,sb-events-n10-feed8-rep1,1ef6537d-42b1-4a9a-845b-a152415c04ff,3895121,118,19238767000,19238767300
concurrency_n10_20260613_002350_kafka_feed8_rep1,kafka,sb-events-n10-feed8-rep1,6c18a770-7237-4414-8130-1ac21c24d62c,3895107,117,19238798200,19238798400
concurrency_n10_20260613_002350_kafka_feed8_rep1,kafka,sb-events-n10-feed8-rep1,e3ba7692-e4e0-4c95-8c4e-2cae2279d589,3895113,117,19238826300,19238826600
concurrency_n10_20260613_002350_kafka_feed8_rep1,kafka,sb-events-n10-feed8-rep1,942c2d63-be6b-4ef5-9631-886f35366d16,3895121,118,19261381300,19261381900
concurrency_n10_20260613_002350_kafka_feed8_rep1,kafka,sb-events-n10-feed8-rep1,cac04a9b-0c8b-4906-a427-775d3abf3395,3895121,118,19261420100,19261420400
concurrency_n10_20260613_002350_kafka_feed8_rep1,kafka,sb-events-n10-feed8-rep1,9eee3473-7f29-4358-899e-97c57243b3fc,3895086,118,19261442800,19261443000
concurrency_n10_20260613_002350_kafka_feed8_rep1,kafka,sb-events-n10-feed8-rep1,2fa0470b-b096-4e0f-8f7e-5c3bdc27abbd,3895052,119,19261463300,19261463500
concurrency_n10_20260613_002350_kafka_feed8_rep1,kafka,sb-events-n10-feed8-rep1,8e75e7d9-d322-4c00-a2af-f2c35092b10a,3895107,119,19261483700,19261483900
concurrency_n10_20260613_002350_kafka_feed8_rep1,kafka,sb-events-n10-feed8-rep1,7ae4a7ff-a6c4-4c74-942a-ad61360cea97,3895086,119,19274426100,19274426600
concurrency_n10_20260613_002350_kafka_feed8_rep1,kafka,sb-events-n10-feed8-rep1,eb426907-87c9-419e-8ee6-0ed8b6b740e4,3895052,120,19274477100,19274477300
concurrency_n10_20260613_002350_kafka_feed8_rep1,kafka,sb-events-n10-feed8-rep1,fc9c2958-2dc2-428b-957b-587677606e28,3895086,119,19274500300,19274500500
concurrency_n10_20260613_002350_kafka_feed8_rep1,kafka,sb-events-n10-feed8-rep1,9b98774e-3075-42de-b94e-96ed73663d39,3895086,119,19274524000,19274524200
concurrency_n10_20260613_002350_kafka_feed8_rep1,kafka,sb-events-n10-feed8-rep1,d786abf4-38cb-40e5-b6b5-e8eb9625a8ba,3895121,120,19274545100,19274545300
concurrency_n10_20260613_002350_kafka_feed8_rep1,kafka,sb-events-n10-feed8-rep1,ae318e73-9edd-4aa7-8a31-7ab53c980a7f,3895113,120,19287926700,19287927300
concurrency_n10_20260613_002350_kafka_feed8_rep1,kafka,sb-events-n10-feed8-rep1,bdcb87b4-886d-4a51-846a-e3daf9134550,3895113,121,19287977000,19287977400
concurrency_n10_20260613_002350_kafka_feed8_rep1,kafka,sb-events-n10-feed8-rep1,a46567a2-874a-4083-b7d8-7fb9c77581c9,3895113,121,19288011000,19288011300
concurrency_n10_20260613_002350_kafka_feed8_rep1,kafka,sb-events-n10-feed8-rep1,555bc5c4-24ff-470a-bcb3-f1f8c805a727,3895121,122,19295192300,19295192800
concurrency_n10_20260613_002350_kafka_feed8_rep1,kafka,sb-events-n10-feed8-rep1,c6fa8cba-1701-4ea3-ac1a-392f3600fa7f,3895113,121,19295233900,19295234100
concurrency_n10_20260613_002350_kafka_feed8_rep1,kafka,sb-events-n10-feed8-rep1,408f4bbf-413e-4694-89db-f672c83307a8,3895121,122,19304563800,19304564400
concurrency_n10_20260613_002350_kafka_feed8_rep1,kafka,sb-events-n10-feed8-rep1,5eedec80-f645-4cfb-aa12-58c2d9e4aa76,3895134,122,19315963900,19315964400
concurrency_n10_20260613_002350_kafka_feed8_rep1,kafka,sb-events-n10-feed8-rep1,5e463067-3b5f-41a2-94c8-8f2b45bde467,3895113,122,19322541500,19322541900
concurrency_n10_20260613_002350_kafka_feed8_rep1,kafka,sb-events-n10-feed8-rep1,91ebf0de-d5c2-4d9a-afc6-8a0886f2b8d9,3895113,122,19330881400,19330881800
concurrency_n10_20260613_002350_kafka_feed8_rep1,kafka,sb-events-n10-feed8-rep1,5d9832a6-a171-4ef4-b701-f6b4d05feee6,3895086,123,19361549200,19361549800
concurrency_n10_20260613_002350_kafka_feed8_rep1,kafka,sb-events-n10-feed8-rep1,0ebcc909-cb95-4c8d-9d1e-9a5a1602fab8,3895074,124,19391250900,19391251400
concurrency_n10_20260613_002350_kafka_feed8_rep1,kafka,sb-events-n10-feed8-rep1,0e86a8f0-fac3-4b94-ae98-503bef435107,3895086,124,19391291800,19391292100
concurrency_n10_20260613_002350_kafka_feed8_rep1,kafka,sb-events-n10-feed8-rep1,3df3c610-7558-40f2-8409-3980c81df760,3895086,124,19391323300,19391323700
concurrency_n10_20260613_002350_kafka_feed8_rep1,kafka,sb-events-n10-feed8-rep1,b146373c-bfd4-4689-9a30-2425bedbaea1,3895121,125,19391353000,19391353200
concurrency_n10_20260613_002350_kafka_feed8_rep1,kafka,sb-events-n10-feed8-rep1,7668f311-474c-4a09-ba73-976cb6e622e9,3895134,125,19432297700,19432298100
concurrency_n10_20260613_002350_kafka_feed8_rep1,kafka,sb-events-n10-feed8-rep1,62daa303-276e-4025-88fd-f274ca6391a5,3895095,127,19432343800,19432344100
concurrency_n10_20260613_002350_kafka_feed8_rep1,kafka,sb-events-n10-feed8-rep1,64d6040f-180b-47a2-87ef-500952d04dc9,3895121,127,19432369800,19432370000
concurrency_n10_20260613_002350_kafka_feed8_rep1,kafka,sb-events-n10-feed8-rep1,bc78e1b9-5446-43ae-a64a-472f49fcc426,3895134,125,19432393800,19432394000
concurrency_n10_20260613_002350_kafka_feed8_rep1,kafka,sb-events-n10-feed8-rep1,d486aa6d-6028-4a09-817b-504a539439c0,3895134,125,19432415800,19432415900
concurrency_n10_20260613_002350_kafka_feed8_rep1,kafka,sb-events-n10-feed8-rep1,0c3a05f7-8245-4880-8929-7fcf36f2ea64,3895086,126,19432495700,19432496000
concurrency_n10_20260613_002350_kafka_feed8_rep1,kafka,sb-events-n10-feed8-rep1,afeefed6-d0ce-472b-bb6d-1575badb8431,3895121,127,19432518700,19432518900
concurrency_n10_20260613_002350_kafka_feed8_rep1,kafka,sb-events-n10-feed8-rep1,5ba62c14-0531-4810-8b10-81c900dabc24,3895052,127,19432540300,19432540500
concurrency_n10_20260613_002350_kafka_feed8_rep1,kafka,sb-events-n10-feed8-rep1,39cbe823-8aa4-40ec-8e9c-fafa182c583c,3895086,127,19458922600,19458923100
concurrency_n10_20260613_002350_kafka_feed8_rep1,kafka,sb-events-n10-feed8-rep1,b5a26a30-b128-4077-a30b-60fe783e8f6e,3895121,128,19458967100,19458967300
concurrency_n10_20260613_002350_kafka_feed8_rep1,kafka,sb-events-n10-feed8-rep1,34f794a7-c154-4ea0-9022-72271af0e55b,3895121,129,19458988400,19458988600
concurrency_n10_20260613_002350_kafka_feed8_rep1,kafka,sb-events-n10-feed8-rep1,48d9689f-34d4-42dc-b2bb-ddaefd5f083a,3895121,129,19459008400,19459008600
concurrency_n10_20260613_002350_kafka_feed8_rep1,kafka,sb-events-n10-feed8-rep1,e1be1dd2-b23a-4194-bab1-2f8cf03e4b91,3895086,127,19459026600,19459026800
concurrency_n10_20260613_002350_kafka_feed8_rep1,kafka,sb-events-n10-feed8-rep1,00dfb475-72a7-4673-ba72-cb20316a774f,3895086,127,19459046700,19459046900
concurrency_n10_20260613_002350_kafka_feed8_rep1,kafka,sb-events-n10-feed8-rep1,e217828c-5b24-44e5-98c4-da628ea86b68,3895086,127,19459066700,19459066900
concurrency_n10_20260613_002350_kafka_feed8_rep1,kafka,sb-events-n10-feed8-rep1,cb8a277a-542b-4c45-9c92-4eeb0146cc5a,3895121,129,19490810700,19490811000
concurrency_n10_20260613_002350_kafka_feed8_rep1,kafka,sb-events-n10-feed8-rep1,5b520ef2-a8d3-4a67-8426-b36c70e7f981,3895086,129,19490849800,19490850000
concurrency_n10_20260613_002350_kafka_feed8_rep1,kafka,sb-events-n10-feed8-rep1,9c855d8d-f090-4c54-961f-74a84bc48724,3895121,130,19490871600,19490871800
concurrency_n10_20260613_002350_kafka_feed8_rep1,kafka,sb-events-n10-feed8-rep1,c1a39259-85ef-4ad6-a099-74dca9a15d3d,3895052,130,19490893300,19490893500
concurrency_n10_20260613_002350_kafka_feed8_rep1,kafka,sb-events-n10-feed8-rep1,a97cdc41-3859-49e2-a4e9-71cdf9d4722a,3895095,131,19490914400,19490914700
concurrency_n10_20260613_002350_kafka_feed8_rep1,kafka,sb-events-n10-feed8-rep1,e3332c0d-b466-4873-9fbc-85232deb3925,3895121,130,19490935200,19490935400
concurrency_n10_20260613_002350_kafka_feed8_rep1,kafka,sb-events-n10-feed8-rep1,e7fddee0-3be2-4805-b58f-a6ffc185442d,3895095,131,19535270000,19535270600
concurrency_n10_20260613_002350_kafka_feed8_rep1,kafka,sb-events-n10-feed8-rep1,48ae3e9b-f068-4b72-8c89-64d3fd6673db,3895095,131,19535315700,19535316400
concurrency_n10_20260613_002350_kafka_feed8_rep1,kafka,sb-events-n10-feed8-rep1,b28bd901-d527-4796-8f1a-3f35c620200a,3895095,132,19535338100,19535338300
concurrency_n10_20260613_002350_kafka_feed8_rep1,kafka,sb-events-n10-feed8-rep1,c205f5fd-bef3-4eeb-80a5-3e15ad9d2d75,3895095,132,19535420800,19535421000
concurrency_n10_20260613_002350_kafka_feed8_rep1,kafka,sb-events-n10-feed8-rep1,9ccbcba8-de45-4714-9f61-5898f2125d47,3895095,132,19535627400,19535627700
concurrency_n10_20260613_002350_kafka_feed8_rep1,kafka,sb-events-n10-feed8-rep1,62a7bbe1-0f07-4fc3-984c-d3bd87ace61c,3895095,133,19552823700,19552824100
concurrency_n10_20260613_002350_kafka_feed8_rep1,kafka,sb-events-n10-feed8-rep1,2d5d9d93-1f1e-4b29-a84b-53e672619caf,3895095,134,19552862300,19552862500
concurrency_n10_20260613_002350_kafka_feed8_rep1,kafka,sb-events-n10-feed8-rep1,9a0df9ec-ca29-416b-9455-6d0699245517,3895086,132,19552884400,19552884700
concurrency_n10_20260613_002350_kafka_feed8_rep1,kafka,sb-events-n10-feed8-rep1,40cc1606-a137-4b66-9bcb-a6ce6855c8bd,3895095,133,19552906000,19552906300
concurrency_n10_20260613_002350_kafka_feed8_rep1,kafka,sb-events-n10-feed8-rep1,17ae4e97-cbd8-431e-b4f2-0f5e66ead733,3895060,134,19552927700,19552927800
concurrency_n10_20260613_002350_kafka_feed8_rep1,kafka,sb-events-n10-feed8-rep1,ee2a9e51-6167-4107-b5d7-222a8364c5b2,3895060,134,19552948600,19552948800
concurrency_n10_20260613_002350_kafka_feed8_rep1,kafka,sb-events-n10-feed8-rep1,939b2704-1335-4e90-8ddb-1f203784962d,3895095,132,19552969300,19552969400
concurrency_n10_20260613_002350_kafka_feed8_rep1,kafka,sb-events-n10-feed8-rep1,1d2350ad-32f9-42d6-bf6d-3c446a78528c,3895060,134,19552988800,19552989000
concurrency_n10_20260613_002350_kafka_feed8_rep1,kafka,sb-events-n10-feed8-rep1,43285854-773c-442d-b4c6-83e7303a059a,3895095,134,19553007800,19553008000
concurrency_n10_20260613_002350_kafka_feed8_rep1,kafka,sb-events-n10-feed8-rep1,fccd97a6-e828-4e8a-b6d2-74137a5c76da,3895095,134,19553026600,19553026700
concurrency_n10_20260613_002350_kafka_feed8_rep1,kafka,sb-events-n10-feed8-rep1,df1f5572-1cdb-4db5-a7fe-c8a1f4b2dbc4,3895060,136,19553045900,19553046000
concurrency_n10_20260613_002350_kafka_feed8_rep1,kafka,sb-events-n10-feed8-rep1,8034c2f5-3b8b-448f-84b6-3d56d1317298,3895095,136,19564135400,19564135700
concurrency_n10_20260613_002350_kafka_feed8_rep1,kafka,sb-events-n10-feed8-rep1,4720aca0-dc33-4b91-bf79-28e5d02a9823,3895052,136,19564173800,19564174000
concurrency_n10_20260613_002350_kafka_feed8_rep1,kafka,sb-events-n10-feed8-rep1,2ee5f551-c20e-44d1-ae04-f3a72bb838fd,3895060,137,19579443800,19579444800
concurrency_n10_20260613_002350_kafka_feed8_rep1,kafka,sb-events-n10-feed8-rep1,629f26cc-12a2-4b57-9cc8-712cc9bd6865,3895060,137,19579569100,19579569600
concurrency_n10_20260613_002350_kafka_feed8_rep1,kafka,sb-events-n10-feed8-rep1,45a9de9f-a580-42b7-9ffe-7875d9e2cd85,3895095,137,19591427400,19591427900
concurrency_n10_20260613_002350_kafka_feed8_rep1,kafka,sb-events-n10-feed8-rep1,b84450d8-0b22-4986-8df3-0e2857770d62,3895095,137,19591468400,19591468600
concurrency_n10_20260613_002350_kafka_feed8_rep1,kafka,sb-events-n10-feed8-rep1,5c6ffce4-0b2a-4651-b593-33aa03a60daa,3895095,137,19598659100,19598659600
concurrency_n10_20260613_002350_kafka_feed8_rep1,kafka,sb-events-n10-feed8-rep1,8343a3d7-f2a3-4b5f-8a66-ee83553e0b14,3895052,137,19598702100,19598702300
concurrency_n10_20260613_002350_kafka_feed8_rep1,kafka,sb-events-n10-feed8-rep1,d684e5e4-ee5a-4a7a-8013-d787ae77e932,3895052,137,19612539400,19612539800
concurrency_n10_20260613_002350_kafka_feed8_rep1,kafka,sb-events-n10-feed8-rep1,8861d98d-8203-4cf2-a8cd-292630b66f01,3895052,137,19622256800,19622257200
concurrency_n10_20260613_002350_kafka_feed8_rep1,kafka,sb-events-n10-feed8-rep1,a62239ed-a51a-421b-8166-92c7a2439ab1,3895060,138,19632197800,19632198200
concurrency_n10_20260613_002350_kafka_feed8_rep1,kafka,sb-events-n10-feed8-rep1,5e363256-e968-42b8-b91a-ff98b9978997,3895052,138,19645759700,19645760400
concurrency_n10_20260613_002350_kafka_feed8_rep1,kafka,sb-events-n10-feed8-rep1,a94f1482-b5d0-45ea-9c8a-a578eb26ade6,3895060,139,19656231900,19656233100
concurrency_n10_20260613_002350_kafka_feed8_rep1,kafka,sb-events-n10-feed8-rep1,ceca0c62-9a68-4003-a66f-6408d2996153,3895052,138,19656452600,19656453100
concurrency_n10_20260613_002350_kafka_feed8_rep1,kafka,sb-events-n10-feed8-rep1,a0b9412b-af5d-4ae7-a768-2fb5ca78088c,3895095,139,19662376700,19662377500
concurrency_n10_20260613_002350_kafka_feed8_rep1,kafka,sb-events-n10-feed8-rep1,b8237fa5-ce5b-46d9-b92b-7c5d2fc0882a,3895107,139,19662423000,19662423300
concurrency_n10_20260613_002350_kafka_feed8_rep1,kafka,sb-events-n10-feed8-rep1,860f5c36-ef9b-4b21-bc71-35e0157762a2,3895060,139,19662448000,19662448200
concurrency_n10_20260613_002350_kafka_feed8_rep1,kafka,sb-events-n10-feed8-rep1,2e82cdf4-082a-4d1e-9590-c48cd417ba08,3895052,139,19671843100,19671843500
concurrency_n10_20260613_002350_kafka_feed8_rep1,kafka,sb-events-n10-feed8-rep1,6bc4c8b2-62da-473a-b751-2a43ebdc54fb,3895052,139,19676270800,19676271200
concurrency_n10_20260613_002350_kafka_feed8_rep1,kafka,sb-events-n10-feed8-rep1,4522c929-1571-459e-b17b-c2ab5a6247a2,3895052,139,19684365800,19684366300
concurrency_n10_20260613_002350_kafka_feed8_rep1,kafka,sb-events-n10-feed8-rep1,3be64c0b-6dad-4022-a71b-2ee59ed562fb,3895095,140,19684406400,19684406700
concurrency_n10_20260613_002350_kafka_feed8_rep1,kafka,sb-events-n10-feed8-rep1,7d0b87cf-fe4a-4f0d-bf10-8f1cb6bb60aa,3895095,140,19689845900,19689846500
concurrency_n10_20260613_002350_kafka_feed8_rep1,kafka,sb-events-n10-feed8-rep1,7d80a5a5-c9aa-4f70-be18-22fc1fa21038,3895095,140,19702867700,19702868100
concurrency_n10_20260613_002350_kafka_feed8_rep1,kafka,sb-events-n10-feed8-rep1,d0c874f5-c964-4141-8b5a-b4603dc98153,3895060,141,19710357400,19710358000
concurrency_n10_20260613_002350_kafka_feed8_rep1,kafka,sb-events-n10-feed8-rep1,fc1d2703-50cf-44fc-9a11-e2005c1a4742,3895060,141,19710402800,19710403000
concurrency_n10_20260613_002350_kafka_feed8_rep1,kafka,sb-events-n10-feed8-rep1,e42abc58-f3f6-471d-9d22-1ae2102faef1,3895095,141,19719163700,19719164700
concurrency_n10_20260613_002350_kafka_feed8_rep1,kafka,sb-events-n10-feed8-rep1,06d8c140-613c-415f-897a-9ff64cf3c9e4,3895052,141,19727758200,19727758900
concurrency_n10_20260613_002350_kafka_feed8_rep1,kafka,sb-events-n10-feed8-rep1,c97920dc-91b1-4ba4-90d4-d2ee1eb8ec4f,3895060,142,19727803100,19727803400
concurrency_n10_20260613_002350_kafka_feed8_rep1,kafka,sb-events-n10-feed8-rep1,8716c4f7-df1a-4c73-86c6-7af9557668c9,3895060,142,19744740200,19744740800
concurrency_n10_20260613_002350_kafka_feed8_rep1,kafka,sb-events-n10-feed8-rep1,dcbde8b8-ac84-457d-8048-5ac02e6f03cd,3895095,142,19744788600,19744788800
concurrency_n10_20260613_002350_kafka_feed8_rep1,kafka,sb-events-n10-feed8-rep1,41c876fb-891b-43ac-a188-4c32b52e1fb2,3895107,142,19765131300,19765131700
concurrency_n10_20260613_002350_kafka_feed8_rep1,kafka,sb-events-n10-feed8-rep1,d1eee694-bd64-4580-aae4-cf9edba91fe0,3895095,142,19765187400,19765187600
concurrency_n10_20260613_002350_kafka_feed8_rep1,kafka,sb-events-n10-feed8-rep1,38e364aa-af8a-4dbf-b99e-a24330dd2459,3895095,142,19765211900,19765212100
concurrency_n10_20260613_002350_kafka_feed8_rep1,kafka,sb-events-n10-feed8-rep1,a10f0ac6-c79a-4bb1-b6a3-6a425336db0b,3895052,143,19778319800,19778320300
concurrency_n10_20260613_002350_kafka_feed8_rep1,kafka,sb-events-n10-feed8-rep1,c31ba033-bcf9-4d3c-83f2-c72b6d7d9dee,3895107,143,19778369600,19778369800
concurrency_n10_20260613_002350_kafka_feed8_rep1,kafka,sb-events-n10-feed8-rep1,14769c8b-1ce7-4a1a-9280-f86fcb3970c4,3895134,144,19778393300,19778393500
concurrency_n10_20260613_002350_kafka_feed8_rep1,kafka,sb-events-n10-feed8-rep1,27da8a02-d707-4ce8-a293-db4242406f9d,3895095,144,19778414900,19778415100
concurrency_n10_20260613_002350_kafka_feed8_rep1,kafka,sb-events-n10-feed8-rep1,e513158e-b9e9-40d0-a11f-a77b226a2fdf,3895052,143,19778434700,19778434900
concurrency_n10_20260613_002350_kafka_feed8_rep1,kafka,sb-events-n10-feed8-rep1,2bbbcd7d-6c83-4bcb-b2da-5d70b7b62595,3895095,144,19784117500,19784117800
concurrency_n10_20260613_002350_kafka_feed8_rep1,kafka,sb-events-n10-feed8-rep1,4e4aad3f-1662-4b68-818c-8a861d35dad3,3895060,145,19784160800,19784161100
concurrency_n10_20260613_002350_kafka_feed8_rep1,kafka,sb-events-n10-feed8-rep1,274e4c69-0479-4360-8935-b4b883d351bd,3895134,145,19792882000,19792882400
concurrency_n10_20260613_002350_kafka_feed8_rep1,kafka,sb-events-n10-feed8-rep1,2af2b993-757d-4545-8b47-d555bd5647ba,3895060,145,19792919600,19792919800
concurrency_n10_20260613_002350_kafka_feed8_rep1,kafka,sb-events-n10-feed8-rep1,b72e24dd-2850-4c5f-8d96-f16624b518cd,3895134,145,19799415400,19799415700
concurrency_n10_20260613_002350_kafka_feed8_rep1,kafka,sb-events-n10-feed8-rep1,d5778bdf-d6e5-4a9e-98d0-307cefd0aa3a,3895134,145,19810405900,19810406500
concurrency_n10_20260613_002350_kafka_feed8_rep1,kafka,sb-events-n10-feed8-rep1,6ee3cb36-02c5-4388-9dd0-e89b8e673c69,3895107,145,19817231900,19817232700
concurrency_n10_20260613_002350_kafka_feed8_rep1,kafka,sb-events-n10-feed8-rep1,61823ed4-1479-4890-b776-23c242285441,3895052,145,19817284500,19817284800
concurrency_n10_20260613_002350_kafka_feed8_rep1,kafka,sb-events-n10-feed8-rep1,d492ff71-49f1-47b9-93d5-3a2ba41aa1a6,3895107,145,19817393200,19817393600
concurrency_n10_20260613_002350_kafka_feed8_rep1,kafka,sb-events-n10-feed8-rep1,905aae4b-8bb8-4cbe-b367-1dbdb13016f8,3895095,146,19824883800,19824884200
concurrency_n10_20260613_002350_kafka_feed8_rep1,kafka,sb-events-n10-feed8-rep1,df1c3c1b-e9a2-4e50-a24b-0789cd2a61bd,3895052,146,19834151700,19834152500
concurrency_n10_20260613_002350_kafka_feed8_rep1,kafka,sb-events-n10-feed8-rep1,2ad342b1-7289-486b-a50a-dd635e0fe308,3895095,146,19834257700,19834258100
concurrency_n10_20260613_002350_kafka_feed8_rep1,kafka,sb-events-n10-feed8-rep1,16f50eaa-bf9a-435a-869e-b4b94d90aef3,3895052,146,19853825600,19853826000
concurrency_n10_20260613_002350_kafka_feed8_rep1,kafka,sb-events-n10-feed8-rep1,5bc87cbd-db36-4bd5-a4d7-c07ed5435238,3895052,146,19853868900,19853869100
concurrency_n10_20260613_002350_kafka_feed8_rep1,kafka,sb-events-n10-feed8-rep1,94b8fb4f-15a6-4678-b49e-dbb1635dac91,3895074,147,19853890500,19853890600
concurrency_n10_20260613_002350_kafka_feed8_rep1,kafka,sb-events-n10-feed8-rep1,3a8e7135-5cd1-47d4-a1a8-caa6066bc446,3895060,147,19864401600,19864402000
concurrency_n10_20260613_002350_kafka_feed8_rep1,kafka,sb-events-n10-feed8-rep1,a690da0f-daea-46a9-8c95-fb0028dc9d52,3895060,147,19864442400,19864442600
concurrency_n10_20260613_002350_kafka_feed8_rep1,kafka,sb-events-n10-feed8-rep1,3bac1e29-591a-46c6-b1a0-98c8ce30328e,3895134,147,19881889400,19881889800
concurrency_n10_20260613_002350_kafka_feed8_rep1,kafka,sb-events-n10-feed8-rep1,dae48e3b-1290-4abc-a270-e05bcb5f6d54,3895134,147,19881940400,19881940700
concurrency_n10_20260613_002350_kafka_feed8_rep1,kafka,sb-events-n10-feed8-rep1,1bedfa64-1d37-4506-aa21-4945f199f31e,3895052,147,19891784800,19891785400
concurrency_n10_20260613_002350_kafka_feed8_rep1,kafka,sb-events-n10-feed8-rep1,e7879c9d-92f2-4c18-b907-e14444eaa7ef,3895107,147,19891829600,19891829900
concurrency_n10_20260613_002350_kafka_feed8_rep1,kafka,sb-events-n10-feed8-rep1,929a1602-3f39-4a54-810e-a0a90e250ff3,3895052,147,19906473700,19906474300
concurrency_n10_20260613_002350_kafka_feed8_rep1,kafka,sb-events-n10-feed8-rep1,5cbd0c3c-0bbf-4858-9d74-0206232f9fca,3895052,147,19906531200,19906531600
concurrency_n10_20260613_002350_kafka_feed8_rep1,kafka,sb-events-n10-feed8-rep1,fe614350-e134-46ba-8efb-925f5ac87ae7,3895060,148,19918201600,19918202300
concurrency_n10_20260613_002350_kafka_feed8_rep1,kafka,sb-events-n10-feed8-rep1,a4c1b81e-781e-4d08-83a5-c54a57580b62,3895134,148,19918240300,19918240500
concurrency_n10_20260613_002350_kafka_feed8_rep1,kafka,sb-events-n10-feed8-rep1,efb14b0b-f196-4536-8723-97a984f41655,3895095,148,19926459500,19926460000
concurrency_n10_20260613_002350_kafka_feed8_rep1,kafka,sb-events-n10-feed8-rep1,e9b560c1-2ff1-4cfc-b6b6-f593904510c4,3895134,149,19939873900,19939874300
concurrency_n10_20260613_002350_kafka_feed8_rep1,kafka,sb-events-n10-feed8-rep1,4fa6170b-3931-48f1-8db7-6af349365210,3895095,149,19956793700,19956794200
concurrency_n10_20260613_002350_kafka_feed8_rep1,kafka,sb-events-n10-feed8-rep1,5758447e-1001-49e1-a0ab-154017c719b5,3895095,149,19968625000,19968625400
concurrency_n10_20260613_002350_kafka_feed8_rep1,kafka,sb-events-n10-feed8-rep1,32bb9c4d-af8f-4d4b-8694-0c58f8fae3b8,3895095,149,19968665800,19968666000
concurrency_n10_20260613_002350_kafka_feed8_rep1,kafka,sb-events-n10-feed8-rep1,3c21c5d0-aa2b-4f7e-8add-85164d82adfa,3895095,149,19975071100,19975071500
concurrency_n10_20260613_002350_kafka_feed8_rep1,kafka,sb-events-n10-feed8-rep1,41fd2317-da9a-4fa3-8cbb-1848d1bdeb69,3895107,149,19975111200,19975111300
concurrency_n10_20260613_002350_kafka_feed8_rep1,kafka,sb-events-n10-feed8-rep1,1d4d5d50-bf23-4946-a4d9-a43b9b640a29,3895107,149,19984223500,19984223900
concurrency_n10_20260613_002350_kafka_feed8_rep1,kafka,sb-events-n10-feed8-rep1,3e95469a-5da3-41cb-9f40-0ff79f6eee66,3895121,150,19992668900,19992669400
concurrency_n10_20260613_002350_kafka_feed8_rep1,kafka,sb-events-n10-feed8-rep1,4d521520-8fe2-4624-a9ba-edbd457751d2,3895052,150,19992709700,19992709900
concurrency_n10_20260613_002350_kafka_feed8_rep1,kafka,sb-events-n10-feed8-rep1,d5d8d151-674a-421d-8a54-7f334aa9777f,3895052,150,20008335400,20008335800
concurrency_n10_20260613_002350_kafka_feed8_rep1,kafka,sb-events-n10-feed8-rep1,8135d562-0da3-440b-a0e2-268dae7d9672,3895060,151,20008427200,20008427500
concurrency_n10_20260613_002350_kafka_feed8_rep1,kafka,sb-events-n10-feed8-rep1,7ce1c8d6-183a-46fb-8712-67062f116c4f,3895060,151,20031743600,20031743900
concurrency_n10_20260613_002350_kafka_feed8_rep1,kafka,sb-events-n10-feed8-rep1,9bd995e3-84c3-4035-856f-bdba64f40d06,3895052,151,20031799000,20031799200
concurrency_n10_20260613_002350_kafka_feed8_rep1,kafka,sb-events-n10-feed8-rep1,e5697ff1-eca1-4a24-aae7-62ba05de1074,3895052,151,20031823900,20031824100
concurrency_n10_20260613_002350_kafka_feed8_rep1,kafka,sb-events-n10-feed8-rep1,560019c8-3875-4a6f-94d2-2d748c2ef69c,3895095,152,20058907700,20058908200
concurrency_n10_20260613_002350_kafka_feed8_rep1,kafka,sb-events-n10-feed8-rep1,3efe044e-977e-40db-9d4a-0e3476de3f67,3895095,152,20058947300,20058947500
concurrency_n10_20260613_002350_kafka_feed8_rep1,kafka,sb-events-n10-feed8-rep1,7821e82d-571e-4aa1-a8e3-56c4eefc7b05,3895121,153,20058968700,20058968900
concurrency_n10_20260613_002350_kafka_feed8_rep1,kafka,sb-events-n10-feed8-rep1,ee231cf7-4ea9-423c-aa4a-d19a0e921779,3895095,152,20058990600,20058990700
concurrency_n10_20260613_002350_kafka_feed8_rep1,kafka,sb-events-n10-feed8-rep1,3a186596-9309-482a-bbad-7b51899fc415,3895121,153,20121434200,20121434600
concurrency_n10_20260613_002350_kafka_feed8_rep1,kafka,sb-events-n10-feed8-rep1,2b913c12-2cfc-440e-8fcf-7ff6726c5114,3895134,153,20121479600,20121479800
concurrency_n10_20260613_002350_kafka_feed8_rep1,kafka,sb-events-n10-feed8-rep1,53c69f88-d128-4cb5-a2d9-a75cbdf9777e,3895121,153,20121499700,20121499900
concurrency_n10_20260613_002350_kafka_feed8_rep1,kafka,sb-events-n10-feed8-rep1,1cd2a870-6e10-4903-a9f4-f9d3c7d27880,3895134,153,20121517600,20121517800
concurrency_n10_20260613_002350_kafka_feed8_rep1,kafka,sb-events-n10-feed8-rep1,67ca4c48-ec9b-4c45-9485-ae00f0ffa467,3895052,153,20143995700,20143996200
concurrency_n10_20260613_002350_kafka_feed8_rep1,kafka,sb-events-n10-feed8-rep1,49bd1cab-27d5-4339-b91a-7dfbd42952eb,3895121,155,20144037200,20144037400
concurrency_n10_20260613_002350_kafka_feed8_rep1,kafka,sb-events-n10-feed8-rep1,2710caf5-de6e-4803-a75f-13924c689eff,3895052,153,20144077500,20144077700
concurrency_n10_20260613_002350_kafka_feed8_rep1,kafka,sb-events-n10-feed8-rep1,02fdd3d0-6246-4121-a658-c8c64d83c9e7,3895060,154,20144101100,20144101300
concurrency_n10_20260613_002350_kafka_feed8_rep1,kafka,sb-events-n10-feed8-rep1,1e0d6109-9dfd-400c-a886-d2276b2b2b20,3895060,154,20144123300,20144123500
concurrency_n10_20260613_002350_kafka_feed8_rep1,kafka,sb-events-n10-feed8-rep1,a27b2434-031d-4a71-af65-f628ef68fc5b,3895121,155,20144145500,20144145700
concurrency_n10_20260613_002350_kafka_feed8_rep1,kafka,sb-events-n10-feed8-rep1,37a43b9f-5690-41fd-b4f7-53215ab15ee1,3895060,155,20144166800,20144167000
concurrency_n10_20260613_002350_kafka_feed8_rep1,kafka,sb-events-n10-feed8-rep1,10ac3bc0-892c-4260-9e07-97c22aef1ce2,3895134,155,20144247700,20144247900
concurrency_n10_20260613_002350_kafka_feed8_rep1,kafka,sb-events-n10-feed8-rep1,74620976-1608-4f8c-a5de-b1e3dd833aef,3895052,155,20157961900,20157962400
concurrency_n10_20260613_002350_kafka_feed8_rep1,kafka,sb-events-n10-feed8-rep1,d6c0e2f9-eb69-40e7-bd64-4657105044bb,3895134,156,20158000700,20158000900
concurrency_n10_20260613_002350_kafka_feed8_rep1,kafka,sb-events-n10-feed8-rep1,a736895f-1c77-494e-8f8e-502d082d0ca0,3895052,155,20158019400,20158019600
concurrency_n10_20260613_002350_kafka_feed8_rep1,kafka,sb-events-n10-feed8-rep1,38175d9c-de79-4c30-bc4c-b0d7f7fe5980,3895052,155,20158038000,20158038200
concurrency_n10_20260613_002350_kafka_feed8_rep1,kafka,sb-events-n10-feed8-rep1,6b911dbc-6b25-422a-b5d3-7dd506d777c1,3895052,157,20172874000,20172874300
concurrency_n10_20260613_002350_kafka_feed8_rep1,kafka,sb-events-n10-feed8-rep1,66be2bd8-927e-4312-a10f-c69ce778c754,3895052,157,20172920000,20172920400
concurrency_n10_20260613_002350_kafka_feed8_rep1,kafka,sb-events-n10-feed8-rep1,4cfebc37-3c47-4d89-97e7-503777ab08f4,3895113,157,20189045500,20189046100
concurrency_n10_20260613_002350_kafka_feed8_rep1,kafka,sb-events-n10-feed8-rep1,f467bace-c955-4ce1-830c-9cccfe579e16,3895121,158,20189098600,20189098900
concurrency_n10_20260613_002350_kafka_feed8_rep1,kafka,sb-events-n10-feed8-rep1,fdd7141d-e8fc-4721-8aba-a514a2ffc07f,3895134,158,20189133100,20189133400
concurrency_n10_20260613_002350_kafka_feed8_rep1,kafka,sb-events-n10-feed8-rep1,3527c8c9-9a06-4440-b7e7-cbed73e892a4,3895134,158,20196604100,20196604500
concurrency_n10_20260613_002350_kafka_feed8_rep1,kafka,sb-events-n10-feed8-rep1,1c5201e6-dc5a-41b5-b164-c138f7f347e5,3895086,158,20196647900,20196648100
concurrency_n10_20260613_002350_kafka_feed8_rep1,kafka,sb-events-n10-feed8-rep1,ba0d2b7d-b635-49be-afbc-96b5266bef5e,3895113,158,20206318700,20206319100
concurrency_n10_20260613_002350_kafka_feed8_rep1,kafka,sb-events-n10-feed8-rep1,0b6f9a01-cab0-4450-8c8e-e8a2b415b444,3895074,159,20215854700,20215855200
concurrency_n10_20260613_002350_kafka_feed8_rep1,kafka,sb-events-n10-feed8-rep1,db765aeb-a06a-48e4-91e5-97ab87af96cd,3895107,159,20215900700,20215900900
concurrency_n10_20260613_002350_kafka_feed8_rep1,kafka,sb-events-n10-feed8-rep1,0dfe650b-727a-488e-9548-afe4b58cab9c,3895113,159,20225125300,20225125800
concurrency_n10_20260613_002350_kafka_feed8_rep1,kafka,sb-events-n10-feed8-rep1,f2616473-0593-4f98-91a4-29b4ab860370,3895121,160,20225525400,20225525800
concurrency_n10_20260613_002350_kafka_feed8_rep1,kafka,sb-events-n10-feed8-rep1,bbc5955b-810c-4da2-96cf-f48f68ec638a,3895107,160,20237799300,20237800100
concurrency_n10_20260613_002350_kafka_feed8_rep1,kafka,sb-events-n10-feed8-rep1,c91b6d01-70e3-4a5e-8d2c-607f8c2ba0cc,3895107,160,20237853000,20237853400
concurrency_n10_20260613_002350_kafka_feed8_rep1,kafka,sb-events-n10-feed8-rep1,da8d983d-e5dc-4256-abf8-1ab19d4b1934,3895113,160,20245040700,20245041100
concurrency_n10_20260613_002350_kafka_feed8_rep1,kafka,sb-events-n10-feed8-rep1,61692e98-2e82-43eb-85ac-8ae97f0e2012,3895107,160,20245104700,20245105000
concurrency_n10_20260613_002350_kafka_feed8_rep1,kafka,sb-events-n10-feed8-rep1,b3db99f3-b85a-4495-86c0-c5955460608a,3895113,160,20254983800,20254984300
concurrency_n10_20260613_002350_kafka_feed8_rep1,kafka,sb-events-n10-feed8-rep1,f4d34ba3-4b7f-4866-bc69-6cd2cb54c3c9,3895113,160,20263776100,20263776600
concurrency_n10_20260613_002350_kafka_feed8_rep1,kafka,sb-events-n10-feed8-rep1,48823480-e90f-4df5-af40-4ad04ded1f5b,3895134,161,20263822000,20263822300
concurrency_n10_20260613_002350_kafka_feed8_rep1,kafka,sb-events-n10-feed8-rep1,582ed7de-ab5b-451f-8522-5fb5ae535956,3895134,161,20263854600,20263854700
concurrency_n10_20260613_002350_kafka_feed8_rep1,kafka,sb-events-n10-feed8-rep1,b189c791-b3b6-41a5-8c6f-69ddcdbef563,3895134,161,20271242600,20271243100
concurrency_n10_20260613_002350_kafka_feed8_rep1,kafka,sb-events-n10-feed8-rep1,694bc879-88d7-47a0-bed8-dee5569c8172,3895107,161,20277652200,20277652900
concurrency_n10_20260613_002350_kafka_feed8_rep1,kafka,sb-events-n10-feed8-rep1,7c3be079-ffa9-46b6-8d91-9b1151bc888c,3895086,161,20293050900,20293051300
concurrency_n10_20260613_002350_kafka_feed8_rep1,kafka,sb-events-n10-feed8-rep1,317134da-6744-46b3-aec6-6c1193cf1d0a,3895086,161,20303802000,20303802400
concurrency_n10_20260613_002350_kafka_feed8_rep1,kafka,sb-events-n10-feed8-rep1,cf14778c-80d8-4496-8f4b-98a9b0ef2fcb,3895113,161,20303844100,20303844300
concurrency_n10_20260613_002350_kafka_feed8_rep1,kafka,sb-events-n10-feed8-rep1,bc8b5564-9e71-4619-ad90-083edca2dee7,3895074,162,20303865200,20303865400
concurrency_n10_20260613_002350_kafka_feed8_rep1,kafka,sb-events-n10-feed8-rep1,83c0b97d-595b-4c62-a67d-02d252a05533,3895074,162,20315730400,20315731000
concurrency_n10_20260613_002350_kafka_feed8_rep1,kafka,sb-events-n10-feed8-rep1,0ff7f5a9-14e7-4615-99f1-ebb1304a772c,3895121,162,20329742200,20329742800
concurrency_n10_20260613_002350_kafka_feed8_rep1,kafka,sb-events-n10-feed8-rep1,05f4b123-540f-4b43-a68b-46fc44a2574b,3895074,162,20329783500,20329783800
concurrency_n10_20260613_002350_kafka_feed8_rep1,kafka,sb-events-n10-feed8-rep1,bbf7f332-2f44-4234-9155-7d6009fb7738,3895121,162,20338191900,20338192300
concurrency_n10_20260613_002350_kafka_feed8_rep1,kafka,sb-events-n10-feed8-rep1,69df8442-94e9-453a-94ad-426dcaa0579a,3895107,162,20352866600,20352867200
concurrency_n10_20260613_002350_kafka_feed8_rep1,kafka,sb-events-n10-feed8-rep1,71f8aaf9-8141-4474-96dc-0dc56cb5ca0d,3895107,162,20365985900,20365986400
concurrency_n10_20260613_002350_kafka_feed8_rep1,kafka,sb-events-n10-feed8-rep1,73a1d35e-ff5d-4fbb-abcb-fe88d0718746,3895086,162,20375555000,20375555300
concurrency_n10_20260613_002350_kafka_feed8_rep1,kafka,sb-events-n10-feed8-rep1,d0a516db-7270-4612-abb8-e9c1204e1c58,3895086,162,20375592100,20375592200
concurrency_n10_20260613_002350_kafka_feed8_rep1,kafka,sb-events-n10-feed8-rep1,e004fe58-8616-4805-8555-9c7ba582ef4c,3895086,162,20384363300,20384363800
concurrency_n10_20260613_002350_kafka_feed8_rep1,kafka,sb-events-n10-feed8-rep1,43e9d656-4d2e-4c62-8372-7327f3ce42c3,3895113,162,20384402500,20384402800
concurrency_n10_20260613_002350_kafka_feed8_rep1,kafka,sb-events-n10-feed8-rep1,340debd2-c4c3-43c9-a358-6e0667039dd6,3895113,162,20394200900,20394201400
concurrency_n10_20260613_002350_kafka_feed8_rep1,kafka,sb-events-n10-feed8-rep1,96e6c0ad-4a64-4176-9fb4-274862f82d73,3895113,162,20394236300,20394236500
concurrency_n10_20260613_002350_kafka_feed8_rep1,kafka,sb-events-n10-feed8-rep1,14b983d6-7c2e-4c60-8a95-1b0a49355c0e,3895113,163,20404940900,20404941200
concurrency_n10_20260613_002350_kafka_feed8_rep1,kafka,sb-events-n10-feed8-rep1,818c8ff2-8fc7-49ca-bf1a-66ee14e04123,3895074,164,20416714900,20416715300
concurrency_n10_20260613_002350_kafka_feed8_rep1,kafka,sb-events-n10-feed8-rep1,9ce7b785-4ecd-44b5-90e3-b733d34dfe2e,3895074,164,20430871200,20430871600
concurrency_n10_20260613_002350_kafka_feed8_rep1,kafka,sb-events-n10-feed8-rep1,19959a0b-6c86-46c0-9154-90dcb3274904,3895074,164,20430909200,20430909400
concurrency_n10_20260613_002350_kafka_feed8_rep1,kafka,sb-events-n10-feed8-rep1,eca48472-18cb-4b31-ae55-ac17179aef8e,3895121,164,20430929700,20430929900
concurrency_n10_20260613_002350_kafka_feed8_rep1,kafka,sb-events-n10-feed8-rep1,867ca390-a97c-4aaf-a312-1b84a626e10c,3895074,165,20441344900,20441345300
concurrency_n10_20260613_002350_kafka_feed8_rep1,kafka,sb-events-n10-feed8-rep1,f8ae8a1d-85ae-4a8f-b6bc-23d2d5a1ac71,3895121,165,20448265200,20448265800
concurrency_n10_20260613_002350_kafka_feed8_rep1,kafka,sb-events-n10-feed8-rep1,2c9d55e8-d805-4f99-a6d7-8c539b0266dc,3895121,165,20455947100,20455947600
concurrency_n10_20260613_002350_kafka_feed8_rep1,kafka,sb-events-n10-feed8-rep1,43e45598-d200-443f-abc6-cfe05b9bd39e,3895134,165,20455992700,20455993100
concurrency_n10_20260613_002350_kafka_feed8_rep1,kafka,sb-events-n10-feed8-rep1,2be38728-ebc2-4ed8-9349-08fb1a446d3d,3895134,165,20461539800,20461540600
concurrency_n10_20260613_002350_kafka_feed8_rep1,kafka,sb-events-n10-feed8-rep1,94dc0cb8-281c-41c2-99ab-0caf104a8c89,3895107,165,20471182800,20471183100
concurrency_n10_20260613_002350_kafka_feed8_rep1,kafka,sb-events-n10-feed8-rep1,96c59163-8000-437f-b044-79ebef56ab77,3895107,165,20471229100,20471229300
concurrency_n10_20260613_002350_kafka_feed8_rep1,kafka,sb-events-n10-feed8-rep1,a88add67-30ad-48ae-9d3d-47841f1412ee,3895107,165,20476752000,20476752400
concurrency_n10_20260613_002350_kafka_feed8_rep1,kafka,sb-events-n10-feed8-rep1,87c1a5ee-e14f-48b7-8810-be5f77d239b6,3895113,165,20488304800,20488305400
concurrency_n10_20260613_002350_kafka_feed8_rep1,kafka,sb-events-n10-feed8-rep1,a6cb7fd6-e4a9-445a-b160-6335527f38a2,3895113,165,20488341700,20488342000
concurrency_n10_20260613_002350_kafka_feed8_rep1,kafka,sb-events-n10-feed8-rep1,7d119d9d-15cd-4187-bf0c-04237164d654,3895134,166,20500077600,20500078000
concurrency_n10_20260613_002350_kafka_feed8_rep1,kafka,sb-events-n10-feed8-rep1,8df36443-cd0c-4c4b-945b-238b9dcfccf6,3895134,166,20500115500,20500115700
concurrency_n10_20260613_002350_kafka_feed8_rep1,kafka,sb-events-n10-feed8-rep1,79d30816-809f-49d3-987f-4faa3bf7a1c4,3895134,166,20507935900,20507936300
concurrency_n10_20260613_002350_kafka_feed8_rep1,kafka,sb-events-n10-feed8-rep1,550e6f49-307b-4008-b27e-bcfde346348b,3895134,166,20507979800,20507980000
concurrency_n10_20260613_002350_kafka_feed8_rep1,kafka,sb-events-n10-feed8-rep1,b3b14886-30e0-4aef-ac42-acede6528102,3895107,166,20516457400,20516457700
concurrency_n10_20260613_002350_kafka_feed8_rep1,kafka,sb-events-n10-feed8-rep1,7a4cbbd9-03aa-4159-bd71-77952f625375,3895113,166,20526666900,20526667400
concurrency_n10_20260613_002350_kafka_feed8_rep1,kafka,sb-events-n10-feed8-rep1,408c8260-11ce-4a03-917b-59fc81ed2a2e,3895107,167,20526706200,20526706400
concurrency_n10_20260613_002350_kafka_feed8_rep1,kafka,sb-events-n10-feed8-rep1,4162aaae-2c4d-40e1-a3b6-3b1de0193db0,3895107,167,20537155800,20537156200
concurrency_n10_20260613_002350_kafka_feed8_rep1,kafka,sb-events-n10-feed8-rep1,6293a92c-cdfd-4b76-87bc-646d14c8e379,3895107,167,20537198200,20537198400
concurrency_n10_20260613_002350_kafka_feed8_rep1,kafka,sb-events-n10-feed8-rep1,9b0cfa5a-46f9-4e02-8b87-ff17adc27e73,3895134,168,20546737700,20546738100
concurrency_n10_20260613_002350_kafka_feed8_rep1,kafka,sb-events-n10-feed8-rep1,bc45eb44-defd-46ed-bc67-78f41b3effdf,3895074,168,20546785300,20546785500
concurrency_n10_20260613_002350_kafka_feed8_rep1,kafka,sb-events-n10-feed8-rep1,4bcff9c0-91ca-44c7-a3e7-77b6f3f2257d,3895121,168,20546807500,20546807600
concurrency_n10_20260613_002350_kafka_feed8_rep1,kafka,sb-events-n10-feed8-rep1,58645ad5-803a-40d3-b885-386ac9453114,3895134,168,20554775700,20554776100
concurrency_n10_20260613_002350_kafka_feed8_rep1,kafka,sb-events-n10-feed8-rep1,0eed2083-cc6b-491c-b83d-754409ab9cad,3895107,168,20563418300,20563419000
concurrency_n10_20260613_002350_kafka_feed8_rep1,kafka,sb-events-n10-feed8-rep1,8f6737e1-8bab-492b-b76d-4cba4a059b36,3895074,169,20569569600,20569569900
concurrency_n10_20260613_002350_kafka_feed8_rep1,kafka,sb-events-n10-feed8-rep1,39f89742-821a-4ce6-8cbe-f39808686ede,3895074,169,20569613300,20569613500
concurrency_n10_20260613_002350_kafka_feed8_rep1,kafka,sb-events-n10-feed8-rep1,e15c7501-c465-49c6-afe7-55599ee22e67,3895074,169,20578442900,20578443300
concurrency_n10_20260613_002350_kafka_feed8_rep1,kafka,sb-events-n10-feed8-rep1,3529544a-55ae-4fbc-b0a6-e133216fba2d,3895074,169,20578542600,20578542800
concurrency_n10_20260613_002350_kafka_feed8_rep1,kafka,sb-events-n10-feed8-rep1,bdf70f16-88b6-449e-8210-b470cb150f2f,3895074,169,20586267400,20586268200
concurrency_n10_20260613_002350_kafka_feed8_rep1,kafka,sb-events-n10-feed8-rep1,4e375d5b-ebb2-4d0e-b207-d8f5f48b519d,3895060,169,20586401400,20586401800
concurrency_n10_20260613_002350_kafka_feed8_rep1,kafka,sb-events-n10-feed8-rep1,77c33e38-ffee-4268-aba7-f894651f7335,3895121,169,20593847100,20593847700
concurrency_n10_20260613_002350_kafka_feed8_rep1,kafka,sb-events-n10-feed8-rep1,9ec2419d-346d-44ad-b824-b6b96bba9524,3895121,169,20602856100,20602856500
concurrency_n10_20260613_002350_kafka_feed8_rep1,kafka,sb-events-n10-feed8-rep1,07e5b410-f76a-4d08-906e-11df937853e0,3895134,169,20602896800,20602897100
concurrency_n10_20260613_002350_kafka_feed8_rep1,kafka,sb-events-n10-feed8-rep1,9679bf7d-a2ec-438c-a7f9-d0d9952ad2c1,3895134,169,20602918300,20602918500
concurrency_n10_20260613_002350_kafka_feed8_rep1,kafka,sb-events-n10-feed8-rep1,d6f4facf-d6c5-479a-a242-3e7c6a56f2da,3895134,169,20608247600,20608248000
concurrency_n10_20260613_002350_kafka_feed8_rep1,kafka,sb-events-n10-feed8-rep1,0ca9b4bf-ca19-4efa-a2e3-9cad848cc503,3895107,169,20616888700,20616889100
concurrency_n10_20260613_002350_kafka_feed8_rep1,kafka,sb-events-n10-feed8-rep1,fcd91361-de77-4f55-b945-e79985c18e84,3895107,169,20622746000,20622747800
concurrency_n10_20260613_002350_kafka_feed8_rep1,kafka,sb-events-n10-feed8-rep1,d852d950-2489-4733-ab0f-ea2f4335565b,3895107,169,20633090800,20633091200
concurrency_n10_20260613_002350_kafka_feed8_rep1,kafka,sb-events-n10-feed8-rep1,31e939ed-6c76-49e0-8503-be98b76e04a2,3895113,169,20645316900,20645317300
concurrency_n10_20260613_002350_kafka_feed8_rep1,kafka,sb-events-n10-feed8-rep1,8d7e145d-6436-4a2b-8fb5-c468d557b8db,3895113,169,20645463400,20645463800
concurrency_n10_20260613_002350_kafka_feed8_rep1,kafka,sb-events-n10-feed8-rep1,9b2764a7-a84d-4943-bba5-b417858f81a7,3895074,170,20659327800,20659328200
concurrency_n10_20260613_002350_kafka_feed8_rep1,kafka,sb-events-n10-feed8-rep1,f2485d48-3ace-4e0f-a6ed-3b06b865284b,3895113,169,20659377600,20659377900
concurrency_n10_20260613_002350_kafka_feed8_rep1,kafka,sb-events-n10-feed8-rep1,c8bf21cb-6239-4167-9a8c-78b25ba0bc6f,3895113,169,20659402800,20659403100
concurrency_n10_20260613_002350_kafka_feed8_rep1,kafka,sb-events-n10-feed8-rep1,b7679522-0480-4738-bd78-2caaca3efcd4,3895060,170,20670192500,20670193000
concurrency_n10_20260613_002350_kafka_feed8_rep1,kafka,sb-events-n10-feed8-rep1,ada9ca66-9914-40ec-9721-e7008c004f43,3895074,170,20670242000,20670242300
concurrency_n10_20260613_002350_kafka_feed8_rep1,kafka,sb-events-n10-feed8-rep1,fadd2877-2d12-4f52-a99d-15c1947850eb,3895060,170,20681303000,20681303300
concurrency_n10_20260613_002350_kafka_feed8_rep1,kafka,sb-events-n10-feed8-rep1,3da63f38-33cc-453a-a47d-f5fddd0db82f,3895060,170,20681343500,20681343700
concurrency_n10_20260613_002350_kafka_feed8_rep1,kafka,sb-events-n10-feed8-rep1,e162f8fa-b3ce-4052-a096-680bf2c9ed8d,3895060,170,20689795000,20689795600
concurrency_n10_20260613_002350_kafka_feed8_rep1,kafka,sb-events-n10-feed8-rep1,53b7d815-60a3-44ab-b5b2-d8a2c44480a8,3895134,170,20689843400,20689843600
concurrency_n10_20260613_002350_kafka_feed8_rep1,kafka,sb-events-n10-feed8-rep1,329c89d3-8945-4b3b-b560-92250fd85b13,3895134,170,20700354900,20700355300
concurrency_n10_20260613_002350_kafka_feed8_rep1,kafka,sb-events-n10-feed8-rep1,fc565cea-8dcd-480a-882e-34f338524047,3895107,170,20700392300,20700392500
concurrency_n10_20260613_002350_kafka_feed8_rep1,kafka,sb-events-n10-feed8-rep1,0f604741-1adb-4f2d-bb36-69d25b830a30,3895074,171,20720577700,20720578300
concurrency_n10_20260613_002350_kafka_feed8_rep1,kafka,sb-events-n10-feed8-rep1,83a981d0-c68a-4645-befd-6421a44de32e,3895060,171,20720904400,20720904700
concurrency_n10_20260613_002350_kafka_feed8_rep1,kafka,sb-events-n10-feed8-rep1,3ded6d86-f943-406a-8fa2-cfeff8b82bdc,3895113,171,20731564500,20731564800
concurrency_n10_20260613_002350_kafka_feed8_rep1,kafka,sb-events-n10-feed8-rep1,3a3474fc-bc26-4b2c-9646-fa317842c2cb,3895074,172,20731604900,20731605100
concurrency_n10_20260613_002350_kafka_feed8_rep1,kafka,sb-events-n10-feed8-rep1,ecd14fd7-6180-4ae4-963d-2c9e6b2a0d75,3895113,171,20731628300,20731628400
concurrency_n10_20260613_002350_kafka_feed8_rep1,kafka,sb-events-n10-feed8-rep1,0df566b3-c230-4f74-a1bd-86295b48f77a,3895074,172,20731652500,20731652800
concurrency_n10_20260613_002350_kafka_feed8_rep1,kafka,sb-events-n10-feed8-rep1,d913e425-9576-4a3d-9cfa-9644dc4fe9cd,3895060,172,20746377100,20746377300
concurrency_n10_20260613_002350_kafka_feed8_rep1,kafka,sb-events-n10-feed8-rep1,fb712513-b992-4a5c-8a59-43f670f391d7,3895074,172,20746492000,20746492200
concurrency_n10_20260613_002350_kafka_feed8_rep1,kafka,sb-events-n10-feed8-rep1,7023ff3e-dd3c-47a0-b743-ea5bedfdc502,3895074,172,20746516200,20746516400
concurrency_n10_20260613_002350_kafka_feed8_rep1,kafka,sb-events-n10-feed8-rep1,07f21132-1269-4363-b9c5-82850ad32d7a,3895060,172,20751861000,20751861400
concurrency_n10_20260613_002350_kafka_feed8_rep1,kafka,sb-events-n10-feed8-rep1,e0806731-5ca1-42b9-9333-560ee6c98f92,3895074,173,20761864500,20761865300
concurrency_n10_20260613_002350_kafka_feed8_rep1,kafka,sb-events-n10-feed8-rep1,c65aa53d-0626-471c-a5b6-84d20106beb3,3895074,173,20761905900,20761906100
concurrency_n10_20260613_002350_kafka_feed8_rep1,kafka,sb-events-n10-feed8-rep1,d62d62b7-c9b1-40eb-a2bc-3f2316e75eab,3895060,173,20761927300,20761927500
concurrency_n10_20260613_002350_kafka_feed8_rep1,kafka,sb-events-n10-feed8-rep1,7fddb002-d5be-4ebe-bf94-fe7788dbdfc0,3895074,173,20768196700,20768197400
concurrency_n10_20260613_002350_kafka_feed8_rep1,kafka,sb-events-n10-feed8-rep1,89a8bd74-951e-4c23-a496-04913466501f,3895074,174,20774314100,20774314400
concurrency_n10_20260613_002350_kafka_feed8_rep1,kafka,sb-events-n10-feed8-rep1,a3efd64b-b9cf-4006-bcaa-9e1f8901b94f,3895121,173,20774348400,20774348500
concurrency_n10_20260613_002350_kafka_feed8_rep1,kafka,sb-events-n10-feed8-rep1,783d3a7a-3b92-4938-bdb9-017b63dce520,3895107,174,20774369600,20774369900
concurrency_n10_20260613_002350_kafka_feed8_rep1,kafka,sb-events-n10-feed8-rep1,aad1f066-8c65-4501-9be3-dcab671ca4aa,3895107,174,20782187900,20782188400
concurrency_n10_20260613_002350_kafka_feed8_rep1,kafka,sb-events-n10-feed8-rep1,6ca7316a-a6e3-4712-a46d-6b62b5fcbe20,3895107,174,20792432000,20792432300
concurrency_n10_20260613_002350_kafka_feed8_rep1,kafka,sb-events-n10-feed8-rep1,5b545131-098f-4250-8597-eaadd9de2def,3895113,174,20792471600,20792471800
concurrency_n10_20260613_002350_kafka_feed8_rep1,kafka,sb-events-n10-feed8-rep1,6938e47e-7ab0-40be-a612-0fe4c4455675,3895060,175,20801076400,20801077000
concurrency_n10_20260613_002350_kafka_feed8_rep1,kafka,sb-events-n10-feed8-rep1,ea1dc8a1-49ca-4f7e-abb5-531b27311736,3895060,175,20801133000,20801133300
concurrency_n10_20260613_002350_kafka_feed8_rep1,kafka,sb-events-n10-feed8-rep1,8f0fb135-64ca-4757-bca3-ba1087b603b4,3895121,175,20808606200,20808606600
concurrency_n10_20260613_002350_kafka_feed8_rep1,kafka,sb-events-n10-feed8-rep1,e5a09532-5dfc-49cd-af7b-898a2bcd2e54,3895121,175,20808644000,20808644200
concurrency_n10_20260613_002350_kafka_feed8_rep1,kafka,sb-events-n10-feed8-rep1,762f5b17-d49b-4cb0-9c76-be2cccc17fca,3895113,175,20818673400,20818674000
concurrency_n10_20260613_002350_kafka_feed8_rep1,kafka,sb-events-n10-feed8-rep1,9c77d678-e3ff-4aec-8c04-be1d37d4e3bc,3895113,175,20818712100,20818712400
concurrency_n10_20260613_002350_kafka_feed8_rep1,kafka,sb-events-n10-feed8-rep1,1d5f5ff9-6eb3-47d2-ab94-85adf59fd095,3895134,175,20818732500,20818732700
concurrency_n10_20260613_002350_kafka_feed8_rep1,kafka,sb-events-n10-feed8-rep1,28304a25-17b2-4ae7-9a8e-35e91168ca28,3895060,176,20824578000,20824578800
concurrency_n10_20260613_002350_kafka_feed8_rep1,kafka,sb-events-n10-feed8-rep1,5a0d418d-7511-405c-ba51-15fb7e282758,3895074,176,20833338600,20833339000
concurrency_n10_20260613_002350_kafka_feed8_rep1,kafka,sb-events-n10-feed8-rep1,c9c0e8eb-83e5-44b4-8c93-9a711bf73577,3895074,176,20833390100,20833390500
concurrency_n10_20260613_002350_kafka_feed8_rep1,kafka,sb-events-n10-feed8-rep1,d6bac1a1-39d6-4af3-a612-6c6dbf5fe3d8,3895134,176,20841840300,20841841000
concurrency_n10_20260613_002350_kafka_feed8_rep1,kafka,sb-events-n10-feed8-rep1,77a2e27b-c1ec-408b-8c68-cae94dcdc31e,3895134,176,20841883100,20841883400
concurrency_n10_20260613_002350_kafka_feed8_rep1,kafka,sb-events-n10-feed8-rep1,e9caa6e5-d4bf-41c0-b800-f8b3c52b5aa0,3895113,176,20850824800,20850825300
concurrency_n10_20260613_002350_kafka_feed8_rep1,kafka,sb-events-n10-feed8-rep1,0adba78d-339a-4a8b-8bdc-ceecd0f2f935,3895060,177,20850869400,20850869600
concurrency_n10_20260613_002350_kafka_feed8_rep1,kafka,sb-events-n10-feed8-rep1,223a8b4d-8afa-43f7-bd56-31a2dc851ae6,3895060,177,20855973300,20855973900
concurrency_n10_20260613_002350_kafka_feed8_rep1,kafka,sb-events-n10-feed8-rep1,78e092bd-bb76-4223-adde-2335fd790049,3895074,177,20856011300,20856011600
concurrency_n10_20260613_002350_kafka_feed8_rep1,kafka,sb-events-n10-feed8-rep1,3500b210-b623-4528-be23-af7d1a72b381,3895121,177,20864252000,20864252700
concurrency_n10_20260613_002350_kafka_feed8_rep1,kafka,sb-events-n10-feed8-rep1,13db24a6-54a1-4128-b849-34abbfa6a033,3895134,177,20871909000,20871909500
concurrency_n10_20260613_002350_kafka_feed8_rep1,kafka,sb-events-n10-feed8-rep1,d4d24445-4bb1-4715-80a1-3c1353151ad2,3895052,177,20871947600,20871947900
concurrency_n10_20260613_002350_kafka_feed8_rep1,kafka,sb-events-n10-feed8-rep1,8aec7177-cb70-4a41-92a3-b0e6d8a8bfaa,3895121,178,20879428500,20879428800
concurrency_n10_20260613_002350_kafka_feed8_rep1,kafka,sb-events-n10-feed8-rep1,71814c80-6b24-462b-b190-bc0ad39356b2,3895074,178,20879472700,20879472900
concurrency_n10_20260613_002350_kafka_feed8_rep1,kafka,sb-events-n10-feed8-rep1,76909fce-321d-4a02-a4d2-e0450722c3e4,3895121,178,20885780500,20885781500
concurrency_n10_20260613_002350_kafka_feed8_rep1,kafka,sb-events-n10-feed8-rep1,0922375c-4057-4ee6-b465-7120e7f9c5f9,3895134,178,20893073100,20893074000
concurrency_n10_20260613_002350_kafka_feed8_rep1,kafka,sb-events-n10-feed8-rep1,d47dce2c-dd02-4dcf-91b2-8479cbf5b89f,3895134,178,20893143300,20893143600
concurrency_n10_20260613_002350_kafka_feed8_rep1,kafka,sb-events-n10-feed8-rep1,5d8be6a9-6302-4807-8a3e-a7bd66fc5a8f,3895134,178,20897314800,20897315300
concurrency_n10_20260613_002350_kafka_feed8_rep1,kafka,sb-events-n10-feed8-rep1,2900d6b5-9ef2-4be9-8129-124eb12ff304,3895052,178,20902275200,20902275600
concurrency_n10_20260613_002350_kafka_feed8_rep1,kafka,sb-events-n10-feed8-rep1,597b2297-7c29-49fa-916d-9e9f63b33be6,3895052,178,20912369900,20912370500
concurrency_n10_20260613_002350_kafka_feed8_rep1,kafka,sb-events-n10-feed8-rep1,7535129a-5e29-4a40-a33b-c0deff6f0719,3895074,179,20917244400,20917244900
concurrency_n10_20260613_002350_kafka_feed8_rep1,kafka,sb-events-n10-feed8-rep1,2fc5de0a-efa3-4bd7-83a5-5b446e54cac9,3895060,179,20917304400,20917304700
concurrency_n10_20260613_002350_kafka_feed8_rep1,kafka,sb-events-n10-feed8-rep1,9d894c83-4d3f-457c-8167-97b6db92e3f0,3895074,179,20926803000,20926803600
concurrency_n10_20260613_002350_kafka_feed8_rep1,kafka,sb-events-n10-feed8-rep1,4bdb169e-8996-4b95-8eb9-258978eec186,3895074,179,20936205000,20936205600
concurrency_n10_20260613_002350_kafka_feed8_rep1,kafka,sb-events-n10-feed8-rep1,869585ce-4495-40af-9f58-b803ab392f52,3895121,179,20936252400,20936252700
concurrency_n10_20260613_002350_kafka_feed8_rep1,kafka,sb-events-n10-feed8-rep1,485d878b-e9f1-4567-9971-3ea0580cf0d0,3895121,179,20949852100,20949852500
concurrency_n10_20260613_002350_kafka_feed8_rep1,kafka,sb-events-n10-feed8-rep1,06899416-75b6-4aa5-993c-e28e20bfb3c4,3895121,179,20949896300,20949896500
concurrency_n10_20260613_002350_kafka_feed8_rep1,kafka,sb-events-n10-feed8-rep1,5b15f1f4-1a93-422b-a54a-cc1023063d24,3895134,179,20949921800,20949922400
concurrency_n10_20260613_002350_kafka_feed8_rep1,kafka,sb-events-n10-feed8-rep1,56932336-971a-40ac-acc7-cf59075f7016,3895134,179,20955371700,20955372100
concurrency_n10_20260613_002350_kafka_feed8_rep1,kafka,sb-events-n10-feed8-rep1,c0b209ae-f457-4674-9ae3-0af7ad9f2d3f,3895134,179,20955407700,20955407900
concurrency_n10_20260613_002350_kafka_feed8_rep1,kafka,sb-events-n10-feed8-rep1,ea1bffd4-e71c-4f22-8834-874fab8dfc4f,3895052,179,20963756500,20963756900
concurrency_n10_20260613_002350_kafka_feed8_rep1,kafka,sb-events-n10-feed8-rep1,3f7135a5-8b43-4509-a678-389cea76fa3b,3895121,180,20972916100,20972916500
concurrency_n10_20260613_002350_kafka_feed8_rep1,kafka,sb-events-n10-feed8-rep1,8206a12d-ac0e-44ba-b692-6a94f12012dc,3895113,179,20972964900,20972965100
concurrency_n10_20260613_002350_kafka_feed8_rep1,kafka,sb-events-n10-feed8-rep1,8ec3c9f8-de5c-411b-8cd6-8e24c336229e,3895121,180,20984749200,20984749700
concurrency_n10_20260613_002350_kafka_feed8_rep1,kafka,sb-events-n10-feed8-rep1,120cb6f0-3272-4776-bf35-fcf9b9aaad6c,3895134,180,20994648400,20994648700
concurrency_n10_20260613_002350_kafka_feed8_rep1,kafka,sb-events-n10-feed8-rep1,042baed2-4954-4e1c-9809-b45f3dac9ed8,3895134,180,20994692500,20994692700
concurrency_n10_20260613_002350_kafka_feed8_rep1,kafka,sb-events-n10-feed8-rep1,f998a84a-8533-4e54-850c-88e4a0db962e,3895074,181,21004312800,21004313800
concurrency_n10_20260613_002350_kafka_feed8_rep1,kafka,sb-events-n10-feed8-rep1,5362c702-2c5d-4802-b780-2148711f7f60,3895121,181,21004354400,21004354600
concurrency_n10_20260613_002350_kafka_feed8_rep1,kafka,sb-events-n10-feed8-rep1,77cc1f9f-374d-44d5-b5af-2c3b1ecfd536,3895121,181,21010453800,21010454600
concurrency_n10_20260613_002350_kafka_feed8_rep1,kafka,sb-events-n10-feed8-rep1,a3246662-a95a-484e-87d7-9e80a6503af2,3895134,181,21017550100,21017550500
concurrency_n10_20260613_002350_kafka_feed8_rep1,kafka,sb-events-n10-feed8-rep1,3d09929e-e60f-480a-b4f0-43b30e530c8e,3895134,181,21024189900,21024190200
concurrency_n10_20260613_002350_kafka_feed8_rep1,kafka,sb-events-n10-feed8-rep1,913157ab-1e10-4a00-8776-05d02d9dccea,3895052,181,21024231400,21024231600
concurrency_n10_20260613_002350_kafka_feed8_rep1,kafka,sb-events-n10-feed8-rep1,47f64eb4-9074-48b1-812c-830f5861ce97,3895107,181,21035293200,21035293500
concurrency_n10_20260613_002350_kafka_feed8_rep1,kafka,sb-events-n10-feed8-rep1,bbf1e609-60cb-4dcb-bd23-9ac34721002d,3895052,181,21035336000,21035336200
concurrency_n10_20260613_002350_kafka_feed8_rep1,kafka,sb-events-n10-feed8-rep1,8699603c-1d5e-452d-ba63-8b580b7f7484,3895134,182,21042571100,21042571600
concurrency_n10_20260613_002350_kafka_feed8_rep1,kafka,sb-events-n10-feed8-rep1,033da15f-211c-4323-be47-3c971cb0e9fa,3895134,182,21042826500,21042826900
concurrency_n10_20260613_002350_kafka_feed8_rep1,kafka,sb-events-n10-feed8-rep1,a03fb700-b6fc-41b3-8cc3-cc8d0ab25b50,3895052,182,21060031800,21060032200
concurrency_n10_20260613_002350_kafka_feed8_rep1,kafka,sb-events-n10-feed8-rep1,f66b0a4a-2fea-4f85-86a3-956cc2693f46,3895060,183,21060074300,21060074500
concurrency_n10_20260613_002350_kafka_feed8_rep1,kafka,sb-events-n10-feed8-rep1,de6d4bb5-8abc-4d0d-a036-80274fc3c4f9,3895060,183,21060096200,21060096400
concurrency_n10_20260613_002350_kafka_feed8_rep1,kafka,sb-events-n10-feed8-rep1,e69e807d-e72f-4442-b1ea-1e86de28df50,3895074,183,21070037300,21070037800
concurrency_n10_20260613_002350_kafka_feed8_rep1,kafka,sb-events-n10-feed8-rep1,cb6fbffa-59d1-43d8-af07-26ed640e156b,3895074,183,21070218900,21070219200
concurrency_n10_20260613_002350_kafka_feed8_rep1,kafka,sb-events-n10-feed8-rep1,faf714f7-96d7-4bb0-946c-870eda612625,3895074,183,21070302000,21070302300
concurrency_n10_20260613_002350_kafka_feed8_rep1,kafka,sb-events-n10-feed8-rep1,ce15aad7-cb49-40f2-bbae-d11549fc88e6,3895074,183,21083945400,21083946000
concurrency_n10_20260613_002350_kafka_feed8_rep1,kafka,sb-events-n10-feed8-rep1,5d1af995-e716-4c97-9756-592811556791,3895134,183,21084032100,21084032400
concurrency_n10_20260613_002350_kafka_feed8_rep1,kafka,sb-events-n10-feed8-rep1,37dd2a6a-d230-47b3-9d90-f9e9e7b9a034,3895107,183,21096133600,21096135300
concurrency_n10_20260613_002350_kafka_feed8_rep1,kafka,sb-events-n10-feed8-rep1,0e89f84c-3893-44a1-8e90-35ad8cd4e274,3895052,183,21096190100,21096190400
concurrency_n10_20260613_002350_kafka_feed8_rep1,kafka,sb-events-n10-feed8-rep1,4bbfa33a-6196-4d90-b3d7-378353d1a5bf,3895052,183,21109182900,21109183300
concurrency_n10_20260613_002350_kafka_feed8_rep1,kafka,sb-events-n10-feed8-rep1,f9520e9a-fd27-4d3f-87aa-f0181c84be32,3895107,183,21109223000,21109223300
concurrency_n10_20260613_002350_kafka_feed8_rep1,kafka,sb-events-n10-feed8-rep1,1dcf02eb-a16c-4fdd-807b-6578767dcde6,3895052,183,21109244400,21109244600
concurrency_n10_20260613_002350_kafka_feed8_rep1,kafka,sb-events-n10-feed8-rep1,fb0609bc-47f9-4985-896f-a398902b902f,3895134,184,21124516600,21124517000
concurrency_n10_20260613_002350_kafka_feed8_rep1,kafka,sb-events-n10-feed8-rep1,d5d5314a-1da7-4e7d-a6a5-059c291da52f,3895134,184,21124555400,21124555600
concurrency_n10_20260613_002350_kafka_feed8_rep1,kafka,sb-events-n10-feed8-rep1,fea932e4-e337-47ad-ad83-3818b34221af,3895134,184,21124575300,21124575500
concurrency_n10_20260613_002350_kafka_feed8_rep1,kafka,sb-events-n10-feed8-rep1,47df7d7c-b0ee-4556-84b0-cf8d559b3d46,3895052,184,21130597400,21130597700
concurrency_n10_20260613_002350_kafka_feed8_rep1,kafka,sb-events-n10-feed8-rep1,0d6fb29c-0f27-4915-adc6-b147b114a211,3895052,184,21130640000,21130640200
concurrency_n10_20260613_002350_kafka_feed8_rep1,kafka,sb-events-n10-feed8-rep1,34a96107-d3d3-4f1e-b3b0-ab8489dfe611,3895060,185,21130666400,21130666600
concurrency_n10_20260613_002350_kafka_feed8_rep1,kafka,sb-events-n10-feed8-rep1,c082b06e-6ae3-427f-9f8f-ba08b12a6a7c,3895074,185,21153018100,21153018700
concurrency_n10_20260613_002350_kafka_feed8_rep1,kafka,sb-events-n10-feed8-rep1,62af821c-cd3b-4909-be9f-4807d93603ed,3895074,185,21153073300,21153073500
concurrency_n10_20260613_002350_kafka_feed8_rep1,kafka,sb-events-n10-feed8-rep1,c55df33e-9010-4ba0-84f3-e3f8f8d158ae,3895074,185,21153302200,21153302900
concurrency_n10_20260613_002350_kafka_feed8_rep1,kafka,sb-events-n10-feed8-rep1,a71a1b4a-7e45-40ea-81ce-964334bd6e3c,3895107,185,21164701400,21164702000
concurrency_n10_20260613_002350_kafka_feed8_rep1,kafka,sb-events-n10-feed8-rep1,e39de799-4748-4e0d-a6e0-25f7d7f57162,3895134,185,21164825700,21164826000
concurrency_n10_20260613_002350_kafka_feed8_rep1,kafka,sb-events-n10-feed8-rep1,1d789953-bbff-429f-8065-cc2ce1765444,3895052,185,21187980800,21187981300
concurrency_n10_20260613_002350_kafka_feed8_rep1,kafka,sb-events-n10-feed8-rep1,62aa8f50-6358-4415-9cb0-f8b81c7178a9,3895052,185,21188038000,21188038300
concurrency_n10_20260613_002350_kafka_feed8_rep1,kafka,sb-events-n10-feed8-rep1,524bc892-d68d-4cf9-b02a-0787fd126e38,3895134,185,21188086400,21188086700
concurrency_n10_20260613_002350_kafka_feed8_rep1,kafka,sb-events-n10-feed8-rep1,1899ac70-f6a1-4518-aca7-c464e4ef3b58,3895052,185,21188118400,21188118700
concurrency_n10_20260613_002350_kafka_feed8_rep1,kafka,sb-events-n10-feed8-rep1,0ac53c63-d58c-46ac-a821-b050a0a98d60,3895060,186,21196684100,21196684600
concurrency_n10_20260613_002350_kafka_feed8_rep1,kafka,sb-events-n10-feed8-rep1,9d8f9c0b-27a7-450d-8a63-942f4e7465ce,3895086,186,21196732100,21196732500
concurrency_n10_20260613_002350_kafka_feed8_rep1,kafka,sb-events-n10-feed8-rep1,b12611f3-8156-482e-8f7b-043bc58a90e6,3895107,186,21206024800,21206025200
concurrency_n10_20260613_002350_kafka_feed8_rep1,kafka,sb-events-n10-feed8-rep1,60d44227-9fec-437c-b4e6-19fb293401bb,3895107,186,21206081200,21206081500
concurrency_n10_20260613_002350_kafka_feed8_rep1,kafka,sb-events-n10-feed8-rep1,ecc8b373-48a6-4b0a-94be-0731542bde3c,3895107,186,21217247900,21217248300
concurrency_n10_20260613_002350_kafka_feed8_rep1,kafka,sb-events-n10-feed8-rep1,7aadb2ca-9337-41dd-b89f-4968b2a26ee4,3895107,186,21225626600,21225627000
concurrency_n10_20260613_002350_kafka_feed8_rep1,kafka,sb-events-n10-feed8-rep1,1ad589a2-1a0e-45b1-81c8-40e910942f57,3895060,187,21225679800,21225680000
concurrency_n10_20260613_002350_kafka_feed8_rep1,kafka,sb-events-n10-feed8-rep1,3fc328fb-1e2b-4f54-a60c-104f38eed19d,3895086,187,21234453800,21234454400
concurrency_n10_20260613_002350_kafka_feed8_rep1,kafka,sb-events-n10-feed8-rep1,494b9925-7d7f-4a7e-b8f0-4c25a10c56e8,3895086,187,21234509300,21234509600
concurrency_n10_20260613_002350_kafka_feed8_rep1,kafka,sb-events-n10-feed8-rep1,b2166754-b7ae-486a-b12d-6308ea1e33d7,3895134,187,21245782800,21245783800
concurrency_n10_20260613_002350_kafka_feed8_rep1,kafka,sb-events-n10-feed8-rep1,49209fa5-8cee-46b0-a499-274fd879e505,3895134,187,21245859100,21245859300
concurrency_n10_20260613_002350_kafka_feed8_rep1,kafka,sb-events-n10-feed8-rep1,376b42bf-1a33-4044-856a-f88a7340a55c,3895107,187,21259583600,21259584100
concurrency_n10_20260613_002350_kafka_feed8_rep1,kafka,sb-events-n10-feed8-rep1,48dfe5a6-7eb8-4602-bc7a-5ca891d73fe7,3895107,187,21259694100,21259694400
concurrency_n10_20260613_002350_kafka_feed8_rep1,kafka,sb-events-n10-feed8-rep1,71f1e5f4-8f73-4835-9190-c44322320aed,3895074,188,21267405700,21267406200
concurrency_n10_20260613_002350_kafka_feed8_rep1,kafka,sb-events-n10-feed8-rep1,63153436-ac3b-42f1-bf7e-e1bd83372d4a,3895074,188,21267458400,21267458700
concurrency_n10_20260613_002350_kafka_feed8_rep1,kafka,sb-events-n10-feed8-rep1,7ee1d890-8ec6-421f-84d2-54a965ff02ed,3895060,188,21267492300,21267492600
concurrency_n10_20260613_002350_kafka_feed8_rep1,kafka,sb-events-n10-feed8-rep1,0706ab72-4122-4fa9-a83a-04e7ab2e07f8,3895074,188,21283210300,21283210800
concurrency_n10_20260613_002350_kafka_feed8_rep1,kafka,sb-events-n10-feed8-rep1,a33ab931-78e6-48d1-8378-557e62fb8aa0,3895074,188,21283253700,21283254000
concurrency_n10_20260613_002350_kafka_feed8_rep1,kafka,sb-events-n10-feed8-rep1,b63fe24d-4d3f-4c6f-84a5-908663b7bbda,3895074,188,21299434900,21299435300
concurrency_n10_20260613_002350_kafka_feed8_rep1,kafka,sb-events-n10-feed8-rep1,52efe327-ee18-4162-81f2-0547bd07ae8d,3895074,188,21299477400,21299477700
concurrency_n10_20260613_002350_kafka_feed8_rep1,kafka,sb-events-n10-feed8-rep1,bbf7befd-2733-4137-a06d-0d16f548f131,3895074,188,21299501000,21299501200
concurrency_n10_20260613_002350_kafka_feed8_rep1,kafka,sb-events-n10-feed8-rep1,0a955c70-1a49-400d-a820-9802dd203db3,3895134,188,21303701300,21303701600
concurrency_n10_20260613_002350_kafka_feed8_rep1,kafka,sb-events-n10-feed8-rep1,fa29dcff-ef57-4c61-83ad-3a7aa8bde055,3895134,188,21303756500,21303756800
concurrency_n10_20260613_002350_kafka_feed8_rep1,kafka,sb-events-n10-feed8-rep1,580e89d7-b7d7-4fc1-a667-4ecf187c2534,3895052,188,21310293900,21310294300
concurrency_n10_20260613_002350_kafka_feed8_rep1,kafka,sb-events-n10-feed8-rep1,9153370f-3422-43d8-add3-8551c690e687,3895107,188,21318175800,21318176200
concurrency_n10_20260613_002350_kafka_feed8_rep1,kafka,sb-events-n10-feed8-rep1,02653ad5-13a2-4bbe-a624-f1b6eebde0b5,3895052,188,21318219300,21318219500
concurrency_n10_20260613_002350_kafka_feed8_rep1,kafka,sb-events-n10-feed8-rep1,ddce2c99-b9aa-4b00-a4e2-733e446ea69f,3895052,188,21324064900,21324065200
concurrency_n10_20260613_002350_kafka_feed8_rep1,kafka,sb-events-n10-feed8-rep1,420d9b6c-74f3-4e4d-87f9-ed8e63ed247a,3895060,189,21324105300,21324105500
concurrency_n10_20260613_002350_kafka_feed8_rep1,kafka,sb-events-n10-feed8-rep1,0cfd5fbc-4767-4a50-91d8-8def2fd4ebc6,3895060,189,21328445600,21328445900
concurrency_n10_20260613_002350_kafka_feed8_rep1,kafka,sb-events-n10-feed8-rep1,0d226589-4fa8-4c69-b65a-3994c87f73f5,3895134,189,21338601800,21338602100
concurrency_n10_20260613_002350_kafka_feed8_rep1,kafka,sb-events-n10-feed8-rep1,8e6de0e3-d843-41cd-a76f-99c0f554aa5c,3895074,189,21338640400,21338640600
concurrency_n10_20260613_002350_kafka_feed8_rep1,kafka,sb-events-n10-feed8-rep1,6fca92a8-e991-4654-9814-abeb7b776cfe,3895107,189,21344205900,21344206200
concurrency_n10_20260613_002350_kafka_feed8_rep1,kafka,sb-events-n10-feed8-rep1,9e28ecd7-6d78-4a4f-870a-a816a8637dcf,3895107,189,21355466800,21355467500
concurrency_n10_20260613_002350_kafka_feed8_rep1,kafka,sb-events-n10-feed8-rep1,e64c2984-9c76-4d33-b46a-1834767226eb,3895060,190,21355516800,21355517200
concurrency_n10_20260613_002350_kafka_feed8_rep1,kafka,sb-events-n10-feed8-rep1,ddf1d26b-7930-4093-ae79-70840b6fbd1f,3895060,190,21366937600,21366938100
concurrency_n10_20260613_002350_kafka_feed8_rep1,kafka,sb-events-n10-feed8-rep1,4a46f522-67d3-4549-b152-4c311ebaa333,3895074,190,21366977300,21366977500
concurrency_n10_20260613_002350_kafka_feed8_rep1,kafka,sb-events-n10-feed8-rep1,23a3e1e8-7679-4bf7-920e-8ad00c6c47c4,3895074,190,21366998500,21366998700
concurrency_n10_20260613_002350_kafka_feed8_rep1,kafka,sb-events-n10-feed8-rep1,dc2f4494-778f-4de7-91cb-4cb3dbb5af6a,3895121,190,21378399800,21378400300
concurrency_n10_20260613_002350_kafka_feed8_rep1,kafka,sb-events-n10-feed8-rep1,269cc203-cdca-428b-85c1-c223a4039acb,3895134,190,21378445100,21378445400
concurrency_n10_20260613_002350_kafka_feed8_rep1,kafka,sb-events-n10-feed8-rep1,9cfde221-cd4a-47a3-8127-5746d79a42fd,3895134,190,21385396800,21385397200
concurrency_n10_20260613_002350_kafka_feed8_rep1,kafka,sb-events-n10-feed8-rep1,2d4f5aa2-50a7-441f-9e21-8af732fbff55,3895052,190,21385437000,21385437200
concurrency_n10_20260613_002350_kafka_feed8_rep1,kafka,sb-events-n10-feed8-rep1,d23d9dca-6443-465b-990a-5f727f37fb4d,3895052,190,21393409000,21393409500
concurrency_n10_20260613_002350_kafka_feed8_rep1,kafka,sb-events-n10-feed8-rep1,da740118-c2d3-48d1-ba3d-e86632ea06db,3895052,190,21393451600,21393451800
concurrency_n10_20260613_002350_kafka_feed8_rep1,kafka,sb-events-n10-feed8-rep1,34d82d40-22e7-4f4d-b3d0-5f9a88860924,3895052,190,21398603300,21398603800
concurrency_n10_20260613_002350_kafka_feed8_rep1,kafka,sb-events-n10-feed8-rep1,8c83658d-4aba-4eba-bb77-5c21d3558273,3895067,191,21404252800,21404253400
concurrency_n10_20260613_002350_kafka_feed8_rep1,kafka,sb-events-n10-feed8-rep1,7654dee9-f339-44ce-af78-1cc206483618,3895113,190,21404504700,21404505200
concurrency_n10_20260613_002350_kafka_feed8_rep1,kafka,sb-events-n10-feed8-rep1,d601a651-0860-4ee7-8858-cbed02a392c0,3895074,191,21414222600,21414223000
concurrency_n10_20260613_002350_kafka_feed8_rep1,kafka,sb-events-n10-feed8-rep1,d4ef0347-1d83-466c-ab0b-de30eacd70a4,3895121,191,21414376500,21414376900
concurrency_n10_20260613_002350_kafka_feed8_rep1,kafka,sb-events-n10-feed8-rep1,79e47339-3da8-4edc-83eb-c84c56515fe4,3895121,191,21422150300,21422150700
concurrency_n10_20260613_002350_kafka_feed8_rep1,kafka,sb-events-n10-feed8-rep1,bb4b1cf5-00eb-402d-9e5a-9fe9c614eecf,3895086,191,21429973700,21429974400
concurrency_n10_20260613_002350_kafka_feed8_rep1,kafka,sb-events-n10-feed8-rep1,99e0c535-eb27-4263-bf0d-fd14f94b5f6b,3895086,191,21430024500,21430024900
concurrency_n10_20260613_002350_kafka_feed8_rep1,kafka,sb-events-n10-feed8-rep1,67b25810-34b8-4834-9553-fc990e5f8abb,3895086,191,21434896500,21434896800
concurrency_n10_20260613_002350_kafka_feed8_rep1,kafka,sb-events-n10-feed8-rep1,1524c3ef-8a3e-4b17-9034-f3a92d574a83,3895086,191,21434938200,21434938400
concurrency_n10_20260613_002350_kafka_feed8_rep1,kafka,sb-events-n10-feed8-rep1,888d9d49-1498-40d0-9595-94bbe1717dc6,3895134,191,21444403800,21444405200
concurrency_n10_20260613_002350_kafka_feed8_rep1,kafka,sb-events-n10-feed8-rep1,f2d854d8-0c80-4f3a-b513-da2f9d2193c0,3895107,191,21456718000,21456718300
concurrency_n10_20260613_002350_kafka_feed8_rep1,kafka,sb-events-n10-feed8-rep1,c084ba35-530f-4dc0-a855-f9084b33bf98,3895107,191,21456758400,21456758600
concurrency_n10_20260613_002350_kafka_feed8_rep1,kafka,sb-events-n10-feed8-rep1,780261b4-a187-46bb-8369-6c70391fa578,3895052,191,21463680400,21463680800
concurrency_n10_20260613_002350_kafka_feed8_rep1,kafka,sb-events-n10-feed8-rep1,5583139b-aaef-4d91-bbb9-08100da01eed,3895052,191,21463728400,21463728600
concurrency_n10_20260613_002350_kafka_feed8_rep1,kafka,sb-events-n10-feed8-rep1,bcd7e29b-31b0-4852-b4d1-9d5e301c7a9f,3895060,192,21463755400,21463755600
concurrency_n10_20260613_002350_kafka_feed8_rep1,kafka,sb-events-n10-feed8-rep1,5e1aee62-2ce5-4739-b678-50fee9c7927b,3895060,192,21471654000,21471654500
concurrency_n10_20260613_002350_kafka_feed8_rep1,kafka,sb-events-n10-feed8-rep1,ce970621-1477-4475-9701-29338c5ee876,3895060,192,21471707200,21471707500
concurrency_n10_20260613_002350_kafka_feed8_rep1,kafka,sb-events-n10-feed8-rep1,09d37e36-6ff0-4354-b5d0-9da7dcab8071,3895060,192,21478475700,21478476200
concurrency_n10_20260613_002350_kafka_feed8_rep1,kafka,sb-events-n10-feed8-rep1,9ffa48a6-bcaf-4c18-b6c8-4fecebaed612,3895074,192,21478522100,21478522400
concurrency_n10_20260613_002350_kafka_feed8_rep1,kafka,sb-events-n10-feed8-rep1,49c7793b-13b9-4275-8f95-aab1dccab578,3895074,192,21485966900,21485967300
concurrency_n10_20260613_002350_kafka_feed8_rep1,kafka,sb-events-n10-feed8-rep1,5471af11-32d7-4b56-addf-d2628d1f76dd,3895074,192,21486016000,21486016200
concurrency_n10_20260613_002350_kafka_feed8_rep1,kafka,sb-events-n10-feed8-rep1,a3b7a28a-d7bb-40e3-b559-86cf9ea21258,3895074,192,21497465700,21497466400
concurrency_n10_20260613_002350_kafka_feed8_rep1,kafka,sb-events-n10-feed8-rep1,51fb4729-5504-488f-b8ac-7d9ad058eed1,3895074,193,21497503700,21497503900
concurrency_n10_20260613_002350_kafka_feed8_rep1,kafka,sb-events-n10-feed8-rep1,d48fe2aa-5806-4d30-be6f-8f4bf216e21d,3895086,193,21503485500,21503486000
concurrency_n10_20260613_002350_kafka_feed8_rep1,kafka,sb-events-n10-feed8-rep1,6989a48a-3d41-4a91-836c-f43c0cf375cd,3895086,193,21503525000,21503525200
concurrency_n10_20260613_002350_kafka_feed8_rep1,kafka,sb-events-n10-feed8-rep1,85de58e9-2b57-44f2-bd15-43c8614785e7,3895052,193,21513578900,21513579300
concurrency_n10_20260613_002350_kafka_feed8_rep1,kafka,sb-events-n10-feed8-rep1,aadb06a8-0a17-4549-9719-2ceb370973e3,3895052,193,21513622000,21513622200
concurrency_n10_20260613_002350_kafka_feed8_rep1,kafka,sb-events-n10-feed8-rep1,bf995fff-e50f-4112-bb7c-3e0f0c6f7d1a,3895060,194,21520519100,21520519600
concurrency_n10_20260613_002350_kafka_feed8_rep1,kafka,sb-events-n10-feed8-rep1,fccb18a5-ca11-44d4-88f5-489bb1d9f0d9,3895060,194,21520565600,21520565900
concurrency_n10_20260613_002350_kafka_feed8_rep1,kafka,sb-events-n10-feed8-rep1,d4d9296e-0ddd-499c-b857-b6d7d6b86b59,3895060,194,21529180100,21529180500
concurrency_n10_20260613_002350_kafka_feed8_rep1,kafka,sb-events-n10-feed8-rep1,34375f53-3e60-42ff-911f-c1ac08b123a0,3895060,194,21542632100,21542632800
concurrency_n10_20260613_002350_kafka_feed8_rep1,kafka,sb-events-n10-feed8-rep1,4cdf55ed-0511-4c71-a946-2d976f831af4,3895074,194,21542677200,21542677500
concurrency_n10_20260613_002350_kafka_feed8_rep1,kafka,sb-events-n10-feed8-rep1,f3ca3ab8-c52c-433b-89ca-df862dacd4a9,3895074,194,21542703000,21542703400
concurrency_n10_20260613_002350_kafka_feed8_rep1,kafka,sb-events-n10-feed8-rep1,c8996301-8ac1-4228-9119-e8f2770ba2a7,3895086,194,21554414600,21554415000
concurrency_n10_20260613_002350_kafka_feed8_rep1,kafka,sb-events-n10-feed8-rep1,6c046b96-5365-47af-8c54-5b65043428ba,3895134,194,21554461700,21554462100
concurrency_n10_20260613_002350_kafka_feed8_rep1,kafka,sb-events-n10-feed8-rep1,4eb4d402-5669-4cdb-81db-1271d5448f1b,3895121,195,21564916700,21564917400
concurrency_n10_20260613_002350_kafka_feed8_rep1,kafka,sb-events-n10-feed8-rep1,e1bb5abd-6fb8-450f-a34c-87cda38464f4,3895134,194,21564959200,21564959500
concurrency_n10_20260613_002350_kafka_feed8_rep1,kafka,sb-events-n10-feed8-rep1,68363c21-b66c-4d7e-929f-08e887bd47f7,3895086,195,21576917800,21576918300
concurrency_n10_20260613_002350_kafka_feed8_rep1,kafka,sb-events-n10-feed8-rep1,256471d2-953b-47a0-a298-8249ef937d29,3895107,195,21577004600,21577005100
concurrency_n10_20260613_002350_kafka_feed8_rep1,kafka,sb-events-n10-feed8-rep1,52c222f2-f353-4607-a328-9be49e3d9965,3895134,195,21577201800,21577202300
concurrency_n10_20260613_002350_kafka_feed8_rep1,kafka,sb-events-n10-feed8-rep1,38928839-e8dd-4582-92f7-2522f531fe61,3895121,196,21591444100,21591444700
concurrency_n10_20260613_002350_kafka_feed8_rep1,kafka,sb-events-n10-feed8-rep1,e50641a4-5a4d-4f8f-a211-f51cc720fc0f,3895060,196,21591489700,21591490000
concurrency_n10_20260613_002350_kafka_feed8_rep1,kafka,sb-events-n10-feed8-rep1,a00e2921-98ee-4756-a5b2-79066976df67,3895121,196,21591517100,21591517300
concurrency_n10_20260613_002350_kafka_feed8_rep1,kafka,sb-events-n10-feed8-rep1,d42811d8-2083-42e6-87e5-64cedfcec80d,3895074,196,21603232000,21603232800
concurrency_n10_20260613_002350_kafka_feed8_rep1,kafka,sb-events-n10-feed8-rep1,49492208-3361-4ecd-af09-afade83b8dec,3895086,196,21603442700,21603443200
concurrency_n10_20260613_002350_kafka_feed8_rep1,kafka,sb-events-n10-feed8-rep1,971ee027-fe01-459a-9207-08bd6c8f8d67,3895086,196,21613683800,21613684200
concurrency_n10_20260613_002350_kafka_feed8_rep1,kafka,sb-events-n10-feed8-rep1,446af2b6-1103-4b51-8dd1-03eda19f2798,3895086,196,21613765400,21613765700
concurrency_n10_20260613_002350_kafka_feed8_rep1,kafka,sb-events-n10-feed8-rep1,a5b88451-ad44-4809-a52a-f2cce2822d77,3895052,196,21620772300,21620772700
concurrency_n10_20260613_002350_kafka_feed8_rep1,kafka,sb-events-n10-feed8-rep1,172e96be-11a1-4478-95ec-4f9abf5f4c61,3895060,197,21620825000,21620825200
concurrency_n10_20260613_002350_kafka_feed8_rep1,kafka,sb-events-n10-feed8-rep1,b01466de-7c33-4b21-a1db-536a15898d01,3895121,197,21628463800,21628464100
concurrency_n10_20260613_002350_kafka_feed8_rep1,kafka,sb-events-n10-feed8-rep1,af0da08d-c153-492c-91c2-988ff74e077b,3895121,197,21637376000,21637376500
concurrency_n10_20260613_002350_kafka_feed8_rep1,kafka,sb-events-n10-feed8-rep1,f3700bf4-0863-4684-a153-3c50060f39d0,3895121,197,21637420400,21637420600
concurrency_n10_20260613_002350_kafka_feed8_rep1,kafka,sb-events-n10-feed8-rep1,1b097b83-1c3a-46c9-9a82-dfc9f5fbed5b,3895074,197,21650876800,21650877200
concurrency_n10_20260613_002350_kafka_feed8_rep1,kafka,sb-events-n10-feed8-rep1,72dc6540-3467-4dc2-94a8-99f15d0c178b,3895086,197,21650928500,21650928900
concurrency_n10_20260613_002350_kafka_feed8_rep1,kafka,sb-events-n10-feed8-rep1,4826bc28-41b5-447a-a457-f0c3657a219f,3895074,197,21650961600,21650961900
concurrency_n10_20260613_002350_kafka_feed8_rep1,kafka,sb-events-n10-feed8-rep1,0bd96b1d-bdc8-40ef-917c-b2dfbb9d19c9,3895086,197,21662571600,21662572100
concurrency_n10_20260613_002350_kafka_feed8_rep1,kafka,sb-events-n10-feed8-rep1,a2683d74-48e8-46ab-b383-89bf9410c32f,3895086,197,21662612500,21662612700
concurrency_n10_20260613_002350_kafka_feed8_rep1,kafka,sb-events-n10-feed8-rep1,96e66b7e-9560-4618-b22d-38dcf3ccd1e0,3895086,197,21662634700,21662634900
concurrency_n10_20260613_002350_kafka_feed8_rep1,kafka,sb-events-n10-feed8-rep1,1a6ddb98-6cc1-4354-a590-7b65654b9892,3895134,197,21676090900,21676091400
concurrency_n10_20260613_002350_kafka_feed8_rep1,kafka,sb-events-n10-feed8-rep1,17bd02c0-9fbf-456d-8dad-1cc75beac511,3895134,197,21676142400,21676142600
concurrency_n10_20260613_002350_kafka_feed8_rep1,kafka,sb-events-n10-feed8-rep1,792dbee9-5755-449b-9dd8-fdfab7f99ccd,3895052,197,21687649800,21687650100
concurrency_n10_20260613_002350_kafka_feed8_rep1,kafka,sb-events-n10-feed8-rep1,16625b7e-c911-4dbb-bd7b-b772e039684e,3895052,197,21687697900,21687698200
concurrency_n10_20260613_002350_kafka_feed8_rep1,kafka,sb-events-n10-feed8-rep1,8d22c242-bb5f-40d5-ab0c-bcee0e7859cf,3895134,197,21687722700,21687722900
concurrency_n10_20260613_002350_kafka_feed8_rep1,kafka,sb-events-n10-feed8-rep1,96a7e922-31fd-4041-ab6b-5d8d9eda6545,3895121,198,21687743300,21687743500
concurrency_n10_20260613_002350_kafka_feed8_rep1,kafka,sb-events-n10-feed8-rep1,9abb84e4-f563-49c8-bbe5-00ede9f39eea,3895074,198,21695554100,21695554600
concurrency_n10_20260613_002350_kafka_feed8_rep1,kafka,sb-events-n10-feed8-rep1,c7126d77-ac10-4829-ab34-042f805ccd56,3895107,198,21708283400,21708283700
concurrency_n10_20260613_002350_kafka_feed8_rep1,kafka,sb-events-n10-feed8-rep1,2e180f15-448d-4991-b8ce-ed0fdce47a1d,3895107,198,21708336200,21708336400
concurrency_n10_20260613_002350_kafka_feed8_rep1,kafka,sb-events-n10-feed8-rep1,bbd5b60b-0ff4-4622-b031-65089b77991b,3895134,198,21708357200,21708357400
concurrency_n10_20260613_002350_kafka_feed8_rep1,kafka,sb-events-n10-feed8-rep1,d6028f98-7860-4ce1-9f61-c875e72ca303,3895134,198,21717808900,21717809300
concurrency_n10_20260613_002350_kafka_feed8_rep1,kafka,sb-events-n10-feed8-rep1,0a83c4de-06fa-4a56-a2b3-82575cffd17b,3895121,199,21729927700,21729928400
concurrency_n10_20260613_002350_kafka_feed8_rep1,kafka,sb-events-n10-feed8-rep1,3fdf134f-f466-42ce-8bf3-2f525310bce2,3895060,199,21729980000,21729980300
concurrency_n10_20260613_002350_kafka_feed8_rep1,kafka,sb-events-n10-feed8-rep1,5cd65a29-d258-4f09-bd90-7c6c953a3d99,3895060,199,21730012800,21730013100
concurrency_n10_20260613_002350_kafka_feed8_rep1,kafka,sb-events-n10-feed8-rep1,76a5e150-9453-45e0-bd0b-02d9529f074b,3895121,199,21741623100,21741623600
concurrency_n10_20260613_002350_kafka_feed8_rep1,kafka,sb-events-n10-feed8-rep1,7a16efb7-ba64-439a-b8d1-4b33341fe52b,3895121,199,21747143800,21747144000
concurrency_n10_20260613_002350_kafka_feed8_rep1,kafka,sb-events-n10-feed8-rep1,f588ffb8-c6ab-401c-afde-4b0c1a4ad974,3895074,199,21753789700,21753790000
concurrency_n10_20260613_002350_kafka_feed8_rep1,kafka,sb-events-n10-feed8-rep1,f5b1ab45-5ef6-4a25-b908-531c40ecfb17,3895074,199,21753839700,21753839900
concurrency_n10_20260613_002350_kafka_feed8_rep1,kafka,sb-events-n10-feed8-rep1,77971109-d4df-44fc-8c58-778b5f7e405e,3895074,199,21759666200,21759666600
concurrency_n10_20260613_002350_kafka_feed8_rep1,kafka,sb-events-n10-feed8-rep1,e53e034d-e4e3-4396-af9c-3789aed49e4c,3895086,199,21767206000,21767207000
concurrency_n10_20260613_002350_kafka_feed8_rep1,kafka,sb-events-n10-feed8-rep1,a648a836-f23e-407e-908c-2d74c08c5d8b,3895086,199,21767260600,21767260900
concurrency_n10_20260613_002350_kafka_feed8_rep1,kafka,sb-events-n10-feed8-rep1,e6548093-2ec3-4b32-ad9e-c13164f9eb7e,3895086,199,21776208600,21776208900
concurrency_n10_20260613_002350_kafka_feed8_rep1,kafka,sb-events-n10-feed8-rep1,c9fbb482-a1bd-4a60-99d8-4dc04495c41a,3895086,199,21786541800,21786542400
concurrency_n10_20260613_002350_kafka_feed8_rep1,kafka,sb-events-n10-feed8-rep1,44adc433-a604-4dfa-ac83-95eaa45264d3,3895086,199,21786590700,21786590900
concurrency_n10_20260613_002350_kafka_feed8_rep1,kafka,sb-events-n10-feed8-rep1,ccfcc2a4-b123-4e6f-bb1e-4204f93b1b24,3895060,200,21793877200,21793918600
concurrency_n10_20260613_002350_kafka_feed8_rep1,kafka,sb-events-n10-feed8-rep1,23f4c933-a179-42cf-980f-74eff232c2f1,3895060,200,21800623400,21800623900
concurrency_n10_20260613_002350_kafka_feed8_rep1,kafka,sb-events-n10-feed8-rep1,7da92d0e-971c-43dd-a7f3-2511b29bd57f,3895121,200,21809591700,21809592200
concurrency_n10_20260613_002350_kafka_feed8_rep1,kafka,sb-events-n10-feed8-rep1,daf13775-c709-498f-a1b5-f6b9e146db6b,3895060,200,21809637500,21809637700
concurrency_n10_20260613_002350_kafka_feed8_rep1,kafka,sb-events-n10-feed8-rep1,3adbde33-f5f6-4f4b-8ab0-7aa75bb49341,3895107,200,21817834300,21817835000
concurrency_n10_20260613_002350_kafka_feed8_rep1,kafka,sb-events-n10-feed8-rep1,bad0945f-7f75-4d9a-9ecc-997bda22be9c,3895086,200,21826287700,21826288000
concurrency_n10_20260613_002350_kafka_feed8_rep1,kafka,sb-events-n10-feed8-rep1,f2328187-8156-42f2-97a7-2ee0ffb6a3b9,3895107,200,21826331300,21826331500
concurrency_n10_20260613_002350_kafka_feed8_rep1,kafka,sb-events-n10-feed8-rep1,2fd34664-260c-48de-9436-1a04d57e369d,3895134,200,21833435500,21833435800
concurrency_n10_20260613_002350_kafka_feed8_rep1,kafka,sb-events-n10-feed8-rep1,06e900b7-542e-477d-8696-c42d71038ca4,3895107,200,21833475500,21833475700
concurrency_n10_20260613_002350_kafka_feed8_rep1,kafka,sb-events-n10-feed8-rep1,a063c968-204d-444d-ba8e-b8defaed5422,3895052,200,21839286400,21839286800
concurrency_n10_20260613_002350_kafka_feed8_rep1,kafka,sb-events-n10-feed8-rep1,1e6bcd21-4a17-4a02-8027-ef9f77b3cd2d,3895121,201,21848155600,21848156500
concurrency_n10_20260613_002350_kafka_feed8_rep1,kafka,sb-events-n10-feed8-rep1,ee5e48bc-8faf-4832-b825-5991970ce338,3895074,201,21855175500,21855176400
concurrency_n10_20260613_002350_kafka_feed8_rep1,kafka,sb-events-n10-feed8-rep1,62ea6343-6d67-40a5-bc8a-5a677b785307,3895074,201,21855231900,21855232400
concurrency_n10_20260613_002350_kafka_feed8_rep1,kafka,sb-events-n10-feed8-rep1,a91e8210-91ec-44f0-98f4-9e05c3a0fe3d,3895074,201,21859369600,21859370600
concurrency_n10_20260613_002350_kafka_feed8_rep1,kafka,sb-events-n10-feed8-rep1,0239eda8-4ff5-4d7a-bcda-1cf186225f81,3895074,201,21864997900,21864998600
concurrency_n10_20260613_002350_kafka_feed8_rep1,kafka,sb-events-n10-feed8-rep1,0995d99a-e32a-425d-8268-3a85ae939a7a,3895086,201,21865051800,21865052100
concurrency_n10_20260613_002350_kafka_feed8_rep1,kafka,sb-events-n10-feed8-rep1,f4da8ee3-57ce-431e-adab-2750f84a0ac2,3895086,201,21875962300,21875962800
concurrency_n10_20260613_002350_kafka_feed8_rep1,kafka,sb-events-n10-feed8-rep1,239ffa71-f8ac-430e-8b57-e1a2b538fdca,3895086,201,21884281800,21884282100
concurrency_n10_20260613_002350_kafka_feed8_rep1,kafka,sb-events-n10-feed8-rep1,e9e37024-1acc-4745-9fec-1a15723ba7a9,3895107,201,21884323900,21884324100
concurrency_n10_20260613_002350_kafka_feed8_rep1,kafka,sb-events-n10-feed8-rep1,6737edef-f7b9-4344-a16c-41753531e22c,3895086,201,21884346000,21884346200
concurrency_n10_20260613_002350_kafka_feed8_rep1,kafka,sb-events-n10-feed8-rep1,ba29c511-5821-4bd5-9891-5b1eeabd18d0,3895052,201,21891440600,21891441100
concurrency_n10_20260613_002350_kafka_feed8_rep1,kafka,sb-events-n10-feed8-rep1,fa6fea07-6678-424c-ad05-f279a528bd28,3895060,202,21902909600,21902910200
concurrency_n10_20260613_002350_kafka_feed8_rep1,kafka,sb-events-n10-feed8-rep1,f06ec916-de24-4b51-9778-0f0264c35cca,3895052,201,21902953800,21902954000
concurrency_n10_20260613_002350_kafka_feed8_rep1,kafka,sb-events-n10-feed8-rep1,ed6a802e-8bd2-43f0-bd58-f3bb52d354f7,3895060,202,21912227700,21912228400
concurrency_n10_20260613_002350_kafka_feed8_rep1,kafka,sb-events-n10-feed8-rep1,30056cad-6fc9-480e-9270-daebd609d4a8,3895060,202,21912269400,21912269600
concurrency_n10_20260613_002350_kafka_feed8_rep1,kafka,sb-events-n10-feed8-rep1,922394ef-ca71-4347-b37a-b990f0c16a4d,3895121,202,21928424600,21928425000
concurrency_n10_20260613_002350_kafka_feed8_rep1,kafka,sb-events-n10-feed8-rep1,9ffe785f-f42b-456b-aef5-a1bc558439dc,3895121,202,21928560600,21928560900
concurrency_n10_20260613_002350_kafka_feed8_rep1,kafka,sb-events-n10-feed8-rep1,20998e8c-81f3-41ca-b066-dfe4b384009c,3895107,202,21945156600,21945157000
concurrency_n10_20260613_002350_kafka_feed8_rep1,kafka,sb-events-n10-feed8-rep1,130afcba-4b16-4de4-a0d4-ec8ebb6487c6,3895107,202,21945287700,21945288100
concurrency_n10_20260613_002350_kafka_feed8_rep1,kafka,sb-events-n10-feed8-rep1,5b85a3a5-887a-40b3-85b4-bea0b41e5148,3895134,202,21945311500,21945311700
concurrency_n10_20260613_002350_kafka_feed8_rep1,kafka,sb-events-n10-feed8-rep1,8b72d96d-ed9a-4019-a678-f7fa7ec57707,3895134,202,21956046100,21956046700
concurrency_n10_20260613_002350_kafka_feed8_rep1,kafka,sb-events-n10-feed8-rep1,5a280f38-320a-4d59-ba8a-cb4ed45fc8ec,3895067,203,21956094600,21956094900
concurrency_n10_20260613_002350_kafka_feed8_rep1,kafka,sb-events-n10-feed8-rep1,cc2d56f3-55b0-498b-89c6-488bb332eb26,3895107,203,21956117900,21956118100
concurrency_n10_20260613_002350_kafka_feed8_rep1,kafka,sb-events-n10-feed8-rep1,8414b06d-1085-489c-9e8a-bb5990ee652e,3895060,203,21956138700,21956138800
concurrency_n10_20260613_002350_kafka_feed8_rep1,kafka,sb-events-n10-feed8-rep1,c0d373dd-6241-4116-b046-4a379fa4065b,3895134,203,21962988300,21962988700
concurrency_n10_20260613_002350_kafka_feed8_rep1,kafka,sb-events-n10-feed8-rep1,8e2f0d5f-76bc-4074-9c9c-6db01ed09340,3895067,204,21963470800,21963471300
concurrency_n10_20260613_002350_kafka_feed8_rep1,kafka,sb-events-n10-feed8-rep1,d97f0ae0-eb7e-4fcd-9920-59ce25e17182,3895067,204,21977607200,21977607600
concurrency_n10_20260613_002350_kafka_feed8_rep1,kafka,sb-events-n10-feed8-rep1,704a7634-3317-4d13-946a-2c30d8b4e2db,3895067,204,21987755600,21987756100
concurrency_n10_20260613_002350_kafka_feed8_rep1,kafka,sb-events-n10-feed8-rep1,104a2a5f-f42f-45e3-a0be-0b607ce6ef8d,3895060,204,21987805000,21987805400
concurrency_n10_20260613_002350_kafka_feed8_rep1,kafka,sb-events-n10-feed8-rep1,38a4ff68-015b-423e-a8f5-6ff82897e961,3895060,204,21987899500,21987899800
concurrency_n10_20260613_002350_kafka_feed8_rep1,kafka,sb-events-n10-feed8-rep1,0a87405c-ee48-434a-9258-ff48a830c91b,3895060,204,21987928700,21987929000
concurrency_n10_20260613_002350_kafka_feed8_rep1,kafka,sb-events-n10-feed8-rep1,795c31a8-defb-40c2-b50c-8c64e3ace87a,3895121,204,21995284500,21995285000
concurrency_n10_20260613_002350_kafka_feed8_rep1,kafka,sb-events-n10-feed8-rep1,7b2b97e5-514f-4ee7-852f-e97c2bf0ab46,3895121,204,21995335100,21995335300
concurrency_n10_20260613_002350_kafka_feed8_rep1,kafka,sb-events-n10-feed8-rep1,fddd59c2-b0a0-4602-8c9f-b01f08a4df91,3895121,204,22008928800,22008929100
concurrency_n10_20260613_002350_kafka_feed8_rep1,kafka,sb-events-n10-feed8-rep1,faa7b2e9-52ce-4f10-9f35-89d48cfcdbff,3895107,204,22008973400,22008973700
concurrency_n10_20260613_002350_kafka_feed8_rep1,kafka,sb-events-n10-feed8-rep1,18b078eb-e5e4-4ac5-9a56-e5ae180c4cde,3895107,204,22018847400,22018848300
concurrency_n10_20260613_002350_kafka_feed8_rep1,kafka,sb-events-n10-feed8-rep1,e4a00a28-311e-44fc-b9e7-a030e7f36a37,3895074,205,22033512100,22033512700
concurrency_n10_20260613_002350_kafka_feed8_rep1,kafka,sb-events-n10-feed8-rep1,f586872d-11e2-4192-8560-ca5b871d9a0d,3895086,205,22041816900,22041817400
concurrency_n10_20260613_002350_kafka_feed8_rep1,kafka,sb-events-n10-feed8-rep1,6c17d90b-75bc-4b72-8b30-16eb020400c5,3895086,205,22041873000,22041873400
concurrency_n10_20260613_002350_kafka_feed8_rep1,kafka,sb-events-n10-feed8-rep1,cf6f5f44-46a4-43e7-89f0-3e0871418c79,3895134,205,22048839000,22048839400
concurrency_n10_20260613_002350_kafka_feed8_rep1,kafka,sb-events-n10-feed8-rep1,854c2dd7-f927-4e0c-97db-cf2836aef39b,3895086,205,22057063800,22057064600
concurrency_n10_20260613_002350_kafka_feed8_rep1,kafka,sb-events-n10-feed8-rep1,b2990b07-2c4a-499c-ad6b-d3f86fcbf923,3895134,205,22064812200,22064812900
concurrency_n10_20260613_002350_kafka_feed8_rep1,kafka,sb-events-n10-feed8-rep1,fca572a5-4cbf-4682-b722-f491b76bbe7a,3895067,206,22073619500,22073620100
concurrency_n10_20260613_002350_kafka_feed8_rep1,kafka,sb-events-n10-feed8-rep1,469750b6-7b77-448a-a6eb-0c08c4120fb2,3895107,205,22073672300,22073672500
concurrency_n10_20260613_002350_kafka_feed8_rep1,kafka,sb-events-n10-feed8-rep1,730f71ea-4842-43ed-93d4-c4e8bd167f84,3895107,206,22078844900,22078845300
concurrency_n10_20260613_002350_kafka_feed8_rep1,kafka,sb-events-n10-feed8-rep1,fdfdbc2b-100b-4a25-8e40-f841713eaa5c,3895107,206,22102260500,22102260900
concurrency_n10_20260613_002350_kafka_feed8_rep1,kafka,sb-events-n10-feed8-rep1,006c33a6-6491-4858-96d7-48ef5b8c5f9a,3895107,206,22109510900,22109511400
concurrency_n10_20260613_002350_kafka_feed8_rep1,kafka,sb-events-n10-feed8-rep1,5a93556c-aeea-4cf1-a648-348fcba497cc,3895074,207,22109556100,22109556500
concurrency_n10_20260613_002350_kafka_feed8_rep1,kafka,sb-events-n10-feed8-rep1,3507a2bb-88cf-4224-a566-3ccd25feb313,3895074,207,22109579200,22109579400
concurrency_n10_20260613_002350_kafka_feed8_rep1,kafka,sb-events-n10-feed8-rep1,d032e8c5-0027-4255-9ebc-8a92fe3b1428,3895107,206,22109600200,22109600300
concurrency_n10_20260613_002350_kafka_feed8_rep1,kafka,sb-events-n10-feed8-rep1,f8bcfd72-54ce-48f9-b066-488fb1cff269,3895113,207,22123384300,22123384600
concurrency_n10_20260613_002350_kafka_feed8_rep1,kafka,sb-events-n10-feed8-rep1,0bb9b15a-2163-4b58-a1aa-b32213d88edf,3895113,207,22123432500,22123432700
concurrency_n10_20260613_002350_kafka_feed8_rep1,kafka,sb-events-n10-feed8-rep1,a869407d-c350-49ee-a923-7fc80a69164b,3895107,207,22129552300,22129552900
concurrency_n10_20260613_002350_kafka_feed8_rep1,kafka,sb-events-n10-feed8-rep1,6a46486a-caf4-4944-9898-6c401f82df2a,3895107,207,22129602200,22129602500
concurrency_n10_20260613_002350_kafka_feed8_rep1,kafka,sb-events-n10-feed8-rep1,555457d4-fdf7-4d31-ba9f-163ef1fa44cf,3895060,208,22151410400,22151410900
concurrency_n10_20260613_002350_kafka_feed8_rep1,kafka,sb-events-n10-feed8-rep1,f5cb25b6-6bac-4cf2-a23e-bf00aa9fe0a2,3895060,208,22151456900,22151457100
concurrency_n10_20260613_002350_kafka_feed8_rep1,kafka,sb-events-n10-feed8-rep1,19fc26e3-e2cd-4b33-8685-6855e3cba0d0,3895113,208,22160107500,22160107800
concurrency_n10_20260613_002350_kafka_feed8_rep1,kafka,sb-events-n10-feed8-rep1,9719df55-b7b8-4c59-8bff-7836593b60db,3895052,208,22160154900,22160155200
concurrency_n10_20260613_002350_kafka_feed8_rep1,kafka,sb-events-n10-feed8-rep1,606cbe57-a568-4e08-aa74-b89bd94f0b0d,3895074,208,22160180900,22160181100
concurrency_n10_20260613_002350_kafka_feed8_rep1,kafka,sb-events-n10-feed8-rep1,26c4a926-4865-4d01-8e8b-bac1887ad37c,3895113,208,22160202600,22160202700
concurrency_n10_20260613_002350_kafka_feed8_rep1,kafka,sb-events-n10-feed8-rep1,04599be4-bb7c-4eaf-a3ff-bf64dd1387e3,3895113,208,22160223500,22160223600
concurrency_n10_20260613_002350_kafka_feed8_rep1,kafka,sb-events-n10-feed8-rep1,b7290de5-2a10-4d8a-a1a8-0e2b15375389,3895086,208,22170798300,22170798800
concurrency_n10_20260613_002350_kafka_feed8_rep1,kafka,sb-events-n10-feed8-rep1,4258a04b-4181-4823-b873-53c15c996900,3895086,208,22193054400,22193055700
concurrency_n10_20260613_002350_kafka_feed8_rep1,kafka,sb-events-n10-feed8-rep1,4d1d6542-05df-4c99-9ee1-4fc448d04be3,3895086,208,22215385400,22215385800
concurrency_n10_20260613_002350_kafka_feed8_rep1,kafka,sb-events-n10-feed8-rep1,93fa55a4-e47d-46f3-ad8a-56d96f4f49e9,3895074,209,22215436600,22215436800
concurrency_n10_20260613_002350_kafka_feed8_rep1,kafka,sb-events-n10-feed8-rep1,19a92bc2-a7fb-4ca4-989f-c23629388f2f,3895113,209,22215462100,22215462200
concurrency_n10_20260613_002350_kafka_feed8_rep1,kafka,sb-events-n10-feed8-rep1,d64c9e2b-97e5-44a9-8b6c-f04d5a513555,3895074,209,22215483400,22215483600
concurrency_n10_20260613_002350_kafka_feed8_rep1,kafka,sb-events-n10-feed8-rep1,4be842db-8609-483d-b4f7-44b716327f31,3895074,209,22215503200,22215503400
concurrency_n10_20260613_002350_kafka_feed8_rep1,kafka,sb-events-n10-feed8-rep1,13720ec3-e32a-441f-b0df-ff023e7b6d7a,3895113,209,22215523700,22215523900
concurrency_n10_20260613_002350_kafka_feed8_rep1,kafka,sb-events-n10-feed8-rep1,570d413f-e9ef-4233-be62-293f256249c7,3895052,209,22229004100,22229004500
concurrency_n10_20260613_002350_kafka_feed8_rep1,kafka,sb-events-n10-feed8-rep1,b935b96c-0415-4c16-89fd-78aa77b5a5c3,3895113,209,22229057300,22229057800
concurrency_n10_20260613_002350_kafka_feed8_rep1,kafka,sb-events-n10-feed8-rep1,cdda1d46-0250-4c23-8f29-ce4dab162b4f,3895134,209,22229101800,22229102300
concurrency_n10_20260613_002350_kafka_feed8_rep1,kafka,sb-events-n10-feed8-rep1,5b787a90-5908-442c-948c-798530d53b46,3895052,209,22246723400,22246724100
concurrency_n10_20260613_002350_kafka_feed8_rep1,kafka,sb-events-n10-feed8-rep1,4bb1ab04-da7c-4321-9d6a-95c972ef344b,3895086,209,22246764300,22246764400
concurrency_n10_20260613_002350_kafka_feed8_rep1,kafka,sb-events-n10-feed8-rep1,239820ad-e7f1-40cb-a928-1cfe1679be04,3895134,210,22258788700,22258789000
concurrency_n10_20260613_002350_kafka_feed8_rep1,kafka,sb-events-n10-feed8-rep1,97ef2d61-cf0c-471f-8a42-5bfe3262fef9,3895086,209,22258828000,22258828200
concurrency_n10_20260613_002350_kafka_feed8_rep1,kafka,sb-events-n10-feed8-rep1,9267cb15-62bc-4b7f-a3c3-c6b40cc52a6a,3895113,210,22258851600,22258851800
concurrency_n10_20260613_002350_kafka_feed8_rep1,kafka,sb-events-n10-feed8-rep1,a2b0fac8-412f-4cb6-9667-0773efa73656,3895113,210,22269109700,22269110200
concurrency_n10_20260613_002350_kafka_feed8_rep1,kafka,sb-events-n10-feed8-rep1,f61695ae-1555-43e1-8510-28e0b90b24e6,3895134,210,22269152100,22269152300
concurrency_n10_20260613_002350_kafka_feed8_rep1,kafka,sb-events-n10-feed8-rep1,68e1846d-61ff-468c-a399-ffb99c8d7222,3895134,210,22277619300,22277620600
concurrency_n10_20260613_002350_kafka_feed8_rep1,kafka,sb-events-n10-feed8-rep1,b4096be6-9255-486d-85ef-fb1f82c24839,3895086,210,22277663600,22277663700
concurrency_n10_20260613_002350_kafka_feed8_rep1,kafka,sb-events-n10-feed8-rep1,7639e7d7-5107-41b0-8fe1-04a1f8217001,3895086,210,22277685900,22277686200
concurrency_n10_20260613_002350_kafka_feed8_rep1,kafka,sb-events-n10-feed8-rep1,5f9b6b59-8a14-499f-884b-87313d1ddc01,3895086,210,22289381200,22289381700
concurrency_n10_20260613_002350_kafka_feed8_rep1,kafka,sb-events-n10-feed8-rep1,9b52a8fd-9c5c-4293-8259-7ec03f352235,3895107,210,22289422200,22289422500
concurrency_n10_20260613_002350_kafka_feed8_rep1,kafka,sb-events-n10-feed8-rep1,79126be9-b946-4db5-9e70-c0ea00b5d931,3895086,210,22295492300,22295493000
concurrency_n10_20260613_002350_kafka_feed8_rep1,kafka,sb-events-n10-feed8-rep1,71a926aa-c491-4365-8962-c40080f63fc7,3895060,211,22308517200,22308517700
concurrency_n10_20260613_002350_kafka_feed8_rep1,kafka,sb-events-n10-feed8-rep1,2866550d-a28c-47d4-96c3-4bfb70dc24b3,3895134,211,22319153400,22319153800
concurrency_n10_20260613_002350_kafka_feed8_rep1,kafka,sb-events-n10-feed8-rep1,62826bb6-cd29-4a46-8c39-b821f1ffa487,3895113,211,22319191200,22319191400
concurrency_n10_20260613_002350_kafka_feed8_rep1,kafka,sb-events-n10-feed8-rep1,afd87378-26f0-4ddc-b981-bf98a48e8363,3895113,211,22319277400,22319277500
concurrency_n10_20260613_002350_kafka_feed8_rep1,kafka,sb-events-n10-feed8-rep1,6a500abf-1afa-42d0-8321-40d31eb3fc9b,3895113,211,22326230800,22326231100
concurrency_n10_20260613_002350_kafka_feed8_rep1,kafka,sb-events-n10-feed8-rep1,4a13e529-c528-425f-bc58-c94138612ed7,3895134,211,22334389600,22334390100
concurrency_n10_20260613_002350_kafka_feed8_rep1,kafka,sb-events-n10-feed8-rep1,d18ac035-ae5f-403f-9a29-8c95cb4c9a98,3895107,211,22345862400,22345863100
concurrency_n10_20260613_002350_kafka_feed8_rep1,kafka,sb-events-n10-feed8-rep1,f018ba31-3864-4bbd-b90b-5aba86ec11fb,3895067,212,22359338900,22359339100
concurrency_n10_20260613_002350_kafka_feed8_rep1,kafka,sb-events-n10-feed8-rep1,b33bd1db-ae78-4fe9-868f-2497d774e37b,3895107,211,22359455600,22359455900
concurrency_n10_20260613_002350_kafka_feed8_rep1,kafka,sb-events-n10-feed8-rep1,42646d1f-6ac6-47cf-91e9-5902162f9945,3895067,212,22359523600,22359524000
concurrency_n10_20260613_002350_kafka_feed8_rep1,kafka,sb-events-n10-feed8-rep1,6814a9dc-5fb8-4566-b386-654ab7b93302,3895113,212,22369581300,22369582000
concurrency_n10_20260613_002350_kafka_feed8_rep1,kafka,sb-events-n10-feed8-rep1,3382d742-d5a5-471e-9108-83ef9eec6586,3895134,212,22369633300,22369633600
concurrency_n10_20260613_002350_kafka_feed8_rep1,kafka,sb-events-n10-feed8-rep1,fbfe8ca5-7c5c-45b7-98af-4a38bc6a58c0,3895134,212,22376506900,22376507200
concurrency_n10_20260613_002350_kafka_feed8_rep1,kafka,sb-events-n10-feed8-rep1,7bfcca6d-5cb1-42ff-966a-0c3ecfb1a8b1,3895086,212,22385107000,22385107400
concurrency_n10_20260613_002350_kafka_feed8_rep1,kafka,sb-events-n10-feed8-rep1,bf4cb337-a622-4e43-9a61-3920c8482d90,3895086,212,22403936500,22403937200
concurrency_n10_20260613_002350_kafka_feed8_rep1,kafka,sb-events-n10-feed8-rep1,32e37a91-895f-44df-9efa-f0f03cdb0c4f,3895107,212,22404093000,22404093300
concurrency_n10_20260613_002350_kafka_feed8_rep1,kafka,sb-events-n10-feed8-rep1,201204b4-ddca-4e95-879d-5ea29aeab663,3895086,212,22426159900,22426160200
concurrency_n10_20260613_002350_kafka_feed8_rep1,kafka,sb-events-n10-feed8-rep1,b29c3caf-f291-487b-beb4-72c6aca45001,3895113,213,22427285400,22427286100
concurrency_n10_20260613_002350_kafka_feed8_rep1,kafka,sb-events-n10-feed8-rep1,84ec7ad7-a2e5-4993-9fc8-c0d48a121d5f,3895086,212,22427382000,22427382400
concurrency_n10_20260613_002350_kafka_feed8_rep1,kafka,sb-events-n10-feed8-rep1,da0d2ca8-0650-47d0-8bf6-ff69268155fa,3895107,212,22427409500,22427409700
concurrency_n10_20260613_002350_kafka_feed8_rep1,kafka,sb-events-n10-feed8-rep1,ddf078ee-315b-435b-ac43-e33e19103b6a,3895113,213,22427465500,22427465900
concurrency_n10_20260613_002350_kafka_feed8_rep1,kafka,sb-events-n10-feed8-rep1,9bcffd13-f0d8-4e1d-ba3b-73bcb59832fe,3895067,214,22437686700,22437687100
concurrency_n10_20260613_002350_kafka_feed8_rep1,kafka,sb-events-n10-feed8-rep1,a3f06e72-c4ae-4963-a365-b410eb92d1d0,3895067,214,22437728400,22437728700
concurrency_n10_20260613_002350_kafka_feed8_rep1,kafka,sb-events-n10-feed8-rep1,b15b063c-fba0-4b35-93e3-12c1ab5450b3,3895052,214,22437751000,22437751200
concurrency_n10_20260613_002350_kafka_feed8_rep1,kafka,sb-events-n10-feed8-rep1,84d35a0c-988c-4977-8841-814426dca458,3895086,213,22437771400,22437771500
concurrency_n10_20260613_002350_kafka_feed8_rep1,kafka,sb-events-n10-feed8-rep1,1425eb5d-7c5a-4987-aab0-f7ff7f3acedc,3895113,214,22447128300,22447128600
concurrency_n10_20260613_002350_kafka_feed8_rep1,kafka,sb-events-n10-feed8-rep1,0f14de1c-8327-414a-834f-c3c395569755,3895107,214,22447168300,22447168500
concurrency_n10_20260613_002350_kafka_feed8_rep1,kafka,sb-events-n10-feed8-rep1,67c684b6-21b0-4bca-a0f4-3bd1a85e22a6,3895107,214,22459219700,22459220300
concurrency_n10_20260613_002350_kafka_feed8_rep1,kafka,sb-events-n10-feed8-rep1,6027d630-8427-4341-9c7a-6b0b930e7fa6,3895107,214,22459345100,22459345400
concurrency_n10_20260613_002350_kafka_feed8_rep1,kafka,sb-events-n10-feed8-rep1,c4297aed-1578-4f7d-b3d7-84dda385543a,3895107,214,22466528700,22466529100
concurrency_n10_20260613_002350_kafka_feed8_rep1,kafka,sb-events-n10-feed8-rep1,d28de1d9-1e74-4c52-9ddc-06e3482170e7,3895067,215,22474754000,22474754400
concurrency_n10_20260613_002350_kafka_feed8_rep1,kafka,sb-events-n10-feed8-rep1,ff873195-aa1c-4298-8568-dce7bf70b436,3895134,215,22474804000,22474804300
concurrency_n10_20260613_002350_kafka_feed8_rep1,kafka,sb-events-n10-feed8-rep1,1a822961-d503-4596-8ec9-1bc05cad3460,3895113,215,22487138400,22487139000
concurrency_n10_20260613_002350_kafka_feed8_rep1,kafka,sb-events-n10-feed8-rep1,d4f8880a-988d-4749-a014-2e6b53254c19,3895134,215,22487185000,22487185300
concurrency_n10_20260613_002350_kafka_feed8_rep1,kafka,sb-events-n10-feed8-rep1,cd89e398-e369-46dc-a7d4-4117da82031c,3895086,215,22497395700,22497396100
concurrency_n10_20260613_002350_kafka_feed8_rep1,kafka,sb-events-n10-feed8-rep1,8db50a50-2ec9-42fc-b4cc-d13dc6589780,3895086,215,22506132100,22506132500
concurrency_n10_20260613_002350_kafka_feed8_rep1,kafka,sb-events-n10-feed8-rep1,84e78054-b076-42f7-bc12-ff47c8e945fa,3895086,215,22506175000,22506175300
concurrency_n10_20260613_002350_kafka_feed8_rep1,kafka,sb-events-n10-feed8-rep1,effc07b6-46d7-43a9-8648-38c71c70a9a8,3895086,215,22515430000,22515431400
concurrency_n10_20260613_002350_kafka_feed8_rep1,kafka,sb-events-n10-feed8-rep1,52a2e3c3-a9c4-4501-a1b4-4d8cb93d42a4,3895067,216,22515550900,22515551200
concurrency_n10_20260613_002350_kafka_feed8_rep1,kafka,sb-events-n10-feed8-rep1,9ad7ef2d-3ff8-4405-ae02-356ff60ae4b8,3895067,216,22520731600,22520732100
concurrency_n10_20260613_002350_kafka_feed8_rep1,kafka,sb-events-n10-feed8-rep1,4866a692-7e59-4811-a95d-c7173eeb85fe,3895052,216,22532533300,22532534200
concurrency_n10_20260613_002350_kafka_feed8_rep1,kafka,sb-events-n10-feed8-rep1,9b6cc51b-41c3-44f2-b430-c1cdea81a90b,3895052,216,22556756000,22556756300
concurrency_n10_20260613_002350_kafka_feed8_rep1,kafka,sb-events-n10-feed8-rep1,9d7289ce-6be1-4143-a8b3-500601193388,3895052,216,22556797000,22556797300
concurrency_n10_20260613_002350_kafka_feed8_rep1,kafka,sb-events-n10-feed8-rep1,737abe3b-aa88-491c-a52d-b8c487a82f4d,3895107,216,22556816500,22556816600
concurrency_n10_20260613_002350_kafka_feed8_rep1,kafka,sb-events-n10-feed8-rep1,3b23f496-60ff-4fba-ba75-148e46a67145,3895107,216,22568750100,22568750600
concurrency_n10_20260613_002350_kafka_feed8_rep1,kafka,sb-events-n10-feed8-rep1,2b193e7e-db6f-47bc-aa3d-669b3558e349,3895086,216,22568817800,22568818200
concurrency_n10_20260613_002350_kafka_feed8_rep1,kafka,sb-events-n10-feed8-rep1,9ed80495-b704-41b7-8b60-d8810f21b41a,3895086,216,22568845000,22568845200
concurrency_n10_20260613_002350_kafka_feed8_rep1,kafka,sb-events-n10-feed8-rep1,6c368dc2-0542-452b-b5e5-92eac02be8eb,3895107,216,22568869200,22568869400
concurrency_n10_20260613_002350_kafka_feed8_rep1,kafka,sb-events-n10-feed8-rep1,82247b75-13da-4c3e-8b3b-8065f32b78b8,3895086,216,22568891400,22568891600
concurrency_n10_20260613_002350_kafka_feed8_rep1,kafka,sb-events-n10-feed8-rep1,a0cfcf0d-f03d-46ec-8dcc-194639d0c715,3895052,217,22568913500,22568913700
concurrency_n10_20260613_002350_kafka_feed8_rep1,kafka,sb-events-n10-feed8-rep1,f9c9fee3-cf79-49ac-9ad2-61b7b2b70ba6,3895113,217,22587260900,22587261300
concurrency_n10_20260613_002350_kafka_feed8_rep1,kafka,sb-events-n10-feed8-rep1,4b21d046-f779-4e7c-99c5-f2eee961332c,3895052,217,22587311400,22587311600
concurrency_n10_20260613_002350_kafka_feed8_rep1,kafka,sb-events-n10-feed8-rep1,759d33c3-6e07-4e8d-ac38-cd66fee1a93d,3895113,217,22600808400,22600809400
concurrency_n10_20260613_002350_kafka_feed8_rep1,kafka,sb-events-n10-feed8-rep1,7c486de8-3484-44cd-9325-e0bdadc0adde,3895086,217,22602269200,22602269500
concurrency_n10_20260613_002350_kafka_feed8_rep1,kafka,sb-events-n10-feed8-rep1,697de738-1ddd-4a69-a641-ed6e57aa15ca,3895086,217,22602328200,22602328500
concurrency_n10_20260613_002350_kafka_feed8_rep1,kafka,sb-events-n10-feed8-rep1,f9bff61d-0d29-4680-ac6c-4a1f22f13c91,3895052,218,22610048300,22610048700
concurrency_n10_20260613_002350_kafka_feed8_rep1,kafka,sb-events-n10-feed8-rep1,b16a70eb-a994-4ce1-b690-c2b190dc53b3,3895067,218,22610089700,22610089900
concurrency_n10_20260613_002350_kafka_feed8_rep1,kafka,sb-events-n10-feed8-rep1,9d5a3faa-7ecb-4013-ba26-df5791af290b,3895052,218,22621804000,22621804600
concurrency_n10_20260613_002350_kafka_feed8_rep1,kafka,sb-events-n10-feed8-rep1,0bbc4516-a191-4b32-8e92-939ac38cf11b,3895134,218,22621869200,22621869600
concurrency_n10_20260613_002350_kafka_feed8_rep1,kafka,sb-events-n10-feed8-rep1,2f6d0952-ddfa-48dd-9012-82b7ed01fb05,3895134,218,22627147400,22627148000
concurrency_n10_20260613_002350_kafka_feed8_rep1,kafka,sb-events-n10-feed8-rep1,00901f4d-0730-42c8-8f1d-033622de7271,3895134,218,22627273500,22627274100
concurrency_n10_20260613_002350_kafka_feed8_rep1,kafka,sb-events-n10-feed8-rep1,0cb25576-201c-4a78-a596-00de3fef253a,3895134,218,22632444200,22632444700
concurrency_n10_20260613_002350_kafka_feed8_rep1,kafka,sb-events-n10-feed8-rep1,c506cd0d-1f5b-444a-94b3-eb29d05bef57,3895067,219,22648638700,22648639900
concurrency_n10_20260613_002350_kafka_feed8_rep1,kafka,sb-events-n10-feed8-rep1,fd56f5f1-17ec-498b-9a96-d4b52d2940cc,3895067,219,22648697800,22648698100
concurrency_n10_20260613_002350_kafka_feed8_rep1,kafka,sb-events-n10-feed8-rep1,6eba3fdc-1e7b-4669-a60e-a2bf7c9c96fe,3895052,219,22654736000,22654736300
concurrency_n10_20260613_002350_kafka_feed8_rep1,kafka,sb-events-n10-feed8-rep1,a8c0d779-a323-4652-980a-c22ae4f20204,3895074,219,22654783800,22654784200
concurrency_n10_20260613_002350_kafka_feed8_rep1,kafka,sb-events-n10-feed8-rep1,3e42c418-9417-42a7-ad68-351e0e79f13e,3895052,219,22675274200,22675274600
concurrency_n10_20260613_002350_kafka_feed8_rep1,kafka,sb-events-n10-feed8-rep1,b576f3fc-25f9-41b4-acbe-d50795eb237b,3895134,219,22687212900,22687213400
concurrency_n10_20260613_002350_kafka_feed8_rep1,kafka,sb-events-n10-feed8-rep1,91238aa1-991a-43f5-b2e8-791de16a6e6d,3895134,219,22687250300,22687250500
concurrency_n10_20260613_002350_kafka_feed8_rep1,kafka,sb-events-n10-feed8-rep1,95ca5c4c-b90a-48aa-938f-b9cf437c66d4,3895134,219,22687272600,22687272800
concurrency_n10_20260613_002350_kafka_feed8_rep1,kafka,sb-events-n10-feed8-rep1,1f7b9fa4-26f2-46d7-87a3-5fb28d91f8df,3895086,219,22687295100,22687295300
concurrency_n10_20260613_002350_kafka_feed8_rep1,kafka,sb-events-n10-feed8-rep1,15a5bdbb-29ea-4562-be43-cc71f22d37a2,3895067,220,22695893000,22695893300
concurrency_n10_20260613_002350_kafka_feed8_rep1,kafka,sb-events-n10-feed8-rep1,b6aac65b-a04a-44bf-b4cf-1f16b6de6536,3895074,220,22696073500,22696073800
concurrency_n10_20260613_002350_kafka_feed8_rep1,kafka,sb-events-n10-feed8-rep1,bccd8c47-0541-4ee3-b82f-9e67fec67685,3895074,220,22703027600,22703028100
concurrency_n10_20260613_002350_kafka_feed8_rep1,kafka,sb-events-n10-feed8-rep1,8cb6c1bb-9279-48f1-b6ad-94a0df91cd4b,3895074,220,22703212200,22703212500
concurrency_n10_20260613_002350_kafka_feed8_rep1,kafka,sb-events-n10-feed8-rep1,1e7a833e-5cc5-45e1-8e8a-777177080f36,3895134,220,22703245700,22703245900
concurrency_n10_20260613_002350_kafka_feed8_rep1,kafka,sb-events-n10-feed8-rep1,f32c59c0-240e-42e9-8069-8810d8e67cfd,3895086,220,22712191400,22712192000
concurrency_n10_20260613_002350_kafka_feed8_rep1,kafka,sb-events-n10-feed8-rep1,d5f683d9-9d90-4c1e-b87b-b33b5413b8e7,3895086,220,22722917500,22722917900
concurrency_n10_20260613_002350_kafka_feed8_rep1,kafka,sb-events-n10-feed8-rep1,e8c6da09-655a-4bf7-b2eb-0fc030baaa8d,3895067,221,22722954400,22722954600
concurrency_n10_20260613_002350_kafka_feed8_rep1,kafka,sb-events-n10-feed8-rep1,4aedbc0a-02ad-4a1e-a658-3ffdbdf44e9a,3895067,221,22730986200,22730986600
concurrency_n10_20260613_002350_kafka_feed8_rep1,kafka,sb-events-n10-feed8-rep1,d02f67c1-7b6c-473c-b7a3-b95039112785,3895067,221,22731026200,22731026400
concurrency_n10_20260613_002350_kafka_feed8_rep1,kafka,sb-events-n10-feed8-rep1,ec09950a-6639-4067-a881-504bad1855c3,3895074,221,22741287700,22741288200
concurrency_n10_20260613_002350_kafka_feed8_rep1,kafka,sb-events-n10-feed8-rep1,a9de5d14-4077-4efa-bdef-93a5dfe13ee5,3895074,221,22750461900,22750462300
concurrency_n10_20260613_002350_kafka_feed8_rep1,kafka,sb-events-n10-feed8-rep1,bd15630a-3c02-4c22-9769-4be927977952,3895074,221,22750506600,22750506900
concurrency_n10_20260613_002350_kafka_feed8_rep1,kafka,sb-events-n10-feed8-rep1,efb1609c-eb3b-4cc6-b617-6491e121da08,3895113,221,22755235800,22755236200
concurrency_n10_20260613_002350_kafka_feed8_rep1,kafka,sb-events-n10-feed8-rep1,49febf50-2306-4c19-a94e-c8c9bdac5e80,3895052,221,22755276700,22755277000
concurrency_n10_20260613_002350_kafka_feed8_rep1,kafka,sb-events-n10-feed8-rep1,d3b4d9da-a36c-486b-8bf2-be36d0654638,3895052,221,22763332500,22763332800
concurrency_n10_20260613_002350_kafka_feed8_rep1,kafka,sb-events-n10-feed8-rep1,68eaf4af-0687-45a2-a2ed-83fb312ec606,3895134,221,22769113700,22769114400
concurrency_n10_20260613_002350_kafka_feed8_rep1,kafka,sb-events-n10-feed8-rep1,46d8d187-f75a-4cac-adb4-c815388da2ab,3895134,221,22778821200,22778821600
concurrency_n10_20260613_002350_kafka_feed8_rep1,kafka,sb-events-n10-feed8-rep1,44e5fbc3-8f44-4f10-9a3f-808ec330cdb3,3895074,222,22786776700,22786777000
concurrency_n10_20260613_002350_kafka_feed8_rep1,kafka,sb-events-n10-feed8-rep1,ec9ce405-e079-4a8e-9b40-92f04fe5a165,3895113,222,22786936800,22786937100
concurrency_n10_20260613_002350_kafka_feed8_rep1,kafka,sb-events-n10-feed8-rep1,b8d67360-7f6b-4662-a00d-fed1eb6f1ba6,3895052,222,22797556400,22797556800
concurrency_n10_20260613_002350_kafka_feed8_rep1,kafka,sb-events-n10-feed8-rep1,7261a548-7067-4e82-8a86-962feb5db893,3895113,222,22807871200,22807872200
concurrency_n10_20260613_002350_kafka_feed8_rep1,kafka,sb-events-n10-feed8-rep1,72b9cec9-3dd7-4af1-bf25-0a2eebf04a58,3895113,222,22807917100,22807917300
concurrency_n10_20260613_002350_kafka_feed8_rep1,kafka,sb-events-n10-feed8-rep1,42195328-dbd6-4c26-910e-de4b15538b0f,3895086,222,22811848600,22811849000
concurrency_n10_20260613_002350_kafka_feed8_rep1,kafka,sb-events-n10-feed8-rep1,b9c709df-968d-4bf9-b500-02ffcbb3b0e7,3895134,222,22811887200,22811887400
concurrency_n10_20260613_002350_kafka_feed8_rep1,kafka,sb-events-n10-feed8-rep1,07f2b7b2-4c41-4472-9cf5-d4da0b98eeda,3895067,223,22820241300,22820241600
concurrency_n10_20260613_002350_kafka_feed8_rep1,kafka,sb-events-n10-feed8-rep1,0a0878a4-ad4c-4683-9ea5-f01aa86197b5,3895067,223,22826238600,22826239100
concurrency_n10_20260613_002350_kafka_feed8_rep1,kafka,sb-events-n10-feed8-rep1,117347bf-5b19-4163-9c30-86cbb965d427,3895074,223,22833526500,22833527100
concurrency_n10_20260613_002350_kafka_feed8_rep1,kafka,sb-events-n10-feed8-rep1,8e99e685-dd80-45dd-8981-f51bb118dc83,3895074,223,22843271600,22843272300
concurrency_n10_20260613_002350_kafka_feed8_rep1,kafka,sb-events-n10-feed8-rep1,612591bc-c324-4919-a995-e3739095e49c,3895113,223,22843309500,22843309700
concurrency_n10_20260613_002350_kafka_feed8_rep1,kafka,sb-events-n10-feed8-rep1,921500ef-de3c-4656-8792-6c085c592225,3895134,223,22848260600,22848261100
concurrency_n10_20260613_002350_kafka_feed8_rep1,kafka,sb-events-n10-feed8-rep1,2797ae7a-31ad-4d05-82f7-314d6b0d7f0b,3895113,223,22848306200,22848306500
concurrency_n10_20260613_002350_kafka_feed8_rep1,kafka,sb-events-n10-feed8-rep1,ac6bb7f3-aed3-4799-9573-acfb89f3b71e,3895134,223,22856431900,22856433200
concurrency_n10_20260613_002350_kafka_feed8_rep1,kafka,sb-events-n10-feed8-rep1,c36f907d-331e-45b1-b44d-66fc6e330da0,3895134,223,22863871000,22863871500
concurrency_n10_20260613_002350_kafka_feed8_rep1,kafka,sb-events-n10-feed8-rep1,f8c6d770-8b1d-4ed6-9a99-24226d8cbdf3,3895134,223,22869530500,22869530900
concurrency_n10_20260613_002350_kafka_feed8_rep1,kafka,sb-events-n10-feed8-rep1,30a84c8b-f2f6-42dd-8110-cc61373e72f3,3895067,224,22879075900,22879076300
concurrency_n10_20260613_002350_kafka_feed8_rep1,kafka,sb-events-n10-feed8-rep1,4beb105f-9c3d-42ce-b3e9-a5ec0bf4ae78,3895074,224,22879136100,22879136300
concurrency_n10_20260613_002350_kafka_feed8_rep1,kafka,sb-events-n10-feed8-rep1,3cdada44-254e-4a8e-afeb-1b005eb7fa46,3895086,224,22889914000,22889914600
concurrency_n10_20260613_002350_kafka_feed8_rep1,kafka,sb-events-n10-feed8-rep1,36f7128d-31b5-4f4f-b928-79e4bb8363ab,3895052,224,22890008100,22890008300
concurrency_n10_20260613_002350_kafka_feed8_rep1,kafka,sb-events-n10-feed8-rep1,59f0b2e1-491d-4e57-b6a3-12c2fbbbe40c,3895086,224,22890035000,22890035200
concurrency_n10_20260613_002350_kafka_feed8_rep1,kafka,sb-events-n10-feed8-rep1,a3d1e34d-213d-496b-b366-c0ffd8acda77,3895086,224,22898769500,22898769800
concurrency_n10_20260613_002350_kafka_feed8_rep1,kafka,sb-events-n10-feed8-rep1,312035b9-b0d9-4e96-878f-1b32c7e13c81,3895067,225,22898810900,22898811100
concurrency_n10_20260613_002350_kafka_feed8_rep1,kafka,sb-events-n10-feed8-rep1,a32369fd-1200-449f-80ad-b2af4e7110a2,3895067,225,22909169200,22909169700
concurrency_n10_20260613_002350_kafka_feed8_rep1,kafka,sb-events-n10-feed8-rep1,0dc809b6-6308-4d9c-a41f-545c23bf0589,3895067,225,22913833800,22913834300
concurrency_n10_20260613_002350_kafka_feed8_rep1,kafka,sb-events-n10-feed8-rep1,38ad36eb-ec4c-4f83-b317-19f4d1ace560,3895074,225,22913875600,22913875800
concurrency_n10_20260613_002350_kafka_feed8_rep1,kafka,sb-events-n10-feed8-rep1,17c71536-01d7-4a85-a272-2c0a487d2e0a,3895074,225,22922522400,22922522800
concurrency_n10_20260613_002350_kafka_feed8_rep1,kafka,sb-events-n10-feed8-rep1,54f5fa44-6b26-4324-908d-f6d7d7266f9c,3895074,225,22922571900,22922572200
concurrency_n10_20260613_002350_kafka_feed8_rep1,kafka,sb-events-n10-feed8-rep1,ccb3fd0e-fe0a-423e-9e61-033b0f21b4bf,3895074,225,22931998400,22931998900
concurrency_n10_20260613_002350_kafka_feed8_rep1,kafka,sb-events-n10-feed8-rep1,a039a837-87cf-4f48-b863-3cea80abbb81,3895074,225,22943739200,22943739500
concurrency_n10_20260613_002350_kafka_feed8_rep1,kafka,sb-events-n10-feed8-rep1,468444c9-5267-4753-a238-4a226dc4ee80,3895074,225,22943782000,22943782200
concurrency_n10_20260613_002350_kafka_feed8_rep1,kafka,sb-events-n10-feed8-rep1,b296ceac-b0af-48e2-98c4-ceff5443fa35,3895052,225,22950951100,22950951400
concurrency_n10_20260613_002350_kafka_feed8_rep1,kafka,sb-events-n10-feed8-rep1,3f6ce352-2e57-43ff-9619-276a1464f100,3895086,225,22950993000,22950993300
concurrency_n10_20260613_002350_kafka_feed8_rep1,kafka,sb-events-n10-feed8-rep1,72f703c6-b9b4-4edd-88b5-3d0684f2468f,3895052,225,22951037200,22951037600
concurrency_n10_20260613_002350_kafka_feed8_rep1,kafka,sb-events-n10-feed8-rep1,55a73469-4b77-43b5-b9ba-67435754b68e,3895067,226,22958243400,22958243900
concurrency_n10_20260613_002350_kafka_feed8_rep1,kafka,sb-events-n10-feed8-rep1,7b1f0d68-1df6-4ff3-be96-47942dd2eef6,3895067,226,22958292000,22958292400
concurrency_n10_20260613_002350_kafka_feed8_rep1,kafka,sb-events-n10-feed8-rep1,a000cd00-afea-44aa-8120-d29280171b7d,3895067,226,22969217900,22969218200
concurrency_n10_20260613_002350_kafka_feed8_rep1,kafka,sb-events-n10-feed8-rep1,95a18591-415c-424d-a2ff-26070eab2674,3895074,226,22969262700,22969262900
concurrency_n10_20260613_002350_kafka_feed8_rep1,kafka,sb-events-n10-feed8-rep1,c969da32-3389-4ceb-86df-e66b125bb8dd,3895074,226,22978348200,22978348500
concurrency_n10_20260613_002350_kafka_feed8_rep1,kafka,sb-events-n10-feed8-rep1,a6bde494-d72e-4a63-bc38-9da5141d574f,3895113,226,22978389300,22978389500
concurrency_n10_20260613_002350_kafka_feed8_rep1,kafka,sb-events-n10-feed8-rep1,f859cc08-8afc-4e42-9cc2-a8870064f3ac,3895134,226,22978410300,22978410500
concurrency_n10_20260613_002350_kafka_feed8_rep1,kafka,sb-events-n10-feed8-rep1,7c659f16-3145-4393-96ad-541b504c8f13,3895052,227,22995595400,22995595800
concurrency_n10_20260613_002350_kafka_feed8_rep1,kafka,sb-events-n10-feed8-rep1,6bad8316-afef-4ab2-82b5-b1df55799e71,3895086,226,22995638200,22995638400
concurrency_n10_20260613_002350_kafka_feed8_rep1,kafka,sb-events-n10-feed8-rep1,e4a8be8c-78d4-45a8-b457-619f46e37583,3895086,226,22995660800,22995661000
concurrency_n10_20260613_002350_kafka_feed8_rep1,kafka,sb-events-n10-feed8-rep1,d53b30ec-a2c0-4e13-8619-f7aace475d28,3895052,227,23004510500,23004511100
concurrency_n10_20260613_002350_kafka_feed8_rep1,kafka,sb-events-n10-feed8-rep1,0a1c6ca1-fe45-44d6-8a4b-a990da408347,3895134,227,23004552400,23004552600
concurrency_n10_20260613_002350_kafka_feed8_rep1,kafka,sb-events-n10-feed8-rep1,c47782be-c926-4381-96d4-f5e9efe0abe9,3895134,227,23004576900,23004577100
concurrency_n10_20260613_002350_kafka_feed8_rep1,kafka,sb-events-n10-feed8-rep1,47586e80-e9f8-4582-b670-cac8e08d9eb0,3895086,227,23016297800,23016298200
concurrency_n10_20260613_002350_kafka_feed8_rep1,kafka,sb-events-n10-feed8-rep1,5c07f5c8-ab9c-4d57-9317-397ed4aba8a3,3895067,228,23016338300,23016338500
concurrency_n10_20260613_002350_kafka_feed8_rep1,kafka,sb-events-n10-feed8-rep1,50a3f312-2d69-4e1e-9e47-79f5677c263f,3895074,228,23016364300,23016364600
concurrency_n10_20260613_002350_kafka_feed8_rep1,kafka,sb-events-n10-feed8-rep1,4628a48d-7c56-4d8d-a8e1-b4406f3e571a,3895074,228,23021111700,23021112100
concurrency_n10_20260613_002350_kafka_feed8_rep1,kafka,sb-events-n10-feed8-rep1,2c36e8ae-322c-4007-b05d-b57f0fe9d6dc,3895074,228,23021196200,23021196600
concurrency_n10_20260613_002350_kafka_feed8_rep1,kafka,sb-events-n10-feed8-rep1,4545d9b9-3575-48d2-93bd-c69ed8743c82,3895113,228,23029985500,23029985800
concurrency_n10_20260613_002350_kafka_feed8_rep1,kafka,sb-events-n10-feed8-rep1,3bf3bf44-8dce-4cd8-8254-46da84e31c6a,3895113,228,23034967600,23034968100
concurrency_n10_20260613_002350_kafka_feed8_rep1,kafka,sb-events-n10-feed8-rep1,b1930f44-1c66-426c-8ca9-c5c9dc54fb27,3895052,228,23035026400,23035026700
concurrency_n10_20260613_002350_kafka_feed8_rep1,kafka,sb-events-n10-feed8-rep1,d6f9d7cd-642d-476b-afae-e6d251554cde,3895052,228,23043161600,23043161800
concurrency_n10_20260613_002350_kafka_feed8_rep1,kafka,sb-events-n10-feed8-rep1,7434581a-1e71-483e-aa97-d221e7fc61aa,3895134,228,23049195500,23049195800
concurrency_n10_20260613_002350_kafka_feed8_rep1,kafka,sb-events-n10-feed8-rep1,c6f3c9ce-07a4-441b-aa25-f40b9be04368,3895086,228,23049233200,23049233400
concurrency_n10_20260613_002350_kafka_feed8_rep1,kafka,sb-events-n10-feed8-rep1,d410fab2-bcf6-4390-a2ab-2ff03e36ec62,3895086,228,23058089500,23058089900
concurrency_n10_20260613_002350_kafka_feed8_rep1,kafka,sb-events-n10-feed8-rep1,334527b5-620b-4220-940a-a70f543af21a,3895134,229,23068621800,23068622100
concurrency_n10_20260613_002350_kafka_feed8_rep1,kafka,sb-events-n10-feed8-rep1,15c182c8-6cae-4496-b509-7e7c3f68d3d2,3895113,229,23068664700,23068664900
concurrency_n10_20260613_002350_kafka_feed8_rep1,kafka,sb-events-n10-feed8-rep1,de8997e6-4537-49ca-8864-3e221f25d628,3895086,229,23075045100,23075045700
concurrency_n10_20260613_002350_kafka_feed8_rep1,kafka,sb-events-n10-feed8-rep1,1a2997c4-e48f-49ab-8746-f0ca2974c71d,3895086,229,23075105700,23075105800
concurrency_n10_20260613_002350_kafka_feed8_rep1,kafka,sb-events-n10-feed8-rep1,448ff41d-a99b-4ac1-a39f-321a4e12ec50,3895086,229,23088111800,23088112100
concurrency_n10_20260613_002350_kafka_feed8_rep1,kafka,sb-events-n10-feed8-rep1,7d559bcd-04a3-4ecc-a6ec-e71530a6e7b4,3895074,230,23096957600,23096958200
concurrency_n10_20260613_002350_kafka_feed8_rep1,kafka,sb-events-n10-feed8-rep1,52a10b29-fc0a-489b-b798-04e90177816d,3895074,230,23096998500,23096998700
concurrency_n10_20260613_002350_kafka_feed8_rep1,kafka,sb-events-n10-feed8-rep1,85158414-113a-4b03-8a2e-9b694b28122f,3895113,230,23106336800,23106337200
concurrency_n10_20260613_002350_kafka_feed8_rep1,kafka,sb-events-n10-feed8-rep1,8facebaf-e405-4cc1-b901-d9d9622f02ab,3895067,231,23121899200,23121899600
concurrency_n10_20260613_002350_kafka_feed8_rep1,kafka,sb-events-n10-feed8-rep1,9536010e-293f-4799-9db5-e6a312a58d4a,3895067,231,23121944400,23121944700
concurrency_n10_20260613_002350_kafka_feed8_rep1,kafka,sb-events-n10-feed8-rep1,449ddc25-2698-4ba2-a9e6-a2ff4369f1c6,3895067,231,23121968500,23121968700
concurrency_n10_20260613_002350_kafka_feed8_rep1,kafka,sb-events-n10-feed8-rep1,e21a8f4f-eaf7-4772-99da-dfc8385e7a48,3895052,231,23141842100,23141842600
concurrency_n10_20260613_002350_kafka_feed8_rep1,kafka,sb-events-n10-feed8-rep1,01de2f19-a51f-4e53-add3-1887e7f141fb,3895052,231,23141884800,23141885100
concurrency_n10_20260613_002350_kafka_feed8_rep1,kafka,sb-events-n10-feed8-rep1,19409876-d733-4d93-b980-d0743f01ce5e,3895113,231,23159165500,23159166000
concurrency_n10_20260613_002350_kafka_feed8_rep1,kafka,sb-events-n10-feed8-rep1,e3156b87-6ea3-43f7-b7d2-1f7dfd3bff4e,3895134,231,23159214800,23159215000
concurrency_n10_20260613_002350_kafka_feed8_rep1,kafka,sb-events-n10-feed8-rep1,f371672d-0161-4d0a-bd85-c0524dff7741,3895134,231,23159252200,23159252400
concurrency_n10_20260613_002350_kafka_feed8_rep1,kafka,sb-events-n10-feed8-rep1,22dfd210-acd0-430e-b4d4-dbc31415e8a1,3895121,232,23171029200,23171029900
concurrency_n10_20260613_002350_kafka_feed8_rep1,kafka,sb-events-n10-feed8-rep1,e3f07b41-a570-490e-9b2c-d972a7cb0edc,3895060,232,23171090100,23171090600
concurrency_n10_20260613_002350_kafka_feed8_rep1,kafka,sb-events-n10-feed8-rep1,d3ca252e-b038-4198-b136-0c36063ef79d,3895113,232,23200592700,23200593100
concurrency_n10_20260613_002350_kafka_feed8_rep1,kafka,sb-events-n10-feed8-rep1,6735caf3-fc12-44cd-842d-99249e4e803e,3895113,232,23200640500,23200640900
concurrency_n10_20260613_002350_kafka_feed8_rep1,kafka,sb-events-n10-feed8-rep1,039192ed-5aed-4e69-8e7e-9928c5c49b7b,3895113,232,23200666200,23200666500
concurrency_n10_20260613_002350_kafka_feed8_rep1,kafka,sb-events-n10-feed8-rep1,444ec23c-e794-4af6-afd2-da112736b5ef,3895113,232,23200689500,23200689700
concurrency_n10_20260613_002350_kafka_feed8_rep1,kafka,sb-events-n10-feed8-rep1,f52a1065-c29f-4773-a29e-eb4ae86197b2,3895086,232,23210448300,23210448700
concurrency_n10_20260613_002350_kafka_feed8_rep1,kafka,sb-events-n10-feed8-rep1,9d88e8a6-b03e-4292-83bd-f1cc62bae459,3895086,232,23210489200,23210489400
concurrency_n10_20260613_002350_kafka_feed8_rep1,kafka,sb-events-n10-feed8-rep1,832d593f-b5f8-4691-98fa-d9d9f13685b7,3895086,232,23210511800,23210512000
concurrency_n10_20260613_002350_kafka_feed8_rep1,kafka,sb-events-n10-feed8-rep1,21f9d66b-f01b-4398-9db0-0028ffa78501,3895113,232,23210537100,23210537300
concurrency_n10_20260613_002350_kafka_feed8_rep1,kafka,sb-events-n10-feed8-rep1,1207e338-9cd8-4c32-b018-d794ab1f6f07,3895134,232,23210557400,23210557600
concurrency_n10_20260613_002350_kafka_feed8_rep1,kafka,sb-events-n10-feed8-rep1,a6a1302d-c9d3-4955-a001-ef2a1c9dab1d,3895060,233,23218140900,23218141100
concurrency_n10_20260613_002350_kafka_feed8_rep1,kafka,sb-events-n10-feed8-rep1,3cea3b14-cd1c-4048-9e22-891601eb58d2,3895086,232,23218210200,23218210300
concurrency_n10_20260613_002350_kafka_feed8_rep1,kafka,sb-events-n10-feed8-rep1,d91e6bd0-fcb3-48b1-b391-00510455eafa,3895086,232,23218232600,23218232800
concurrency_n10_20260613_002350_kafka_feed8_rep1,kafka,sb-events-n10-feed8-rep1,2d56b1ef-11bf-4ad7-a8cc-1667f5893f52,3895067,233,23226381900,23226382500
concurrency_n10_20260613_002350_kafka_feed8_rep1,kafka,sb-events-n10-feed8-rep1,2d868feb-58d1-48e7-9275-5deab319b157,3895113,233,23236884300,23236886700
concurrency_n10_20260613_002350_kafka_feed8_rep1,kafka,sb-events-n10-feed8-rep1,8312772c-29b2-4250-b781-0d4b9206d9af,3895074,233,23237089200,23237089600
concurrency_n10_20260613_002350_kafka_feed8_rep1,kafka,sb-events-n10-feed8-rep1,a52af03a-9e28-4498-b74d-b084edc0f008,3895086,233,23246163900,23246164300
concurrency_n10_20260613_002350_kafka_feed8_rep1,kafka,sb-events-n10-feed8-rep1,3a24294f-7eca-4180-9fd3-7eede5a85ff4,3895086,233,23246223600,23246224000
concurrency_n10_20260613_002350_kafka_feed8_rep1,kafka,sb-events-n10-feed8-rep1,d78fb2cd-3e3c-49e7-af6f-f22ceef30056,3895060,234,23246256200,23246256500
concurrency_n10_20260613_002350_kafka_feed8_rep1,kafka,sb-events-n10-feed8-rep1,d07958f0-8419-4028-89fe-fa3e4ef76e64,3895121,234,23251850800,23251851200
concurrency_n10_20260613_002350_kafka_feed8_rep1,kafka,sb-events-n10-feed8-rep1,65d4f63b-a154-42e7-b493-e2e11b0ad6eb,3895121,234,23251889600,23251889800
concurrency_n10_20260613_002350_kafka_feed8_rep1,kafka,sb-events-n10-feed8-rep1,88df104f-f29f-4e20-9e74-ce85b77d671f,3895067,234,23261050900,23261051700
concurrency_n10_20260613_002350_kafka_feed8_rep1,kafka,sb-events-n10-feed8-rep1,e2091aec-e441-4ce1-86de-5822390020ee,3895067,234,23270478300,23270478800
concurrency_n10_20260613_002350_kafka_feed8_rep1,kafka,sb-events-n10-feed8-rep1,82831382-fedc-4ae2-b6e3-e03321721a68,3895074,234,23283013400,23283013900
concurrency_n10_20260613_002350_kafka_feed8_rep1,kafka,sb-events-n10-feed8-rep1,3284298c-aafe-4fca-937f-4f3b6f9d76a0,3895134,234,23283154500,23283154700
concurrency_n10_20260613_002350_kafka_feed8_rep1,kafka,sb-events-n10-feed8-rep1,ff0b4839-b879-4812-8cd1-fa166e2bb04f,3895074,234,23283244600,23283244900
concurrency_n10_20260613_002350_kafka_feed8_rep1,kafka,sb-events-n10-feed8-rep1,475d3858-2562-4a46-be2f-882479e92794,3895067,235,23290474800,23290475100
concurrency_n10_20260613_002350_kafka_feed8_rep1,kafka,sb-events-n10-feed8-rep1,8988a19a-9299-40b9-9f8f-c462076fcbfb,3895134,234,23290513600,23290513800
concurrency_n10_20260613_002350_kafka_feed8_rep1,kafka,sb-events-n10-feed8-rep1,2c296ed4-132d-4668-96fd-a53e49c117b0,3895067,235,23296619300,23296619900
concurrency_n10_20260613_002350_kafka_feed8_rep1,kafka,sb-events-n10-feed8-rep1,5f5da0d0-9329-4e2d-b288-e6bb963fd023,3895074,235,23303894200,23303894500
concurrency_n10_20260613_002350_kafka_feed8_rep1,kafka,sb-events-n10-feed8-rep1,0a08da64-24b7-464e-b04a-343c36bc92a6,3895074,235,23313337300,23313337700
concurrency_n10_20260613_002350_kafka_feed8_rep1,kafka,sb-events-n10-feed8-rep1,4c13ef4b-f1bc-41ec-bce8-379094aee5ab,3895052,235,23313391900,23313392200
concurrency_n10_20260613_002350_kafka_feed8_rep1,kafka,sb-events-n10-feed8-rep1,3b5e8cda-cc8c-4228-ae68-88e99b381f2b,3895113,235,23324675300,23324675800
concurrency_n10_20260613_002350_kafka_feed8_rep1,kafka,sb-events-n10-feed8-rep1,67f6d552-413a-4a2b-b156-b8675b9ac9c5,3895113,235,23324972000,23324972500
concurrency_n10_20260613_002350_kafka_feed8_rep1,kafka,sb-events-n10-feed8-rep1,f899e1a3-389e-47ee-975a-22a5ede777bf,3895134,235,23332332900,23332333400
concurrency_n10_20260613_002350_kafka_feed8_rep1,kafka,sb-events-n10-feed8-rep1,24beaf43-67ff-400b-8afa-5cd95a07ab62,3895086,235,23332373600,23332373800
concurrency_n10_20260613_002350_kafka_feed8_rep1,kafka,sb-events-n10-feed8-rep1,621a92b1-0b7d-40fd-8921-c184ff9cfdbe,3895086,235,23338465400,23338466000
concurrency_n10_20260613_002350_kafka_feed8_rep1,kafka,sb-events-n10-feed8-rep1,7384369c-7014-41f4-8880-4f2012608234,3895086,235,23344932900,23344933400
concurrency_n10_20260613_002350_kafka_feed8_rep1,kafka,sb-events-n10-feed8-rep1,67ea3f31-5f11-4a03-b848-5ff3d2674b45,3895067,236,23358379500,23358380000
concurrency_n10_20260613_002350_kafka_feed8_rep1,kafka,sb-events-n10-feed8-rep1,31d15b27-69da-4a6b-93d5-8dd5afac6acd,3895067,236,23358417300,23358417500
concurrency_n10_20260613_002350_kafka_feed8_rep1,kafka,sb-events-n10-feed8-rep1,7a5f3edb-7387-472d-9ab8-d44a4ed350ed,3895052,236,23368716500,23368717000
concurrency_n10_20260613_002350_kafka_feed8_rep1,kafka,sb-events-n10-feed8-rep1,bc13fb18-c79a-4285-8048-4ce55d990c06,3895052,236,23368761000,23368761200
concurrency_n10_20260613_002350_kafka_feed8_rep1,kafka,sb-events-n10-feed8-rep1,9ee72651-72db-4196-af2f-388ee1f6a92c,3895052,236,23368786700,23368787000
concurrency_n10_20260613_002350_kafka_feed8_rep1,kafka,sb-events-n10-feed8-rep1,2524eba6-a951-4f46-9569-e49e95155f38,3895067,236,23368810700,23368810900
concurrency_n10_20260613_002350_kafka_feed8_rep1,kafka,sb-events-n10-feed8-rep1,67cf2441-69b4-4a39-9109-8d399ddba948,3895060,237,23378834500,23378834900
concurrency_n10_20260613_002350_kafka_feed8_rep1,kafka,sb-events-n10-feed8-rep1,17bce4ec-5124-44a7-9cdc-c4a9006f479a,3895060,237,23385842300,23385842600
concurrency_n10_20260613_002350_kafka_feed8_rep1,kafka,sb-events-n10-feed8-rep1,f8cfef83-daf1-4d47-814a-75bb359f034b,3895060,237,23385880900,23385881000
concurrency_n10_20260613_002350_kafka_feed8_rep1,kafka,sb-events-n10-feed8-rep1,41f58863-413b-4533-9b9f-5d6895c280f0,3895121,237,23396250200,23396250500
concurrency_n10_20260613_002350_kafka_feed8_rep1,kafka,sb-events-n10-feed8-rep1,95cf34ad-3378-4698-bd20-49e8851018ae,3895121,237,23401178200,23401178800
concurrency_n10_20260613_002350_kafka_feed8_rep1,kafka,sb-events-n10-feed8-rep1,cab35b0a-ffe6-4065-ad6b-d8b19062647f,3895067,237,23401217200,23401217400
concurrency_n10_20260613_002350_kafka_feed8_rep1,kafka,sb-events-n10-feed8-rep1,48d10da6-9958-476a-ae24-618d673f3fef,3895052,237,23411635000,23411635600
concurrency_n10_20260613_002350_kafka_feed8_rep1,kafka,sb-events-n10-feed8-rep1,42bf8a84-34b3-4952-9704-94b1c2001dfc,3895134,237,23419276200,23419276700
concurrency_n10_20260613_002350_kafka_feed8_rep1,kafka,sb-events-n10-feed8-rep1,2cfe1a0c-2b31-4742-b48e-3b93d308c6b6,3895134,237,23419316800,23419317000
concurrency_n10_20260613_002350_kafka_feed8_rep1,kafka,sb-events-n10-feed8-rep1,6e9cc2f7-1105-48ac-806c-eebcfaa34ad7,3895086,237,23419337900,23419338100
concurrency_n10_20260613_002350_kafka_feed8_rep1,kafka,sb-events-n10-feed8-rep1,cf0330f0-ffa2-47de-b0b8-2c063baff2db,3895086,237,23423560900,23423561300
concurrency_n10_20260613_002350_kafka_feed8_rep1,kafka,sb-events-n10-feed8-rep1,d164628f-e788-4811-8838-50ad9ab6f1b4,3895121,238,23435433300,23435433600
concurrency_n10_20260613_002350_kafka_feed8_rep1,kafka,sb-events-n10-feed8-rep1,8b9045a9-99bf-4e9e-83a6-79404c3c903d,3895052,238,23447407700,23447408700
concurrency_n10_20260613_002350_kafka_feed8_rep1,kafka,sb-events-n10-feed8-rep1,edb91d96-2ccb-46b2-aec1-7a1cba6fcf9c,3895074,238,23447458000,23447458400
concurrency_n10_20260613_002350_kafka_feed8_rep1,kafka,sb-events-n10-feed8-rep1,eb564566-1ae2-40a0-9c73-edf96768135f,3895074,238,23447484900,23447485100
concurrency_n10_20260613_002350_kafka_feed8_rep1,kafka,sb-events-n10-feed8-rep1,179f6461-4e11-4750-982b-97b87916e1fe,3895134,238,23457738600,23457739100
concurrency_n10_20260613_002350_kafka_feed8_rep1,kafka,sb-events-n10-feed8-rep1,af4b9e6b-8ec7-4bb9-aeba-23122365bb5c,3895121,239,23457776900,23457777000
concurrency_n10_20260613_002350_kafka_feed8_rep1,kafka,sb-events-n10-feed8-rep1,41fd0101-4197-4b4d-adcc-4bb242e5f3f7,3895052,238,23457798700,23457798900
concurrency_n10_20260613_002350_kafka_feed8_rep1,kafka,sb-events-n10-feed8-rep1,b565e8cd-c20f-403e-bb34-d4ac7a08c535,3895121,239,23462809000,23462809600
concurrency_n10_20260613_002350_kafka_feed8_rep1,kafka,sb-events-n10-feed8-rep1,bb80cd19-9173-41bc-9e42-1475f9a8bedc,3895074,239,23470645300,23470645700
concurrency_n10_20260613_002350_kafka_feed8_rep1,kafka,sb-events-n10-feed8-rep1,00b7afd1-7acc-4377-8b4a-e0d0216aff3b,3895074,239,23478163800,23478164200
concurrency_n10_20260613_002350_kafka_feed8_rep1,kafka,sb-events-n10-feed8-rep1,327d219f-afa6-44c2-8514-3b3dce674bd4,3895052,239,23486893700,23486894500
concurrency_n10_20260613_002350_kafka_feed8_rep1,kafka,sb-events-n10-feed8-rep1,7a8e8174-38ce-41cb-9812-de0614ade9c8,3895074,239,23486936000,23486936200
concurrency_n10_20260613_002350_kafka_feed8_rep1,kafka,sb-events-n10-feed8-rep1,d3237e41-96d0-4919-9186-976c6e93afaf,3895134,239,23493665900,23493667000
concurrency_n10_20260613_002350_kafka_feed8_rep1,kafka,sb-events-n10-feed8-rep1,9db6a916-bdf3-459f-86dd-c6899468b928,3895052,239,23493948000,23493948400
concurrency_n10_20260613_002350_kafka_feed8_rep1,kafka,sb-events-n10-feed8-rep1,15dc8356-9964-4eec-9066-051ee6c2fd74,3895134,239,23501263200,23501263800
concurrency_n10_20260613_002350_kafka_feed8_rep1,kafka,sb-events-n10-feed8-rep1,7e027057-82fb-4524-92cb-3b7f7905c581,3895067,240,23501301900,23501302100
concurrency_n10_20260613_002350_kafka_feed8_rep1,kafka,sb-events-n10-feed8-rep1,dd2559b7-b30c-4fec-87d0-7ffdbeb0c320,3895067,240,23514272100,23514272600
concurrency_n10_20260613_002350_kafka_feed8_rep1,kafka,sb-events-n10-feed8-rep1,904cbdd0-7559-40c5-93bb-cf32cc4f50a8,3895067,240,23514311200,23514311400
concurrency_n10_20260613_002350_kafka_feed8_rep1,kafka,sb-events-n10-feed8-rep1,519d9bd4-18d7-4c8e-859b-8d84a572f9b8,3895074,240,23528373300,23528373700
concurrency_n10_20260613_002350_kafka_feed8_rep1,kafka,sb-events-n10-feed8-rep1,967cced6-9509-4a4f-bc44-d9358a9efdaa,3895113,240,23537432000,23537432500
concurrency_n10_20260613_002350_kafka_feed8_rep1,kafka,sb-events-n10-feed8-rep1,de9e7764-87cf-4944-8fe5-2c6487898f77,3895074,240,23537525700,23537526700
concurrency_n10_20260613_002350_kafka_feed8_rep1,kafka,sb-events-n10-feed8-rep1,bc772473-a54b-4286-ac90-3e7a2cde57cf,3895052,240,23537563200,23537563400
concurrency_n10_20260613_002350_kafka_feed8_rep1,kafka,sb-events-n10-feed8-rep1,3c451d86-3acc-459b-b147-66e17620685d,3895052,240,23543450400,23543450800
concurrency_n10_20260613_002350_kafka_feed8_rep1,kafka,sb-events-n10-feed8-rep1,abf61b42-aee9-42ec-a079-7587daf41665,3895052,240,23543487500,23543487700
concurrency_n10_20260613_002350_kafka_feed8_rep1,kafka,sb-events-n10-feed8-rep1,20c87719-4039-4136-a464-0b76bf8fcb95,3895060,241,23548385300,23548385700
concurrency_n10_20260613_002350_kafka_feed8_rep1,kafka,sb-events-n10-feed8-rep1,1588a4d6-aad6-47b3-be17-ecf187891e80,3895067,241,23553264800,23553265400
concurrency_n10_20260613_002350_kafka_feed8_rep1,kafka,sb-events-n10-feed8-rep1,73248c73-24d7-467d-a8a3-c4460a8a8eda,3895052,241,23558668500,23558669000
concurrency_n10_20260613_002350_kafka_feed8_rep1,kafka,sb-events-n10-feed8-rep1,cff9e25c-04ef-48fa-aa6c-7d6793b46550,3895052,241,23558723200,23558723800
concurrency_n10_20260613_002350_kafka_feed8_rep1,kafka,sb-events-n10-feed8-rep1,9cb7e597-9ad0-4bce-86f1-4882ed215819,3895052,241,23564871600,23564872000
concurrency_n10_20260613_002350_kafka_feed8_rep1,kafka,sb-events-n10-feed8-rep1,f49586a6-6723-4a58-9b32-d8eadb110125,3895134,241,23575876500,23575876900
concurrency_n10_20260613_002350_kafka_feed8_rep1,kafka,sb-events-n10-feed8-rep1,8d6ddf7f-2405-4ce7-96a1-0ad97911a074,3895134,241,23575917500,23575917700
concurrency_n10_20260613_002350_kafka_feed8_rep1,kafka,sb-events-n10-feed8-rep1,bda48638-9908-4088-9089-c5604ab7cb37,3895086,241,23581420500,23581421100
concurrency_n10_20260613_002350_kafka_feed8_rep1,kafka,sb-events-n10-feed8-rep1,8c4605d8-c1d8-4819-966b-e2b5f69c5582,3895086,241,23595723700,23595724400
concurrency_n10_20260613_002350_kafka_feed8_rep1,kafka,sb-events-n10-feed8-rep1,17edc918-58c1-4c25-82e2-e56f00a0ceb9,3895060,242,23595826100,23595826400
concurrency_n10_20260613_002350_kafka_feed8_rep1,kafka,sb-events-n10-feed8-rep1,153f64f0-e7c3-4df9-b30e-c334c45657c2,3895060,242,23595861400,23595861600
concurrency_n10_20260613_002350_kafka_feed8_rep1,kafka,sb-events-n10-feed8-rep1,81c7d7f9-a5b4-4ba5-a6f5-cdc5d30a9663,3895060,242,23604234300,23604235600
concurrency_n10_20260613_002350_kafka_feed8_rep1,kafka,sb-events-n10-feed8-rep1,344782cb-77cb-44cb-95d5-763cc7e3e17f,3895121,242,23604289000,23604289400
concurrency_n10_20260613_002350_kafka_feed8_rep1,kafka,sb-events-n10-feed8-rep1,c88ef7b9-77a1-4f23-9087-fb0a98a7a192,3895067,242,23617022700,23617023200
concurrency_n10_20260613_002350_kafka_feed8_rep1,kafka,sb-events-n10-feed8-rep1,1a5a736f-8dcf-456a-be57-ffd91e45ca65,3895067,242,23617064700,23617064900
concurrency_n10_20260613_002350_kafka_feed8_rep1,kafka,sb-events-n10-feed8-rep1,a9cfa2cc-3bde-4ac7-b413-b60eb1dadeed,3895067,242,23617087600,23617087800
concurrency_n10_20260613_002350_kafka_feed8_rep1,kafka,sb-events-n10-feed8-rep1,f70dcf83-40a3-4ccb-94c5-ecd399bc219a,3895134,242,23623555100,23623556000
concurrency_n10_20260613_002350_kafka_feed8_rep1,kafka,sb-events-n10-feed8-rep1,1d2a8a86-c8be-4982-8909-a04c91a67073,3895107,242,23623604500,23623604900
concurrency_n10_20260613_002350_kafka_feed8_rep1,kafka,sb-events-n10-feed8-rep1,3e18f922-f609-4734-9dbe-5bc30cf10dc9,3895086,242,23629890600,23629891100
concurrency_n10_20260613_002350_kafka_feed8_rep1,kafka,sb-events-n10-feed8-rep1,e655c81e-fa20-4e8a-aec9-cb837f4112ee,3895060,243,23634420600,23634421200
concurrency_n10_20260613_002350_kafka_feed8_rep1,kafka,sb-events-n10-feed8-rep1,2b6915a9-9be9-4b49-82ba-639d873ed4a5,3895060,243,23634512500,23634512900
concurrency_n10_20260613_002350_kafka_feed8_rep1,kafka,sb-events-n10-feed8-rep1,e29bcc78-4812-4a23-a0bb-dbb1b386365e,3895113,243,23648019400,23648020100
concurrency_n10_20260613_002350_kafka_feed8_rep1,kafka,sb-events-n10-feed8-rep1,72aba530-d8d4-4559-9b31-ae9bab1b2129,3895134,243,23659112600,23659113700
concurrency_n10_20260613_002350_kafka_feed8_rep1,kafka,sb-events-n10-feed8-rep1,124635a1-6dab-4464-bb7e-2dd98e391ca7,3895113,243,23659163200,23659163500
concurrency_n10_20260613_002350_kafka_feed8_rep1,kafka,sb-events-n10-feed8-rep1,f1a07a4e-1b9a-4fb3-a68b-c02926c6f8b1,3895134,243,23666376200,23666376600
concurrency_n10_20260613_002350_kafka_feed8_rep1,kafka,sb-events-n10-feed8-rep1,35527065-8da6-493a-acd7-35d45c9e13fc,3895060,244,23666415800,23666416000
concurrency_n10_20260613_002350_kafka_feed8_rep1,kafka,sb-events-n10-feed8-rep1,dd1f273f-5818-4b79-b7ba-9e9f271b00da,3895121,244,23675076400,23675077600
concurrency_n10_20260613_002350_kafka_feed8_rep1,kafka,sb-events-n10-feed8-rep1,a614cf8e-f99e-4113-8152-374692780a44,3895067,244,23683692500,23683692800
concurrency_n10_20260613_002350_kafka_feed8_rep1,kafka,sb-events-n10-feed8-rep1,4903409b-3b7f-43d0-a8e0-c0edc044665a,3895121,244,23683733400,23683733600
concurrency_n10_20260613_002350_kafka_feed8_rep1,kafka,sb-events-n10-feed8-rep1,13c58c42-4403-4d24-b673-2e462aa98376,3895121,244,23683754600,23683754700
concurrency_n10_20260613_002350_kafka_feed8_rep1,kafka,sb-events-n10-feed8-rep1,e35e1956-56cb-4707-95df-7d0d7938d843,3895086,244,23690781700,23690782100
concurrency_n10_20260613_002350_kafka_feed8_rep1,kafka,sb-events-n10-feed8-rep1,e2c68e2e-b75c-4ba8-9573-883787d8875e,3895067,244,23690845500,23690846000
concurrency_n10_20260613_002350_kafka_feed8_rep1,kafka,sb-events-n10-feed8-rep1,0e8f1413-d59b-47ec-9251-f70210f20b0f,3895086,244,23698192600,23698192900
concurrency_n10_20260613_002350_kafka_feed8_rep1,kafka,sb-events-n10-feed8-rep1,70469754-e9ff-466e-a0ea-80b6ae48399f,3895107,245,23698233600,23698233800
concurrency_n10_20260613_002350_kafka_feed8_rep1,kafka,sb-events-n10-feed8-rep1,14d36a2e-439a-4363-985a-89eb10507ce9,3895107,245,23705412600,23705413000
concurrency_n10_20260613_002350_kafka_feed8_rep1,kafka,sb-events-n10-feed8-rep1,21dede0b-3592-49ea-a9d5-89ac71b1b282,3895052,245,23705453200,23705453400
concurrency_n10_20260613_002350_kafka_feed8_rep1,kafka,sb-events-n10-feed8-rep1,c92c7207-490c-4f75-8e99-0485e280b626,3895060,246,23713026100,23713026500
concurrency_n10_20260613_002350_kafka_feed8_rep1,kafka,sb-events-n10-feed8-rep1,a8e17e26-0a74-4dd6-aa76-d55569f0bc7d,3895060,246,23713067200,23713067400
concurrency_n10_20260613_002350_kafka_feed8_rep1,kafka,sb-events-n10-feed8-rep1,54d993e8-a8dc-4ea8-88f6-92958c4758f1,3895107,246,23717256000,23717256600
concurrency_n10_20260613_002350_kafka_feed8_rep1,kafka,sb-events-n10-feed8-rep1,e619ae8d-92f0-439c-89c4-b28d5a47566c,3895113,246,23727466300,23727466900
concurrency_n10_20260613_002350_kafka_feed8_rep1,kafka,sb-events-n10-feed8-rep1,b3916688-a71f-40ac-83ba-ebcf88241fea,3895113,246,23734039100,23734039900
concurrency_n10_20260613_002350_kafka_feed8_rep1,kafka,sb-events-n10-feed8-rep1,bde8f069-d411-493f-97d5-6f5496f030c7,3895113,246,23734081600,23734081800
concurrency_n10_20260613_002350_kafka_feed8_rep1,kafka,sb-events-n10-feed8-rep1,fe474a8e-046c-4d8c-b439-081a477b5f67,3895134,246,23734102400,23734102600
concurrency_n10_20260613_002350_kafka_feed8_rep1,kafka,sb-events-n10-feed8-rep1,c331d9f1-e5b4-4215-8c29-0c12ae07d0fe,3895134,246,23742982000,23742982500
concurrency_n10_20260613_002350_kafka_feed8_rep1,kafka,sb-events-n10-feed8-rep1,ff23d5d2-2668-45b7-90f0-b94a1ae8d46b,3895060,247,23748175800,23748176400
concurrency_n10_20260613_002350_kafka_feed8_rep1,kafka,sb-events-n10-feed8-rep1,93994777-12ec-49b8-b9e7-aa4358d89c6f,3895086,246,23748226500,23748226800
concurrency_n10_20260613_002350_kafka_feed8_rep1,kafka,sb-events-n10-feed8-rep1,ed33169e-a844-4e1c-adcf-e150cd303c45,3895060,247,23752752100,23752752900
concurrency_n10_20260613_002350_kafka_feed8_rep1,kafka,sb-events-n10-feed8-rep1,aefbfac4-fc26-4ef9-957a-87aab634d721,3895121,247,23760926000,23760926400
concurrency_n10_20260613_002350_kafka_feed8_rep1,kafka,sb-events-n10-feed8-rep1,1c63b354-a85d-49fb-a959-436969c70bd8,3895107,247,23768331200,23768331600
concurrency_n10_20260613_002350_kafka_feed8_rep1,kafka,sb-events-n10-feed8-rep1,3066699a-6bc1-44fb-a597-079f37ef1255,3895067,247,23768373900,23768374100
concurrency_n10_20260613_002350_kafka_feed8_rep1,kafka,sb-events-n10-feed8-rep1,2015c382-6367-4172-9888-040cb1050de5,3895107,247,23773340100,23773340500
concurrency_n10_20260613_002350_kafka_feed8_rep1,kafka,sb-events-n10-feed8-rep1,620742d4-224d-4705-8454-4a204380c4ae,3895113,247,23779529300,23779529900
concurrency_n10_20260613_002350_kafka_feed8_rep1,kafka,sb-events-n10-feed8-rep1,2d5cd8ad-b706-4ca9-b2cc-850f30956e73,3895113,247,23779584500,23779584700
concurrency_n10_20260613_002350_kafka_feed8_rep1,kafka,sb-events-n10-feed8-rep1,e5f06414-6c61-4d30-abea-76dc87ee2f51,3895052,247,23784796200,23784796600
concurrency_n10_20260613_002350_kafka_feed8_rep1,kafka,sb-events-n10-feed8-rep1,ba181cd8-fb21-4e0b-9680-bb52deb092e5,3895134,247,23797468300,23797468700
concurrency_n10_20260613_002350_kafka_feed8_rep1,kafka,sb-events-n10-feed8-rep1,ab4d2c4b-192a-4008-bd6c-274713d6958c,3895086,247,23806449000,23806449500
concurrency_n10_20260613_002350_kafka_feed8_rep1,kafka,sb-events-n10-feed8-rep1,d60b8245-40b0-43a8-876b-08f69505d1d6,3895060,248,23806488600,23806488800
concurrency_n10_20260613_002350_kafka_feed8_rep1,kafka,sb-events-n10-feed8-rep1,4a66fe8f-a3e7-4faa-8668-75a5fdb0b27a,3895086,247,23806569700,23806570000
concurrency_n10_20260613_002350_kafka_feed8_rep1,kafka,sb-events-n10-feed8-rep1,5bc6657b-a17c-486e-ad59-22672d97b128,3895052,248,23821247100,23821247600
concurrency_n10_20260613_002350_kafka_feed8_rep1,kafka,sb-events-n10-feed8-rep1,c7c21979-4bd2-4a01-bbb2-1b937cf113e9,3895107,248,23821287300,23821287600
concurrency_n10_20260613_002350_kafka_feed8_rep1,kafka,sb-events-n10-feed8-rep1,ae42d577-0431-4f31-9ead-6e4b21eb996c,3895052,248,23831424000,23831424700
concurrency_n10_20260613_002350_kafka_feed8_rep1,kafka,sb-events-n10-feed8-rep1,e22f03e1-c240-4cfb-8126-d1822a1e738b,3895086,248,23831485900,23831486100
concurrency_n10_20260613_002350_kafka_feed8_rep1,kafka,sb-events-n10-feed8-rep1,37ef3617-eef5-4932-b39e-7ba609cda9e9,3895052,248,23831515300,23831515500
concurrency_n10_20260613_002350_kafka_feed8_rep1,kafka,sb-events-n10-feed8-rep1,7498434e-a29a-40c6-8bbc-b35c913149b1,3895060,249,23837685700,23837686100
concurrency_n10_20260613_002350_kafka_feed8_rep1,kafka,sb-events-n10-feed8-rep1,3c3c6ebe-8a92-413d-b985-2ba1fae9a34b,3895121,249,23837727400,23837727700
concurrency_n10_20260613_002350_kafka_feed8_rep1,kafka,sb-events-n10-feed8-rep1,8260c198-30a9-462e-9979-46e59fdcff2b,3895060,249,23842800400,23842801200
concurrency_n10_20260613_002350_kafka_feed8_rep1,kafka,sb-events-n10-feed8-rep1,8ec7e7a3-3e78-4452-ab7c-60de3489eb2a,3895121,249,23842845900,23842846100
concurrency_n10_20260613_002350_kafka_feed8_rep1,kafka,sb-events-n10-feed8-rep1,e0e232f1-f077-4900-adaf-02d79dba1aa2,3895121,249,23851993400,23851994200
concurrency_n10_20260613_002350_kafka_feed8_rep1,kafka,sb-events-n10-feed8-rep1,5cde3f68-d1d9-416a-bdae-47ffc68cb272,3895067,249,23860711100,23860711500
concurrency_n10_20260613_002350_kafka_feed8_rep1,kafka,sb-events-n10-feed8-rep1,5a749fee-582f-4572-9cc8-4d8a5fb45e1e,3895067,249,23860750900,23860751100
concurrency_n10_20260613_002350_kafka_feed8_rep1,kafka,sb-events-n10-feed8-rep1,af8ff7f6-55f8-4283-a775-d12939169496,3895107,249,23860772600,23860772800
concurrency_n10_20260613_002350_kafka_feed8_rep1,kafka,sb-events-n10-feed8-rep1,6bb5ebdd-ec00-4dc5-ae7d-4faf39b4ca84,3895107,249,23865901100,23865901500
concurrency_n10_20260613_002350_kafka_feed8_rep1,kafka,sb-events-n10-feed8-rep1,e064f784-ea92-4ce3-9871-79998510315f,3895113,249,23865941300,23865941500
concurrency_n10_20260613_002350_kafka_feed8_rep1,kafka,sb-events-n10-feed8-rep1,a950b945-5931-47bb-8893-416fe97adb6f,3895113,249,23871036100,23871036500
concurrency_n10_20260613_002350_kafka_feed8_rep1,kafka,sb-events-n10-feed8-rep1,3338b6f2-30a2-4ddc-bc42-6f104e07417c,3895052,249,23876503700,23876504200
concurrency_n10_20260613_002350_kafka_feed8_rep1,kafka,sb-events-n10-feed8-rep1,dff59e8e-9bba-4344-b4d7-c048dc7bc0d2,3895134,249,23882239900,23882240500
concurrency_n10_20260613_002350_kafka_feed8_rep1,kafka,sb-events-n10-feed8-rep1,2fc35d8e-0ed5-4615-80df-5cbeb2e876d6,3895134,249,23882280100,23882280400
concurrency_n10_20260613_002350_kafka_feed8_rep1,kafka,sb-events-n10-feed8-rep1,2e1f6e6f-d929-430c-89f1-793076acf34e,3895121,250,23886437900,23886438300
concurrency_n10_20260613_002350_kafka_feed8_rep1,kafka,sb-events-n10-feed8-rep1,f9105148-0173-48a8-a0e7-8f2868f34607,3895121,250,23892684000,23892686100
concurrency_n10_20260613_002350_kafka_feed8_rep1,kafka,sb-events-n10-feed8-rep1,763d3753-8c73-4787-908b-2f1fab2f7cb5,3895067,250,23903279600,23903280000
concurrency_n10_20260613_002350_kafka_feed8_rep1,kafka,sb-events-n10-feed8-rep1,9687c7e2-1feb-4770-9bed-1359c7f10699,3895067,250,23903750100,23903750400
concurrency_n10_20260613_002350_kafka_feed8_rep1,kafka,sb-events-n10-feed8-rep1,5572f10b-277c-4944-b80f-843659418dbb,3895086,250,23911635600,23911636300
concurrency_n10_20260613_002350_kafka_feed8_rep1,kafka,sb-events-n10-feed8-rep1,5a633cce-0730-45b3-be3b-46490a79f46c,3895067,250,23911689200,23911689500
concurrency_n10_20260613_002350_kafka_feed8_rep1,kafka,sb-events-n10-feed8-rep1,bcc0a902-4f8e-4fae-b636-60e4fa615546,3895086,250,23916378900,23916379400
concurrency_n10_20260613_002350_kafka_feed8_rep1,kafka,sb-events-n10-feed8-rep1,d7b7a8a5-73a9-484f-a409-e1b805c01c87,3895067,251,23916430600,23916430900
concurrency_n10_20260613_002350_kafka_feed8_rep1,kafka,sb-events-n10-feed8-rep1,23a3f1a2-dac5-464c-adad-a58b446b585e,3895067,251,23924839800,23924840300
concurrency_n10_20260613_002350_kafka_feed8_rep1,kafka,sb-events-n10-feed8-rep1,4252a4ee-a0ef-4198-8de4-5a2f9522ce8e,3895113,251,23937298200,23937298500
concurrency_n10_20260613_002350_kafka_feed8_rep1,kafka,sb-events-n10-feed8-rep1,ab95580a-c5fd-4355-9cd4-ae53b8c8d220,3895113,251,23937342100,23937342300
concurrency_n10_20260613_002350_kafka_feed8_rep1,kafka,sb-events-n10-feed8-rep1,6b91badb-145b-403b-9cd4-6b2f130ca1a8,3895134,251,23945905600,23945906100
concurrency_n10_20260613_002350_kafka_feed8_rep1,kafka,sb-events-n10-feed8-rep1,15701045-40e6-4a1e-9941-11812194ff4d,3895086,251,23945946700,23945946900
concurrency_n10_20260613_002350_kafka_feed8_rep1,kafka,sb-events-n10-feed8-rep1,372988d2-7155-4aa1-8ed8-d55c968cd8d0,3895134,251,23945969000,23945969200
concurrency_n10_20260613_002350_kafka_feed8_rep1,kafka,sb-events-n10-feed8-rep1,6ba5f009-b494-430a-b179-7ddd78697f3e,3895086,251,23950436700,23950437200
concurrency_n10_20260613_002350_kafka_feed8_rep1,kafka,sb-events-n10-feed8-rep1,b6ea3ad2-1e31-48c5-b19a-98e10ea0ed90,3895121,252,23954930400,23954930800
concurrency_n10_20260613_002350_kafka_feed8_rep1,kafka,sb-events-n10-feed8-rep1,f5b915a8-bd5f-4dda-9c57-a42ce35d6eff,3895067,252,23964313600,23964314200
concurrency_n10_20260613_002350_kafka_feed8_rep1,kafka,sb-events-n10-feed8-rep1,5d3a3138-c963-46ac-837e-56722f5994c3,3895067,252,23964356700,23964357000
concurrency_n10_20260613_002350_kafka_feed8_rep1,kafka,sb-events-n10-feed8-rep1,4f9680a1-cfc9-4d05-a51f-9173fa11ee92,3895113,252,23971652200,23971652700
concurrency_n10_20260613_002350_kafka_feed8_rep1,kafka,sb-events-n10-feed8-rep1,abf165aa-2ce1-4c25-bf70-490c5b2abd92,3895052,252,23975932000,23975932400
concurrency_n10_20260613_002350_kafka_feed8_rep1,kafka,sb-events-n10-feed8-rep1,41c508b5-f7de-4d1c-9906-43812e26e08a,3895052,252,23975970900,23975971200
concurrency_n10_20260613_002350_kafka_feed8_rep1,kafka,sb-events-n10-feed8-rep1,68b1846d-ccc6-4d31-9345-9d67b3c84731,3895134,252,23982741500,23982742000
concurrency_n10_20260613_002350_kafka_feed8_rep1,kafka,sb-events-n10-feed8-rep1,f30a4e52-e1bb-44d6-bbd6-b5427066570a,3895086,252,23990784000,23990784600
concurrency_n10_20260613_002350_kafka_feed8_rep1,kafka,sb-events-n10-feed8-rep1,23fcb1c6-448a-41c6-9ded-603f0e8de891,3895121,253,23990835700,23990836100
concurrency_n10_20260613_002350_kafka_feed8_rep1,kafka,sb-events-n10-feed8-rep1,47b7a3a6-df98-4b63-ab6c-0e67b237fd2e,3895086,252,23990865800,23990866100
concurrency_n10_20260613_002350_kafka_feed8_rep1,kafka,sb-events-n10-feed8-rep1,827b2d28-2f37-4572-ab9c-069ea5dc9fff,3895121,253,23994596900,23994597400
concurrency_n10_20260613_002350_kafka_feed8_rep1,kafka,sb-events-n10-feed8-rep1,72bc8fb9-e854-4b72-9eb4-dbbdd76334be,3895067,253,23999874400,23999874800
concurrency_n10_20260613_002350_kafka_feed8_rep1,kafka,sb-events-n10-feed8-rep1,3b054ec0-afd6-4c32-b327-590cc4dd5ffe,3895107,253,24005412500,24005412800
concurrency_n10_20260613_002350_kafka_feed8_rep1,kafka,sb-events-n10-feed8-rep1,c3eaf442-02ed-45bb-afff-81e4f9edadde,3895113,253,24014229900,24014230400
concurrency_n10_20260613_002350_kafka_feed8_rep1,kafka,sb-events-n10-feed8-rep1,3aa3e80d-bde0-42ac-ae3a-3a3cd099742e,3895113,253,24014274400,24014274600
concurrency_n10_20260613_002350_kafka_feed8_rep1,kafka,sb-events-n10-feed8-rep1,56fce890-c539-4246-a231-394586bd980e,3895134,253,24022170400,24022170800
concurrency_n10_20260613_002350_kafka_feed8_rep1,kafka,sb-events-n10-feed8-rep1,e838618f-44ac-4e66-9194-d60c3f6e7abd,3895134,253,24022211200,24022211400
concurrency_n10_20260613_002350_kafka_feed8_rep1,kafka,sb-events-n10-feed8-rep1,7fba15f7-3edd-42da-a02b-e01058bec0e0,3895121,254,24033092500,24033092900
concurrency_n10_20260613_002350_kafka_feed8_rep1,kafka,sb-events-n10-feed8-rep1,f2326a2b-22e5-4161-8cc2-d1b54c4ff1e0,3895067,254,24033220700,24033221000
concurrency_n10_20260613_002350_kafka_feed8_rep1,kafka,sb-events-n10-feed8-rep1,62c0e076-6974-44ef-87e6-6abc089b20e5,3895067,254,24041786100,24041786500
concurrency_n10_20260613_002350_kafka_feed8_rep1,kafka,sb-events-n10-feed8-rep1,07605dac-9101-4084-85b6-0ff3aa13e713,3895107,254,24041825400,24041825600
concurrency_n10_20260613_002350_kafka_feed8_rep1,kafka,sb-events-n10-feed8-rep1,1f7b4eb1-045d-49b3-84a9-705211597510,3895113,254,24041843700,24041843800
concurrency_n10_20260613_002350_kafka_feed8_rep1,kafka,sb-events-n10-feed8-rep1,95495ca4-d30a-4194-9aad-46c67cc236cf,3895113,254,24047761000,24047761400
concurrency_n10_20260613_002350_kafka_feed8_rep1,kafka,sb-events-n10-feed8-rep1,0305b979-98f5-4dce-ae43-b9e06c071c2d,3895086,254,24051966400,24051966700
concurrency_n10_20260613_002350_kafka_feed8_rep1,kafka,sb-events-n10-feed8-rep1,7aaf1c25-30a6-42b9-b9bd-63b2d39326d9,3895086,254,24052012300,24052012600
concurrency_n10_20260613_002350_kafka_feed8_rep1,kafka,sb-events-n10-feed8-rep1,a6ff0aaa-7566-4d4f-a06c-46ace6c47dd0,3895121,255,24060375300,24060375700
concurrency_n10_20260613_002350_kafka_feed8_rep1,kafka,sb-events-n10-feed8-rep1,74cdadbe-4ae0-41f1-bd31-9066e33654db,3895086,254,24060418300,24060418600
concurrency_n10_20260613_002350_kafka_feed8_rep1,kafka,sb-events-n10-feed8-rep1,53c837f3-864c-4d65-9556-8026ebaf94f3,3895121,255,24070589300,24070589800
concurrency_n10_20260613_002350_kafka_feed8_rep1,kafka,sb-events-n10-feed8-rep1,790592ad-c30c-4fa2-874e-b463207cfb0d,3895121,255,24076311200,24076311700
concurrency_n10_20260613_002350_kafka_feed8_rep1,kafka,sb-events-n10-feed8-rep1,475bf600-abec-46e1-aa92-2d063bd4077c,3895067,255,24076351900,24076352100
concurrency_n10_20260613_002350_kafka_feed8_rep1,kafka,sb-events-n10-feed8-rep1,863a3ccc-d506-437d-8d85-656626a95677,3895067,255,24082588700,24082589200
concurrency_n10_20260613_002350_kafka_feed8_rep1,kafka,sb-events-n10-feed8-rep1,b10113ce-a8de-48f5-8517-af3279ec8628,3895067,255,24082700600,24082700800
concurrency_n10_20260613_002350_kafka_feed8_rep1,kafka,sb-events-n10-feed8-rep1,3f6e1998-3960-47d3-a9a3-d937889a724b,3895107,255,24090218300,24090218900
concurrency_n10_20260613_002350_kafka_feed8_rep1,kafka,sb-events-n10-feed8-rep1,1a436570-6eda-405a-a093-7841eb59112e,3895107,255,24099319100,24099319700
concurrency_n10_20260613_002350_kafka_feed8_rep1,kafka,sb-events-n10-feed8-rep1,ed6fcf57-b0a1-42ba-b892-7aaa0a8c1763,3895113,255,24099370200,24099370600
concurrency_n10_20260613_002350_kafka_feed8_rep1,kafka,sb-events-n10-feed8-rep1,cf794ce2-9fb3-4b38-8268-3b4f01194d09,3895086,255,24099403800,24099404100
concurrency_n10_20260613_002350_kafka_feed8_rep1,kafka,sb-events-n10-feed8-rep1,6d5c715e-caca-428e-984d-b85c4705e734,3895086,255,24104366000,24104366600
concurrency_n10_20260613_002350_kafka_feed8_rep1,kafka,sb-events-n10-feed8-rep1,4ba28518-4c9e-44cb-ac7f-39b0806cbba9,3895067,256,24111613800,24111614200
concurrency_n10_20260613_002350_kafka_feed8_rep1,kafka,sb-events-n10-feed8-rep1,52a86328-9c1c-4ae5-8a45-43a5e89ac59c,3895067,256,24111710000,24111710400
concurrency_n10_20260613_002350_kafka_feed8_rep1,kafka,sb-events-n10-feed8-rep1,a5f68153-d972-4a57-a0e5-0cb301466d19,3895067,256,24117187200,24117187600
concurrency_n10_20260613_002350_kafka_feed8_rep1,kafka,sb-events-n10-feed8-rep1,0db67404-1c02-4346-ae52-a14c248ee179,3895113,256,24124757100,24124758000
concurrency_n10_20260613_002350_kafka_feed8_rep1,kafka,sb-events-n10-feed8-rep1,e22ba07a-d04f-4fc4-9f5c-0f02a69be95b,3895134,256,24124854700,24124855000
concurrency_n10_20260613_002350_kafka_feed8_rep1,kafka,sb-events-n10-feed8-rep1,6ec97d1a-06e8-4b68-979d-3020292d1441,3895086,256,24128807100,24128807600
concurrency_n10_20260613_002350_kafka_feed8_rep1,kafka,sb-events-n10-feed8-rep1,23706c78-86ab-456e-a979-df8e697e6909,3895086,256,24141104800,24141105400
concurrency_n10_20260613_002350_kafka_feed8_rep1,kafka,sb-events-n10-feed8-rep1,59a991c1-59bf-4fad-8f31-088615a3ba09,3895121,257,24141139500,24141139700
concurrency_n10_20260613_002350_kafka_feed8_rep1,kafka,sb-events-n10-feed8-rep1,cb14ea90-5d2b-47c7-9bc3-b5c8d67229b9,3895121,257,24141159600,24141159900
concurrency_n10_20260613_002350_kafka_feed8_rep1,kafka,sb-events-n10-feed8-rep1,62e1ac85-475b-41c2-9b77-e59c9e842495,3895107,257,24148038200,24148038700
concurrency_n10_20260613_002350_kafka_feed8_rep1,kafka,sb-events-n10-feed8-rep1,3e16c4a5-f67a-49d4-b9a6-3c4ce4920dff,3895134,257,24152061700,24152062100
concurrency_n10_20260613_002350_kafka_feed8_rep1,kafka,sb-events-n10-feed8-rep1,e4df921b-4a22-4c53-911c-f17696fbd589,3895134,257,24157302000,24157302400
concurrency_n10_20260613_002350_kafka_feed8_rep1,kafka,sb-events-n10-feed8-rep1,54204948-7ae4-4ee2-afe1-e0ddd2bd4aec,3895086,257,24157341800,24157342100
concurrency_n10_20260613_002350_kafka_feed8_rep1,kafka,sb-events-n10-feed8-rep1,73a9ced2-4181-48ba-846e-bdb30829fcce,3895086,257,24163833500,24163834000
concurrency_n10_20260613_002350_kafka_feed8_rep1,kafka,sb-events-n10-feed8-rep1,38e2a384-9e04-4022-80d7-b973f795b0a9,3895067,258,24169873900,24169874200
concurrency_n10_20260613_002350_kafka_feed8_rep1,kafka,sb-events-n10-feed8-rep1,bf15dbac-44e7-4bff-a8f0-603372cda1a0,3895067,258,24175044600,24175045000
concurrency_n10_20260613_002350_kafka_feed8_rep1,kafka,sb-events-n10-feed8-rep1,f5117633-0494-4caf-8991-e6e6e82a6d58,3895074,258,24182838400,24182838700
concurrency_n10_20260613_002350_kafka_feed8_rep1,kafka,sb-events-n10-feed8-rep1,1f90c84b-8198-4fe6-926e-b127432fe1ce,3895107,258,24190589900,24190590400
concurrency_n10_20260613_002350_kafka_feed8_rep1,kafka,sb-events-n10-feed8-rep1,cc6dccb1-5860-46f3-8735-8e8f428d01b9,3895107,258,24190630600,24190630900
concurrency_n10_20260613_002350_kafka_feed8_rep1,kafka,sb-events-n10-feed8-rep1,e03baa4b-601d-4da7-8fea-80b62a62484d,3895086,258,24195339500,24195340000
concurrency_n10_20260613_002350_kafka_feed8_rep1,kafka,sb-events-n10-feed8-rep1,68854cd3-aa73-4048-ade3-4704949a8de0,3895086,258,24195376200,24195376400
concurrency_n10_20260613_002350_kafka_feed8_rep1,kafka,sb-events-n10-feed8-rep1,b48dd5a9-9fda-4540-9579-1eb7241c1732,3895086,258,24201541900,24201542700
concurrency_n10_20260613_002350_kafka_feed8_rep1,kafka,sb-events-n10-feed8-rep1,2e46e287-e9c1-4099-a47b-5bd15f749fdd,3895121,259,24206564400,24206565000
concurrency_n10_20260613_002350_kafka_feed8_rep1,kafka,sb-events-n10-feed8-rep1,e2076784-c7cd-4a7b-911d-32148bdcb668,3895067,259,24206604900,24206605200
concurrency_n10_20260613_002350_kafka_feed8_rep1,kafka,sb-events-n10-feed8-rep1,e9f720af-7816-4335-a7c7-128a55d24113,3895107,259,24213762600,24213763100
concurrency_n10_20260613_002350_kafka_feed8_rep1,kafka,sb-events-n10-feed8-rep1,663fed60-ccc7-45ed-b398-8c2b0921fb53,3895113,259,24219400500,24219400900
concurrency_n10_20260613_002350_kafka_feed8_rep1,kafka,sb-events-n10-feed8-rep1,9b56a464-22da-4631-8ac9-d069ad9e27a8,3895113,259,24219445100,24219445300
concurrency_n10_20260613_002350_kafka_feed8_rep1,kafka,sb-events-n10-feed8-rep1,10838d52-0301-4524-876a-0b60517930a0,3895113,259,24223359200,24223359600
concurrency_n10_20260613_002350_kafka_feed8_rep1,kafka,sb-events-n10-feed8-rep1,47215bf6-9a9b-44ef-83e0-300fed2e90e6,3895086,259,24228805200,24228805600
concurrency_n10_20260613_002350_kafka_feed8_rep1,kafka,sb-events-n10-feed8-rep1,6a23b116-5052-424c-8edb-ec17fc93049c,3895086,259,24234039300,24234039800
concurrency_n10_20260613_002350_kafka_feed8_rep1,kafka,sb-events-n10-feed8-rep1,9aa277b0-c06e-4c8f-871f-fc858ede75a1,3895095,260,24240574100,24240574500
concurrency_n10_20260613_002350_kafka_feed8_rep1,kafka,sb-events-n10-feed8-rep1,ee0a8cc6-0d4e-4359-8cdc-c4657c2527ba,3895121,260,24249424100,24249424500
concurrency_n10_20260613_002350_kafka_feed8_rep1,kafka,sb-events-n10-feed8-rep1,6bcac124-e4dc-45f1-b0bd-21ed8e841c40,3895121,260,24249465100,24249465500
concurrency_n10_20260613_002350_kafka_feed8_rep1,kafka,sb-events-n10-feed8-rep1,ea4cd5da-c431-45e1-9579-f6afcf1d18e1,3895074,260,24257907800,24257908500
concurrency_n10_20260613_002350_kafka_feed8_rep1,kafka,sb-events-n10-feed8-rep1,ed84fc85-9f8b-412f-81c2-680173fb86ae,3895074,260,24262524600,24262525200
concurrency_n10_20260613_002350_kafka_feed8_rep1,kafka,sb-events-n10-feed8-rep1,0125e4f0-5e8a-476d-8cfe-ea841d753ef4,3895067,260,24262562000,24262562200
concurrency_n10_20260613_002350_kafka_feed8_rep1,kafka,sb-events-n10-feed8-rep1,4942bd70-328f-4b42-b1a0-ca86e5ed0132,3895067,260,24273461600,24273462100
concurrency_n10_20260613_002350_kafka_feed8_rep1,kafka,sb-events-n10-feed8-rep1,5dad505a-6623-4536-b2ac-6022b8da73d4,3895107,260,24273550400,24273550800
concurrency_n10_20260613_002350_kafka_feed8_rep1,kafka,sb-events-n10-feed8-rep1,71cc3eec-93e6-4ef6-a5c2-af39d963246d,3895113,260,24285327200,24285327500
concurrency_n10_20260613_002350_kafka_feed8_rep1,kafka,sb-events-n10-feed8-rep1,485ae714-24e3-4f42-b361-07329c135923,3895107,260,24285369500,24285369800
concurrency_n10_20260613_002350_kafka_feed8_rep1,kafka,sb-events-n10-feed8-rep1,996cd44e-aacc-4356-94f2-018d44db541e,3895095,261,24298946400,24298946800
concurrency_n10_20260613_002350_kafka_feed8_rep1,kafka,sb-events-n10-feed8-rep1,16bc8159-f671-475a-bcba-c53e4796be16,3895074,261,24299004600,24299004900
concurrency_n10_20260613_002350_kafka_feed8_rep1,kafka,sb-events-n10-feed8-rep1,0ca04aaf-412c-44d0-a7a2-8b121880b269,3895113,260,24299026600,24299026800
concurrency_n10_20260613_002350_kafka_feed8_rep1,kafka,sb-events-n10-feed8-rep1,0fe5d0e6-56a8-4c1e-b502-944527c8b3b2,3895067,261,24303227600,24303228200
concurrency_n10_20260613_002350_kafka_feed8_rep1,kafka,sb-events-n10-feed8-rep1,24493149-eac2-44f2-b2f5-271189452a64,3895134,261,24303270000,24303270300
concurrency_n10_20260613_002350_kafka_feed8_rep1,kafka,sb-events-n10-feed8-rep1,10d650b0-aeb3-480f-a773-2363ee75ceac,3895074,262,24311717800,24311718500
concurrency_n10_20260613_002350_kafka_feed8_rep1,kafka,sb-events-n10-feed8-rep1,cfa33c23-5e87-40cc-8d8c-c0758d159bc3,3895121,262,24311760200,24311760400
concurrency_n10_20260613_002350_kafka_feed8_rep1,kafka,sb-events-n10-feed8-rep1,f095118b-5d42-442e-a60a-331f0f9173be,3895074,262,24316667800,24316668100
concurrency_n10_20260613_002350_kafka_feed8_rep1,kafka,sb-events-n10-feed8-rep1,514d34a6-6e55-491c-a213-7c9fa1c0b7fb,3895107,262,24320129700,24320130100
concurrency_n10_20260613_002350_kafka_feed8_rep1,kafka,sb-events-n10-feed8-rep1,4e2224cd-3e95-48e5-9712-7710ef3f1c0a,3895134,262,24328911300,24328911800
concurrency_n10_20260613_002350_kafka_feed8_rep1,kafka,sb-events-n10-feed8-rep1,f1cd4674-ad76-45d4-9628-c4e224ac2f35,3895134,262,24333676900,24333678000
concurrency_n10_20260613_002350_kafka_feed8_rep1,kafka,sb-events-n10-feed8-rep1,66caab40-09c3-446d-a427-cf45c915444d,3895086,262,24333780600,24333780900
concurrency_n10_20260613_002350_kafka_feed8_rep1,kafka,sb-events-n10-feed8-rep1,8618303d-99e2-4e41-bfce-73679717791a,3895121,263,24341353300,24341353700
concurrency_n10_20260613_002350_kafka_feed8_rep1,kafka,sb-events-n10-feed8-rep1,bc4a7ba2-d4e7-4286-8374-d79a5779f841,3895121,263,24347554800,24347555300
concurrency_n10_20260613_002350_kafka_feed8_rep1,kafka,sb-events-n10-feed8-rep1,13e41f11-b758-4c70-b60d-97d3887b664b,3895067,263,24352835300,24352835600
concurrency_n10_20260613_002350_kafka_feed8_rep1,kafka,sb-events-n10-feed8-rep1,8298e9c7-a913-4efc-a9ba-9ee43d90dcc5,3895067,263,24352883700,24352883900
concurrency_n10_20260613_002350_kafka_feed8_rep1,kafka,sb-events-n10-feed8-rep1,18d31a96-ce5f-4b9f-83fc-6d5e684cf434,3895067,263,24355989900,24355990200
concurrency_n10_20260613_002350_kafka_feed8_rep1,kafka,sb-events-n10-feed8-rep1,6282f2ed-5306-4692-97a8-018abed55a97,3895086,263,24366596400,24366597000
concurrency_n10_20260613_002350_kafka_feed8_rep1,kafka,sb-events-n10-feed8-rep1,0d575998-33de-49ca-b066-2b07f6d5b877,3895086,263,24366645600,24366645900
concurrency_n10_20260613_002350_kafka_feed8_rep1,kafka,sb-events-n10-feed8-rep1,92038172-7102-4357-88a0-d66531d0be4e,3895086,263,24373330300,24373330700
concurrency_n10_20260613_002350_kafka_feed8_rep1,kafka,sb-events-n10-feed8-rep1,2c155794-7231-487e-8463-a99b8c0bf033,3895086,263,24373377900,24373378200
concurrency_n10_20260613_002350_kafka_feed8_rep1,kafka,sb-events-n10-feed8-rep1,8fe456b1-05c6-45d3-8b82-1ac9bf0fe7be,3895067,264,24380956900,24380957400
concurrency_n10_20260613_002350_kafka_feed8_rep1,kafka,sb-events-n10-feed8-rep1,3d789615-1091-409c-85fd-685e7676feda,3895067,264,24388794000,24388794400
concurrency_n10_20260613_002350_kafka_feed8_rep1,kafka,sb-events-n10-feed8-rep1,13ee56a2-d705-49a4-ab4a-d4d369100413,3895107,264,24388834200,24388834500
concurrency_n10_20260613_002350_kafka_feed8_rep1,kafka,sb-events-n10-feed8-rep1,9c10cb13-35c4-4526-ac97-d99683b9e699,3895107,264,24388855400,24388855600
concurrency_n10_20260613_002350_kafka_feed8_rep1,kafka,sb-events-n10-feed8-rep1,efb93bf2-d768-4a93-af9f-ca59ff1274c9,3895134,264,24395406600,24395406900
concurrency_n10_20260613_002350_kafka_feed8_rep1,kafka,sb-events-n10-feed8-rep1,b6c7894b-dd9c-454c-8216-795a1b1cf868,3895134,265,24400351900,24400352400
concurrency_n10_20260613_002350_kafka_feed8_rep1,kafka,sb-events-n10-feed8-rep1,34c88955-3322-45ec-8d48-1dc784b8d9cb,3895086,265,24405933700,24405934100
concurrency_n10_20260613_002350_kafka_feed8_rep1,kafka,sb-events-n10-feed8-rep1,88b7d2c5-ea70-4802-8e21-22e5bec35408,3895086,265,24405970500,24405970700
concurrency_n10_20260613_002350_kafka_feed8_rep1,kafka,sb-events-n10-feed8-rep1,9e776352-0652-4d54-bb99-2af9245e34bd,3895121,266,24411255500,24411256100
concurrency_n10_20260613_002350_kafka_feed8_rep1,kafka,sb-events-n10-feed8-rep1,b554adb2-7947-471d-978b-65ab486e3695,3895107,266,24422080100,24422080700
concurrency_n10_20260613_002350_kafka_feed8_rep1,kafka,sb-events-n10-feed8-rep1,095beac9-7bb6-4509-8f3b-046dbe3256e6,3895086,266,24425500000,24425500600
concurrency_n10_20260613_002350_kafka_feed8_rep1,kafka,sb-events-n10-feed8-rep1,2180041b-af64-4877-a4d2-385bd5e76108,3895086,266,24425548900,24425549200
concurrency_n10_20260613_002350_kafka_feed8_rep1,kafka,sb-events-n10-feed8-rep1,ed4f581a-98cf-437d-b2d9-6ab817f3a8e1,3895086,266,24431217600,24431217900
concurrency_n10_20260613_002350_kafka_feed8_rep1,kafka,sb-events-n10-feed8-rep1,9e68e4a2-3f54-4586-9c97-d02b4d59c25f,3895086,266,24437501100,24437501400
concurrency_n10_20260613_002350_kafka_feed8_rep1,kafka,sb-events-n10-feed8-rep1,b9cd084b-db1f-4e4d-bb2b-8df05782ef9e,3895060,267,24437540900,24437541100
concurrency_n10_20260613_002350_kafka_feed8_rep1,kafka,sb-events-n10-feed8-rep1,4dca818c-95a9-4119-bcf7-c9ceb9b6e893,3895121,267,24450139000,24450139600
concurrency_n10_20260613_002350_kafka_feed8_rep1,kafka,sb-events-n10-feed8-rep1,46623275-b589-4b8c-a3ac-860979f10126,3895121,267,24458540600,24458541800
concurrency_n10_20260613_002350_kafka_feed8_rep1,kafka,sb-events-n10-feed8-rep1,51a56ca6-53b2-4905-a64e-1f75f54f9c22,3895074,267,24458600400,24458600800
concurrency_n10_20260613_002350_kafka_feed8_rep1,kafka,sb-events-n10-feed8-rep1,e54d1ea2-fdce-4a39-a60e-a10cbdd38c69,3895067,267,24467336500,24467336900
concurrency_n10_20260613_002350_kafka_feed8_rep1,kafka,sb-events-n10-feed8-rep1,1e1a8680-84d3-44a8-a763-d0c2f61ccaef,3895107,267,24467384700,24467385000
concurrency_n10_20260613_002350_kafka_feed8_rep1,kafka,sb-events-n10-feed8-rep1,343781b7-0e28-4c1a-9519-e9a223c4a2ab,3895086,267,24473015700,24473016000
concurrency_n10_20260613_002350_kafka_feed8_rep1,kafka,sb-events-n10-feed8-rep1,bd4fd27a-af25-48c9-b982-579d4156695a,3895086,267,24473053600,24473053900
concurrency_n10_20260613_002350_kafka_feed8_rep1,kafka,sb-events-n10-feed8-rep1,0b59b3bf-4601-4c24-8885-60395189f536,3895086,267,24478167000,24478167500
concurrency_n10_20260613_002350_kafka_feed8_rep1,kafka,sb-events-n10-feed8-rep1,0fba1ad7-479b-4b6d-bc7b-6c018c155cf0,3895074,268,24478203300,24478203600
concurrency_n10_20260613_002350_kafka_feed8_rep1,kafka,sb-events-n10-feed8-rep1,ee0a6df8-5cef-40c1-9e50-478ba581f659,3895074,268,24487013700,24487014300
concurrency_n10_20260613_002350_kafka_feed8_rep1,kafka,sb-events-n10-feed8-rep1,c885f171-2860-4119-9ee5-46c6577051c7,3895067,268,24493076200,24493077000
concurrency_n10_20260613_002350_kafka_feed8_rep1,kafka,sb-events-n10-feed8-rep1,fd1049b3-6c01-4bcf-9e28-659dc18d76be,3895067,268,24493121600,24493121800
concurrency_n10_20260613_002350_kafka_feed8_rep1,kafka,sb-events-n10-feed8-rep1,dd5cc896-95a8-4dde-b096-19f8a35fedae,3895067,268,24499664100,24499664600
concurrency_n10_20260613_002350_kafka_feed8_rep1,kafka,sb-events-n10-feed8-rep1,d2605132-7102-44cd-989b-463ca323eadd,3895067,268,24502915500,24502916000
concurrency_n10_20260613_002350_kafka_feed8_rep1,kafka,sb-events-n10-feed8-rep1,c8b2a6c1-0af0-40cb-954c-fc5b21ed2a10,3895107,268,24502953400,24502953600
concurrency_n10_20260613_002350_kafka_feed8_rep1,kafka,sb-events-n10-feed8-rep1,391c6d6b-904b-4a03-8e42-64066fa8bd04,3895107,268,24509219000,24509219800
concurrency_n10_20260613_002350_kafka_feed8_rep1,kafka,sb-events-n10-feed8-rep1,c83ebc9a-b029-493e-8581-ec84cacecafd,3895134,268,24521143500,24521144100
concurrency_n10_20260613_002350_kafka_feed8_rep1,kafka,sb-events-n10-feed8-rep1,e74c249e-23f6-4b45-b6d3-1314c1b07372,3895134,268,24521393900,24521394400
concurrency_n10_20260613_002350_kafka_feed8_rep1,kafka,sb-events-n10-feed8-rep1,aca80b04-2892-4c4f-888e-df76c7567817,3895086,268,24527621100,24527621700
concurrency_n10_20260613_002350_kafka_feed8_rep1,kafka,sb-events-n10-feed8-rep1,0cde918a-e527-4076-8a12-e5a60f799698,3895086,268,24527661500,24527661700
concurrency_n10_20260613_002350_kafka_feed8_rep1,kafka,sb-events-n10-feed8-rep1,338ab47a-b28f-4c2b-bd70-7e12984b30fc,3895060,269,24531718700,24531719300
concurrency_n10_20260613_002350_kafka_feed8_rep1,kafka,sb-events-n10-feed8-rep1,01628134-a403-45a5-9d2d-22b3bfe0979c,3895060,269,24538319600,24538320100
concurrency_n10_20260613_002350_kafka_feed8_rep1,kafka,sb-events-n10-feed8-rep1,1f368669-6dbe-435c-a840-a7460f2a4eb8,3895121,269,24542029300,24542029700
concurrency_n10_20260613_002350_kafka_feed8_rep1,kafka,sb-events-n10-feed8-rep1,723e6795-1547-43a5-8c9e-2aed6477cf78,3895121,269,24546100900,24546101400
concurrency_n10_20260613_002350_kafka_feed8_rep1,kafka,sb-events-n10-feed8-rep1,afa22405-2040-43ab-b197-f2419187cd98,3895074,269,24551794000,24551794400
concurrency_n10_20260613_002350_kafka_feed8_rep1,kafka,sb-events-n10-feed8-rep1,177f2b40-74c1-40e8-bec1-804b49c2c305,3895107,269,24558706900,24558707500
concurrency_n10_20260613_002350_kafka_feed8_rep1,kafka,sb-events-n10-feed8-rep1,6eaa0b6f-a268-4df3-8485-181924de80a4,3895060,270,24568446100,24568446700
concurrency_n10_20260613_002350_kafka_feed8_rep1,kafka,sb-events-n10-feed8-rep1,42078d0a-8356-4d5f-8c14-9258e6893705,3895060,270,24568506400,24568506700
concurrency_n10_20260613_002350_kafka_feed8_rep1,kafka,sb-events-n10-feed8-rep1,e8deba9d-f61c-4666-89ca-9aac01e5ed15,3895060,270,24574033600,24574034200
concurrency_n10_20260613_002350_kafka_feed8_rep1,kafka,sb-events-n10-feed8-rep1,01bb8b26-990c-48f7-85c8-d20de30bddea,3895074,270,24579862000,24579862500
concurrency_n10_20260613_002350_kafka_feed8_rep1,kafka,sb-events-n10-feed8-rep1,dfba11df-0765-423a-bb4f-a4a1b86cc36e,3895074,270,24589092900,24589093300
concurrency_n10_20260613_002350_kafka_feed8_rep1,kafka,sb-events-n10-feed8-rep1,3583f06d-21fc-45fc-b46a-01fe1867d33b,3895074,270,24589145100,24589145400
concurrency_n10_20260613_002350_kafka_feed8_rep1,kafka,sb-events-n10-feed8-rep1,7f6e4468-5f83-4886-80bb-75c5a0d8ff6d,3895067,270,24594685500,24594685900
concurrency_n10_20260613_002350_kafka_feed8_rep1,kafka,sb-events-n10-feed8-rep1,d514dd51-cbc8-4d01-a300-dc01767fd9d5,3895067,270,24594724600,24594724800
concurrency_n10_20260613_002350_kafka_feed8_rep1,kafka,sb-events-n10-feed8-rep1,977ef353-dfbd-4e2c-a5a2-37786c84f1f3,3895107,270,24598879600,24598880000
concurrency_n10_20260613_002350_kafka_feed8_rep1,kafka,sb-events-n10-feed8-rep1,1e9330b6-39e2-4a05-bf78-c117c52f08e8,3895107,270,24605929100,24605929400
concurrency_n10_20260613_002350_kafka_feed8_rep1,kafka,sb-events-n10-feed8-rep1,bc0b8dcf-0f27-4a89-ba32-bc747d9bc952,3895134,270,24612955400,24612955800
concurrency_n10_20260613_002350_kafka_feed8_rep1,kafka,sb-events-n10-feed8-rep1,8aed6f04-02ac-4e12-be25-8acf290f30a7,3895107,270,24612995200,24612995500
concurrency_n10_20260613_002350_kafka_feed8_rep1,kafka,sb-events-n10-feed8-rep1,5581ad54-dcfa-4b43-8955-ab459b7cc83d,3895060,271,24623867000,24623867600
concurrency_n10_20260613_002350_kafka_feed8_rep1,kafka,sb-events-n10-feed8-rep1,e9ba22ee-8e47-4642-9ed4-f11566f547de,3895086,270,24623916600,24623916900
concurrency_n10_20260613_002350_kafka_feed8_rep1,kafka,sb-events-n10-feed8-rep1,44a9ff5c-461a-4345-8903-b8369f454bab,3895121,271,24633527400,24633527700
concurrency_n10_20260613_002350_kafka_feed8_rep1,kafka,sb-events-n10-feed8-rep1,1036de56-68da-4a7d-ae7a-0c2693862ce9,3895067,271,24633566800,24633567000
concurrency_n10_20260613_002350_kafka_feed8_rep1,kafka,sb-events-n10-feed8-rep1,1fdfc1cf-dc92-4683-9358-6644a102d190,3895067,271,24633589200,24633589400
concurrency_n10_20260613_002350_kafka_feed8_rep1,kafka,sb-events-n10-feed8-rep1,00119947-82ad-443c-af11-6dd33262c767,3895052,271,24641264500,24641265100
concurrency_n10_20260613_002350_kafka_feed8_rep1,kafka,sb-events-n10-feed8-rep1,07406593-3095-4290-a316-b490ea348684,3895067,271,24641310000,24641310300
concurrency_n10_20260613_002350_kafka_feed8_rep1,kafka,sb-events-n10-feed8-rep1,0267a16d-9851-474d-b248-83f9736881eb,3895107,271,24652722500,24652723000
concurrency_n10_20260613_002350_kafka_feed8_rep1,kafka,sb-events-n10-feed8-rep1,6e729421-0bbd-49c9-b3d7-487e8f0d20dd,3895107,271,24652786100,24652786500
concurrency_n10_20260613_002350_kafka_feed8_rep1,kafka,sb-events-n10-feed8-rep1,a4412978-7f9a-4fc3-b054-1cd626d5abfd,3895107,271,24666058400,24666059000
concurrency_n10_20260613_002350_kafka_feed8_rep1,kafka,sb-events-n10-feed8-rep1,86c9ab13-4b82-4056-ae14-1fc5594b80fd,3895107,271,24666113700,24666114100
concurrency_n10_20260613_002350_kafka_feed8_rep1,kafka,sb-events-n10-feed8-rep1,74542926-021d-4bd8-8a65-0130ef27dc9e,3895074,272,24677977300,24677977700
concurrency_n10_20260613_002350_kafka_feed8_rep1,kafka,sb-events-n10-feed8-rep1,0419fc46-4002-44ec-ae27-ee60e5e41bdc,3895074,272,24678092400,24678092700
concurrency_n10_20260613_002350_kafka_feed8_rep1,kafka,sb-events-n10-feed8-rep1,bc947e40-b3f2-4f11-9aea-31ada13bfb38,3895107,271,24678151800,24678152000
concurrency_n10_20260613_002350_kafka_feed8_rep1,kafka,sb-events-n10-feed8-rep1,13575c0f-d745-415b-980c-2927d9b04576,3895107,272,24678176500,24678176700
concurrency_n10_20260613_002350_kafka_feed8_rep1,kafka,sb-events-n10-feed8-rep1,5d1aff3f-0748-4407-b489-77cd8f595cc5,3895060,273,24688310500,24688311200
concurrency_n10_20260613_002350_kafka_feed8_rep1,kafka,sb-events-n10-feed8-rep1,14f03a0a-69ac-45c2-9584-3133cfcdf441,3895121,273,24694271600,24694272000
concurrency_n10_20260613_002350_kafka_feed8_rep1,kafka,sb-events-n10-feed8-rep1,fb2e4456-06c9-402f-8b09-37b2a0a85011,3895060,273,24694309800,24694310000
concurrency_n10_20260613_002350_kafka_feed8_rep1,kafka,sb-events-n10-feed8-rep1,e6500334-9172-4211-86d2-4367cd05906d,3895074,273,24699013700,24699014300
concurrency_n10_20260613_002350_kafka_feed8_rep1,kafka,sb-events-n10-feed8-rep1,2e5d777b-b87c-4193-9c66-2dc4f9799c0a,3895121,273,24699079100,24699079600
concurrency_n10_20260613_002350_kafka_feed8_rep1,kafka,sb-events-n10-feed8-rep1,0b89a38a-1b1e-41f8-a0b7-590546850b3c,3895107,273,24711972000,24711972500
concurrency_n10_20260613_002350_kafka_feed8_rep1,kafka,sb-events-n10-feed8-rep1,47f7c1fd-4df8-4d04-8596-5ca260499f6c,3895107,273,24712024200,24712024500
concurrency_n10_20260613_002350_kafka_feed8_rep1,kafka,sb-events-n10-feed8-rep1,705881f6-76d6-46d2-a301-243af6757449,3895107,273,24717950200,24717950500
concurrency_n10_20260613_002350_kafka_feed8_rep1,kafka,sb-events-n10-feed8-rep1,50f26d4f-3cb8-4532-9185-4a10012037a5,3895107,273,24717991000,24717991200
concurrency_n10_20260613_002350_kafka_feed8_rep1,kafka,sb-events-n10-feed8-rep1,c8deccf2-d454-445c-ad38-9cc2eb62faf5,3895060,274,24718011900,24718012100
concurrency_n10_20260613_002350_kafka_feed8_rep1,kafka,sb-events-n10-feed8-rep1,ae390965-1a6c-455f-b3ca-922cf7b54142,3895121,274,24726882500,24726882900
concurrency_n10_20260613_002350_kafka_feed8_rep1,kafka,sb-events-n10-feed8-rep1,6919c78c-5325-4109-82e5-f5c2db07e3e9,3895074,274,24726930400,24726930700
concurrency_n10_20260613_002350_kafka_feed8_rep1,kafka,sb-events-n10-feed8-rep1,9f9621bb-4395-4d3a-a51e-1e5352417f9c,3895074,274,24733546900,24733547300
concurrency_n10_20260613_002350_kafka_feed8_rep1,kafka,sb-events-n10-feed8-rep1,91bb7ef0-a5ae-46fe-b05b-ba8dd1589f69,3895074,274,24733602400,24733602800
concurrency_n10_20260613_002350_kafka_feed8_rep1,kafka,sb-events-n10-feed8-rep1,8f2b509c-1b20-4fee-b757-e93b371d3008,3895052,274,24742657700,24742658000
concurrency_n10_20260613_002350_kafka_feed8_rep1,kafka,sb-events-n10-feed8-rep1,ad9f5632-f016-4768-bb7f-f954877f062a,3895052,274,24742698800,24742699300
concurrency_n10_20260613_002350_kafka_feed8_rep1,kafka,sb-events-n10-feed8-rep1,18e2c4a7-33ef-460e-9455-d33add609933,3895107,274,24751094700,24751095800
concurrency_n10_20260613_002350_kafka_feed8_rep1,kafka,sb-events-n10-feed8-rep1,bebba0a9-6275-4627-896b-8ed0fb80dae6,3895107,274,24751139100,24751139400
concurrency_n10_20260613_002350_kafka_feed8_rep1,kafka,sb-events-n10-feed8-rep1,3a395ce8-2863-48f0-9c25-dc5b497d7340,3895060,275,24758972300,24758972800
concurrency_n10_20260613_002350_kafka_feed8_rep1,kafka,sb-events-n10-feed8-rep1,e3ee7bfb-48b2-4421-aa5e-3d42632496ae,3895060,275,24759016500,24759016800
concurrency_n10_20260613_002350_kafka_feed8_rep1,kafka,sb-events-n10-feed8-rep1,9cbd77fd-6ab8-4c45-b0cb-21beb14be19c,3895067,275,24765634900,24765635200
concurrency_n10_20260613_002350_kafka_feed8_rep1,kafka,sb-events-n10-feed8-rep1,69d57cf5-7da9-48d1-9f9d-a8929a77f91b,3895052,275,24765672700,24765672900
concurrency_n10_20260613_002350_kafka_feed8_rep1,kafka,sb-events-n10-feed8-rep1,06904d29-3849-430d-8a89-6dfe0363c0aa,3895052,275,24771097400,24771098000
concurrency_n10_20260613_002350_kafka_feed8_rep1,kafka,sb-events-n10-feed8-rep1,3e029e4b-2571-4ea8-805a-a3e6062ffc31,3895060,276,24778336800,24778337500
concurrency_n10_20260613_002350_kafka_feed8_rep1,kafka,sb-events-n10-feed8-rep1,9c2de277-bdcb-4d07-87fd-aaa32b58aa09,3895113,275,24778381300,24778381600
concurrency_n10_20260613_002350_kafka_feed8_rep1,kafka,sb-events-n10-feed8-rep1,25ed9580-8a5c-468c-9a49-d265d1628d7c,3895060,276,24785396100,24785396600
concurrency_n10_20260613_002350_kafka_feed8_rep1,kafka,sb-events-n10-feed8-rep1,24e7d246-d03c-4463-9647-764ef1571c7b,3895060,276,24792154000,24792154400
concurrency_n10_20260613_002350_kafka_feed8_rep1,kafka,sb-events-n10-feed8-rep1,ab0f44f8-edc0-4be0-9286-f7a48ce1d621,3895074,276,24798205500,24798206000
concurrency_n10_20260613_002350_kafka_feed8_rep1,kafka,sb-events-n10-feed8-rep1,5d3ea8bf-19e4-4faa-b170-4213f4e8a325,3895121,276,24798248600,24798248900
concurrency_n10_20260613_002350_kafka_feed8_rep1,kafka,sb-events-n10-feed8-rep1,ad174cea-e878-4b47-bac6-e43587231760,3895067,276,24808858500,24808859200
concurrency_n10_20260613_002350_kafka_feed8_rep1,kafka,sb-events-n10-feed8-rep1,d5550ce2-817b-45ec-b62d-eaf2c9168046,3895074,276,24808909900,24808910200
concurrency_n10_20260613_002350_kafka_feed8_rep1,kafka,sb-events-n10-feed8-rep1,3a855901-93d7-4b45-94b2-4c0f6c0e82ed,3895067,276,24823665500,24823665900
concurrency_n10_20260613_002350_kafka_feed8_rep1,kafka,sb-events-n10-feed8-rep1,f20e0998-f0f2-4f59-a826-427a42aff538,3895067,276,24823707300,24823707600
concurrency_n10_20260613_002350_kafka_feed8_rep1,kafka,sb-events-n10-feed8-rep1,40babdd6-38b1-4e24-8e68-91d2b1cb2640,3895074,276,24823729200,24823729400
concurrency_n10_20260613_002350_kafka_feed8_rep1,kafka,sb-events-n10-feed8-rep1,cfcb5f7a-11c5-4c7d-aca0-34a607c28528,3895067,276,24829120800,24829121200
concurrency_n10_20260613_002350_kafka_feed8_rep1,kafka,sb-events-n10-feed8-rep1,b14b6ebe-eca3-4487-8f1d-10c596a36043,3895067,276,24829162900,24829163000
concurrency_n10_20260613_002350_kafka_feed8_rep1,kafka,sb-events-n10-feed8-rep1,e84ef588-3bfd-48b9-af0f-1de178e3704f,3895067,276,24837757100,24837757500
concurrency_n10_20260613_002350_kafka_feed8_rep1,kafka,sb-events-n10-feed8-rep1,4cacd608-9f81-4f99-a2ee-6215f1c722dc,3895052,276,24847453300,24847454000
concurrency_n10_20260613_002350_kafka_feed8_rep1,kafka,sb-events-n10-feed8-rep1,868323ed-f7b6-4532-b538-6da877f8c6ea,3895134,276,24851599200,24851599800
concurrency_n10_20260613_002350_kafka_feed8_rep1,kafka,sb-events-n10-feed8-rep1,7cc8a6ee-1fe0-4a05-96ee-79c9193f1042,3895134,276,24851642900,24851643200
concurrency_n10_20260613_002350_kafka_feed8_rep1,kafka,sb-events-n10-feed8-rep1,018bfbd5-8993-41c6-9f87-96900fdb3b6b,3895052,277,24858362600,24858362900
concurrency_n10_20260613_002350_kafka_feed8_rep1,kafka,sb-events-n10-feed8-rep1,e12d511e-1106-4f3b-bf88-d506519c4884,3895052,277,24858398000,24858398300
concurrency_n10_20260613_002350_kafka_feed8_rep1,kafka,sb-events-n10-feed8-rep1,c1ce0b69-c83b-4203-a004-0cc06eaaea18,3895052,277,24864326600,24864327500
concurrency_n10_20260613_002350_kafka_feed8_rep1,kafka,sb-events-n10-feed8-rep1,94b39728-4689-424b-998b-45215151d294,3895113,277,24871242800,24871243200
concurrency_n10_20260613_002350_kafka_feed8_rep1,kafka,sb-events-n10-feed8-rep1,2e59a3f6-708e-4f6d-9857-0db997357252,3895107,277,24879127900,24879128500
concurrency_n10_20260613_002350_kafka_feed8_rep1,kafka,sb-events-n10-feed8-rep1,6f9a912e-8839-48b1-8ff9-2642edecd22e,3895134,277,24879169600,24879169800
concurrency_n10_20260613_002350_kafka_feed8_rep1,kafka,sb-events-n10-feed8-rep1,baf0b43d-7488-4aba-aac8-3be34e44c57e,3895060,278,24887773500,24887773900
concurrency_n10_20260613_002350_kafka_feed8_rep1,kafka,sb-events-n10-feed8-rep1,8fc24d79-0a41-4f88-99d7-204758d39b89,3895134,277,24887816100,24887816300
concurrency_n10_20260613_002350_kafka_feed8_rep1,kafka,sb-events-n10-feed8-rep1,0d8489b9-7f91-4328-b9aa-66d7c5e770c4,3895060,278,24893564800,24893565400
concurrency_n10_20260613_002350_kafka_feed8_rep1,kafka,sb-events-n10-feed8-rep1,f5ac72a0-313e-4115-9141-cb1c511e5982,3895060,278,24899763200,24899763700
concurrency_n10_20260613_002350_kafka_feed8_rep1,kafka,sb-events-n10-feed8-rep1,a59fc0f2-8e48-4685-a06b-7b4dddeef5ee,3895052,278,24908096200,24908096700
concurrency_n10_20260613_002350_kafka_feed8_rep1,kafka,sb-events-n10-feed8-rep1,a9d798fa-3d9d-4b30-9e68-36e6d3883cd3,3895052,278,24908141000,24908141300
concurrency_n10_20260613_002350_kafka_feed8_rep1,kafka,sb-events-n10-feed8-rep1,2ae64d10-519e-4f7d-8016-1e7020ea6102,3895113,278,24915171900,24915172400
concurrency_n10_20260613_002350_kafka_feed8_rep1,kafka,sb-events-n10-feed8-rep1,6c225640-f176-4e3d-ac14-90e4c5e92771,3895107,278,24915218200,24915218500
concurrency_n10_20260613_002350_kafka_feed8_rep1,kafka,sb-events-n10-feed8-rep1,4b050067-d4a7-4ccf-8e57-bca82a28a6d4,3895107,278,24925049000,24925049600
concurrency_n10_20260613_002350_kafka_feed8_rep1,kafka,sb-events-n10-feed8-rep1,49cf4fe8-b797-43be-ac83-247a4ec230d6,3895067,279,24930838200,24930838500
concurrency_n10_20260613_002350_kafka_feed8_rep1,kafka,sb-events-n10-feed8-rep1,910ee5d4-a9ee-4e89-9716-f1fa16a2a1a8,3895067,279,24930881000,24930881200
concurrency_n10_20260613_002350_kafka_feed8_rep1,kafka,sb-events-n10-feed8-rep1,2cab364f-9f1a-48d5-84a0-39eb53d6a523,3895107,279,24939776300,24939776800
concurrency_n10_20260613_002350_kafka_feed8_rep1,kafka,sb-events-n10-feed8-rep1,8d0c4828-6ecc-4c3a-ad37-c9ef7b46bae6,3895060,280,24939818900,24939819200
concurrency_n10_20260613_002350_kafka_feed8_rep1,kafka,sb-events-n10-feed8-rep1,e2545d71-6cb3-4d04-b512-29634e629949,3895060,280,24943679000,24943679700
concurrency_n10_20260613_002350_kafka_feed8_rep1,kafka,sb-events-n10-feed8-rep1,5658732c-8910-4bc4-b28f-cf8177cced8f,3895074,280,24951078100,24951078400
concurrency_n10_20260613_002350_kafka_feed8_rep1,kafka,sb-events-n10-feed8-rep1,1a2f1bb2-b17c-4251-964c-c55a609354dc,3895067,280,24958015300,24958015700
concurrency_n10_20260613_002350_kafka_feed8_rep1,kafka,sb-events-n10-feed8-rep1,9238108d-5286-460e-a544-1977259b4b14,3895067,280,24958054400,24958054500
concurrency_n10_20260613_002350_kafka_feed8_rep1,kafka,sb-events-n10-feed8-rep1,4274c45b-a4a8-4d35-b735-92673ff7bb85,3895107,280,24968295000,24968295500
concurrency_n10_20260613_002350_kafka_feed8_rep1,kafka,sb-events-n10-feed8-rep1,ffad8e12-d947-4590-a5cd-09ad0a25fda0,3895107,280,24968335800,24968336000
concurrency_n10_20260613_002350_kafka_feed8_rep1,kafka,sb-events-n10-feed8-rep1,9e65c182-64c2-458a-b4a6-046ac7633e88,3895107,280,24973058600,24973059200
concurrency_n10_20260613_002350_kafka_feed8_rep1,kafka,sb-events-n10-feed8-rep1,d9b862fb-af09-4321-a4ba-3fbac00741ea,3895107,280,24989673600,24989674400
concurrency_n10_20260613_002350_kafka_feed8_rep1,kafka,sb-events-n10-feed8-rep1,7473579b-eaa2-4648-a82c-d30461462a01,3895067,281,24989716800,24989716900
concurrency_n10_20260613_002350_kafka_feed8_rep1,kafka,sb-events-n10-feed8-rep1,2efcc702-f0a6-4e9d-a945-d4a1a1df34e7,3895121,281,24989741700,24989741900
concurrency_n10_20260613_002350_kafka_feed8_rep1,kafka,sb-events-n10-feed8-rep1,8bd03049-5688-479a-b578-c689c3828aad,3895067,281,24994178400,24994178700
concurrency_n10_20260613_002350_kafka_feed8_rep1,kafka,sb-events-n10-feed8-rep1,52171c5c-7129-4cfe-bf36-3f3933d86f9f,3895067,281,24994223400,24994223700
concurrency_n10_20260613_002350_kafka_feed8_rep1,kafka,sb-events-n10-feed8-rep1,7bfa15b0-20b4-444d-b3a4-8e0d1d2d60ce,3895067,281,24999443700,24999444100
concurrency_n10_20260613_002350_kafka_feed8_rep1,kafka,sb-events-n10-feed8-rep1,513566a5-0596-433d-b838-5a0ecbbb6391,3895052,281,25011209600,25011209900
concurrency_n10_20260613_002350_kafka_feed8_rep1,kafka,sb-events-n10-feed8-rep1,5752b5a5-7543-4f2b-b691-05f80bfdfdb4,3895113,281,25029856400,25029856900
concurrency_n10_20260613_002350_kafka_feed8_rep1,kafka,sb-events-n10-feed8-rep1,f8ee9336-adc4-46ed-9a34-53bc427ca7dc,3895121,282,25029930500,25029930800
concurrency_n10_20260613_002350_kafka_feed8_rep1,kafka,sb-events-n10-feed8-rep1,deff4a58-2b46-4ee3-afb5-7beaa4e271cf,3895113,281,25029953400,25029953600
concurrency_n10_20260613_002350_kafka_feed8_rep1,kafka,sb-events-n10-feed8-rep1,a44cbcbf-12ed-49a6-9d32-2c82422cb944,3895074,282,25053012500,25053013600
concurrency_n10_20260613_002350_kafka_feed8_rep1,kafka,sb-events-n10-feed8-rep1,c8d6e150-201e-40de-bbf2-56fb717bab49,3895121,282,25053114200,25053114500
concurrency_n10_20260613_002350_kafka_feed8_rep1,kafka,sb-events-n10-feed8-rep1,97b9f2ad-35c3-49e8-8e35-900be9cf79b3,3895074,282,25053327700,25053328100
concurrency_n10_20260613_002350_kafka_feed8_rep1,kafka,sb-events-n10-feed8-rep1,9aaa2778-697e-4c11-82eb-8c57f2d4ec16,3895052,282,25065938800,25065939200
concurrency_n10_20260613_002350_kafka_feed8_rep1,kafka,sb-events-n10-feed8-rep1,1a72cf08-746a-4d2b-907f-05cc7a7e8f01,3895052,282,25084712600,25084713200
concurrency_n10_20260613_002350_kafka_feed8_rep1,kafka,sb-events-n10-feed8-rep1,315fc20d-7643-46e6-8d84-3cfb7816d4d4,3895107,282,25084757500,25084757700
concurrency_n10_20260613_002350_kafka_feed8_rep1,kafka,sb-events-n10-feed8-rep1,8c947879-4c6e-4acd-ac86-b132ac1078c3,3895107,282,25093249800,25093250300
concurrency_n10_20260613_002350_kafka_feed8_rep1,kafka,sb-events-n10-feed8-rep1,bd91d331-3fad-4773-b280-31b8e2669675,3895107,282,25093290400,25093290600
concurrency_n10_20260613_002350_kafka_feed8_rep1,kafka,sb-events-n10-feed8-rep1,3a3e5e21-de4e-4bd2-affa-64baa9598327,3895067,283,25104016600,25104016900
concurrency_n10_20260613_002350_kafka_feed8_rep1,kafka,sb-events-n10-feed8-rep1,2cd0c91a-68f3-4c69-b978-da4ecf01bde4,3895121,283,25104053500,25104053800
concurrency_n10_20260613_002350_kafka_feed8_rep1,kafka,sb-events-n10-feed8-rep1,3997464c-8bb8-48c4-ba87-2c3428361a16,3895052,283,25114880700,25114881200
concurrency_n10_20260613_002350_kafka_feed8_rep1,kafka,sb-events-n10-feed8-rep1,b7143e0f-b3b7-4e41-88e9-0813c82c834f,3895107,283,25121722000,25121722400
concurrency_n10_20260613_002350_kafka_feed8_rep1,kafka,sb-events-n10-feed8-rep1,52174727-508f-4236-b78d-96aacfb5d310,3895107,283,25127656000,25127656400
concurrency_n10_20260613_002350_kafka_feed8_rep1,kafka,sb-events-n10-feed8-rep1,e94e2b5f-2092-418d-adb7-2a6f17b89379,3895060,284,25132375500,25132376100
concurrency_n10_20260613_002350_kafka_feed8_rep1,kafka,sb-events-n10-feed8-rep1,d713fc77-ffb3-4552-97d8-219bc743bbbd,3895121,284,25140652000,25140652500
concurrency_n10_20260613_002350_kafka_feed8_rep1,kafka,sb-events-n10-feed8-rep1,368713b6-97c5-443c-9fd1-4afb44a00723,3895121,284,25148878300,25148878900
concurrency_n10_20260613_002350_kafka_feed8_rep1,kafka,sb-events-n10-feed8-rep1,cad4a11b-995b-4d03-a3f1-02007a646905,3895121,284,25154183300,25154184100
concurrency_n10_20260613_002350_kafka_feed8_rep1,kafka,sb-events-n10-feed8-rep1,508812af-8f6e-40e5-b3ed-7b2d494bc38d,3895067,284,25160909100,25160909500
concurrency_n10_20260613_002350_kafka_feed8_rep1,kafka,sb-events-n10-feed8-rep1,e1c51bfa-af34-42e9-9204-05fbadc7713b,3895067,284,25173309400,25173309800
concurrency_n10_20260613_002350_kafka_feed8_rep1,kafka,sb-events-n10-feed8-rep1,3cf8259d-cc18-447f-a465-d72dc70c4da2,3895113,284,25173351200,25173351500
concurrency_n10_20260613_002350_kafka_feed8_rep1,kafka,sb-events-n10-feed8-rep1,53051d4a-9f6c-484d-8b94-e11b91a1776b,3895052,284,25181559000,25181559800
concurrency_n10_20260613_002350_kafka_feed8_rep1,kafka,sb-events-n10-feed8-rep1,d0e24332-4557-4964-a5c1-deeac13c4cbe,3895052,284,25190956600,25190956900
concurrency_n10_20260613_002350_kafka_feed8_rep1,kafka,sb-events-n10-feed8-rep1,568df90e-0d23-44bf-8c96-729a611c51c4,3895107,284,25191012600,25191012900
concurrency_n10_20260613_002350_kafka_feed8_rep1,kafka,sb-events-n10-feed8-rep1,e0b1d442-0d16-4a88-9444-333968dc8cea,3895107,284,25199516900,25199517600
concurrency_n10_20260613_002350_kafka_feed8_rep1,kafka,sb-events-n10-feed8-rep1,b6be47be-1e4f-45ae-8cd1-cdd58669ebe7,3895121,285,25213428900,25213429300
concurrency_n10_20260613_002350_kafka_feed8_rep1,kafka,sb-events-n10-feed8-rep1,016e5e03-8ae5-443c-8aa6-10076b5ed010,3895121,285,25213473900,25213474100
concurrency_n10_20260613_002350_kafka_feed8_rep1,kafka,sb-events-n10-feed8-rep1,d93ea45f-d401-4624-9c71-e74e636938ed,3895052,285,25218850000,25218850300
concurrency_n10_20260613_002350_kafka_feed8_rep1,kafka,sb-events-n10-feed8-rep1,3f9279c0-50e8-46e7-985d-3085893e0dd2,3895060,286,25218951100,25218951300
concurrency_n10_20260613_002350_kafka_feed8_rep1,kafka,sb-events-n10-feed8-rep1,dceab60f-ca34-4ec5-a4cf-4425124f24fe,3895060,286,25224877600,25224878100
concurrency_n10_20260613_002350_kafka_feed8_rep1,kafka,sb-events-n10-feed8-rep1,b9ea5a4c-9efb-498e-b63f-87006c8d0afe,3895060,286,25233110800,25233111600
concurrency_n10_20260613_002350_kafka_feed8_rep1,kafka,sb-events-n10-feed8-rep1,9d0d68a1-257a-4c76-91c7-393de106a90d,3895074,286,25237476500,25237476800
concurrency_n10_20260613_002350_kafka_feed8_rep1,kafka,sb-events-n10-feed8-rep1,ccece201-2ec8-4dc7-9ef2-19e1b53d4854,3895074,286,25244771700,25244772000
concurrency_n10_20260613_002350_kafka_feed8_rep1,kafka,sb-events-n10-feed8-rep1,7c912e6e-a49b-415b-9144-a410923bdea1,3895067,286,25244816500,25244816700
concurrency_n10_20260613_002350_kafka_feed8_rep1,kafka,sb-events-n10-feed8-rep1,c491e4ae-72ac-4df5-a9f7-e605733e9c90,3895060,287,25253936400,25253937300
concurrency_n10_20260613_002350_kafka_feed8_rep1,kafka,sb-events-n10-feed8-rep1,0472c1db-c54a-4459-b1aa-3092003b314d,3895060,287,25254192900,25254193300
concurrency_n10_20260613_002350_kafka_feed8_rep1,kafka,sb-events-n10-feed8-rep1,2210e28b-c847-4bd8-8a4e-28153c51246f,3895121,287,25263015900,25263016400
concurrency_n10_20260613_002350_kafka_feed8_rep1,kafka,sb-events-n10-feed8-rep1,4f24880f-c5f9-44fc-8b94-2fd3585ae7aa,3895074,287,25263062600,25263063000
concurrency_n10_20260613_002350_kafka_feed8_rep1,kafka,sb-events-n10-feed8-rep1,532f4b4e-4d00-441e-a152-7cef4ac7661f,3895074,287,25270236400,25270236800
concurrency_n10_20260613_002350_kafka_feed8_rep1,kafka,sb-events-n10-feed8-rep1,3dee3e7a-bb98-48d5-b17d-f2453d85da21,3895052,287,25281363500,25281363900
concurrency_n10_20260613_002350_kafka_feed8_rep1,kafka,sb-events-n10-feed8-rep1,436f8b9d-e733-48dd-95af-6c666d943323,3895052,287,25281410400,25281410600
concurrency_n10_20260613_002350_kafka_feed8_rep1,kafka,sb-events-n10-feed8-rep1,37e539f8-e57d-400e-a028-1b737a77d139,3895052,287,25281435600,25281435800
concurrency_n10_20260613_002350_kafka_feed8_rep1,kafka,sb-events-n10-feed8-rep1,2af57b69-0d8c-4f5a-abda-b91069e7ba3c,3895121,288,25295975000,25295975400
concurrency_n10_20260613_002350_kafka_feed8_rep1,kafka,sb-events-n10-feed8-rep1,2883749a-85e0-4460-9c58-23a96957cd78,3895121,288,25296029100,25296029300
concurrency_n10_20260613_002350_kafka_feed8_rep1,kafka,sb-events-n10-feed8-rep1,5e05380b-6d8d-4bc9-b533-d416873c7628,3895067,288,25304654400,25304655000
concurrency_n10_20260613_002350_kafka_feed8_rep1,kafka,sb-events-n10-feed8-rep1,074468e7-3de4-4ccd-97aa-08a191a38d7c,3895074,288,25304731400,25304731600
concurrency_n10_20260613_002350_kafka_feed8_rep1,kafka,sb-events-n10-feed8-rep1,5bb93865-ae8c-4c29-a356-0cac3669e69f,3895067,288,25313455200,25313455600
concurrency_n10_20260613_002350_kafka_feed8_rep1,kafka,sb-events-n10-feed8-rep1,30ad9869-ce4f-4108-ad24-a561d3ad2bac,3895067,288,25313493000,25313493200
concurrency_n10_20260613_002350_kafka_feed8_rep1,kafka,sb-events-n10-feed8-rep1,78641a7b-ee1e-4f5b-9bc6-9920fa278f65,3895113,288,25324489000,25324489500
concurrency_n10_20260613_002350_kafka_feed8_rep1,kafka,sb-events-n10-feed8-rep1,fcce792b-4e1d-49f6-a796-010f392c1c5e,3895113,288,25324782300,25324782700
concurrency_n10_20260613_002350_kafka_feed8_rep1,kafka,sb-events-n10-feed8-rep1,97030666-e6be-4b0d-9985-c0ac4f819aa6,3895113,288,25324875900,25324876300
concurrency_n10_20260613_002350_kafka_feed8_rep1,kafka,sb-events-n10-feed8-rep1,222733d1-fdb8-480b-9174-93e35fa3d92f,3895052,288,25332890400,25332890800
concurrency_n10_20260613_002350_kafka_feed8_rep1,kafka,sb-events-n10-feed8-rep1,c350d38a-9b8c-416a-8181-4da8385d50eb,3895052,288,25332932100,25332932300
concurrency_n10_20260613_002350_kafka_feed8_rep1,kafka,sb-events-n10-feed8-rep1,855459c3-9793-49f9-b7cc-33b4ef505e76,3895074,289,25340825000,25340825400
concurrency_n10_20260613_002350_kafka_feed8_rep1,kafka,sb-events-n10-feed8-rep1,c619a0ab-94f8-4132-bc6f-b69bbe7c6258,3895074,289,25340864100,25340864300
concurrency_n10_20260613_002350_kafka_feed8_rep1,kafka,sb-events-n10-feed8-rep1,0deb3949-e376-4bb3-bf42-292241af1fc3,3895067,289,25349853600,25349854300
concurrency_n10_20260613_002350_kafka_feed8_rep1,kafka,sb-events-n10-feed8-rep1,b1819484-a737-4005-a078-fbc16d00a218,3895067,289,25367633800,25367634400
concurrency_n10_20260613_002350_kafka_feed8_rep1,kafka,sb-events-n10-feed8-rep1,14b99c89-208b-4afc-9b06-de307f4fa529,3895067,289,25367699300,25367699800
concurrency_n10_20260613_002350_kafka_feed8_rep1,kafka,sb-events-n10-feed8-rep1,82d694c7-ace4-40f4-9782-79438b8bf697,3895113,289,25367738900,25367739200
concurrency_n10_20260613_002350_kafka_feed8_rep1,kafka,sb-events-n10-feed8-rep1,e13bb720-cac7-4b4e-9043-8ff568dc9ea4,3895067,289,25367774300,25367774600
concurrency_n10_20260613_002350_kafka_feed8_rep1,kafka,sb-events-n10-feed8-rep1,62294c7e-65a0-454c-883c-b34b8504902b,3895060,290,25375397800,25375398300
concurrency_n10_20260613_002350_kafka_feed8_rep1,kafka,sb-events-n10-feed8-rep1,031a37dd-5216-44d4-8dd8-42b700368108,3895060,290,25375458200,25375458500
concurrency_n10_20260613_002350_kafka_feed8_rep1,kafka,sb-events-n10-feed8-rep1,8d94172c-d061-4ef2-a3c2-7177b47b99bc,3895060,290,25385313700,25385314200
concurrency_n10_20260613_002350_kafka_feed8_rep1,kafka,sb-events-n10-feed8-rep1,668cd208-f691-4bba-9f3c-0a14df0c9b0c,3895060,290,25385366300,25385366600
concurrency_n10_20260613_002350_kafka_feed8_rep1,kafka,sb-events-n10-feed8-rep1,36fc975f-e79c-470b-8e57-cd853ad49237,3895060,290,25393995000,25393995400
concurrency_n10_20260613_002350_kafka_feed8_rep1,kafka,sb-events-n10-feed8-rep1,e6bbb505-91c2-4c10-9b72-8924f0839f52,3895060,290,25394037200,25394037400
concurrency_n10_20260613_002350_kafka_feed8_rep1,kafka,sb-events-n10-feed8-rep1,1ac55428-9906-43e8-8174-3bda7a9fe6b1,3895060,290,25394126000,25394126200
concurrency_n10_20260613_002350_kafka_feed8_rep1,kafka,sb-events-n10-feed8-rep1,7a5563b0-2c03-4bc5-8402-b111508a5ee8,3895067,290,25401839400,25401839900
concurrency_n10_20260613_002350_kafka_feed8_rep1,kafka,sb-events-n10-feed8-rep1,ead8a0b1-660f-4b45-874d-ead74ba1bb2b,3895052,290,25401880300,25401880500
concurrency_n10_20260613_002350_kafka_feed8_rep1,kafka,sb-events-n10-feed8-rep1,ff64ee0b-91ec-4b8b-9633-9aeb1991bf79,3895060,291,25401905600,25401905900
concurrency_n10_20260613_002350_kafka_feed8_rep1,kafka,sb-events-n10-feed8-rep1,39540963-f69a-404f-ae7d-01584d355d07,3895060,291,25408419600,25408419900
concurrency_n10_20260613_002350_kafka_feed8_rep1,kafka,sb-events-n10-feed8-rep1,2b946c2d-338e-465e-bdd9-a05718d6d00f,3895067,291,25414600800,25414601100
concurrency_n10_20260613_002350_kafka_feed8_rep1,kafka,sb-events-n10-feed8-rep1,c5070639-4fab-4769-80a0-bae3f5d81ba1,3895060,291,25414643800,25414644000
concurrency_n10_20260613_002350_kafka_feed8_rep1,kafka,sb-events-n10-feed8-rep1,f9637bde-65d5-4f7f-8fd0-8db01ac15608,3895067,291,25422756900,25422757300
concurrency_n10_20260613_002350_kafka_feed8_rep1,kafka,sb-events-n10-feed8-rep1,a799e186-36fe-4c38-b13a-9a5ee115a7bd,3895113,291,25427260700,25427261200
concurrency_n10_20260613_002350_kafka_feed8_rep1,kafka,sb-events-n10-feed8-rep1,8f4296e3-f01f-4788-aadd-fb2a55cac976,3895113,291,25437425400,25437425900
concurrency_n10_20260613_002350_kafka_feed8_rep1,kafka,sb-events-n10-feed8-rep1,373ac539-8011-4af6-bd85-41faa59db919,3895060,292,25446580300,25446580700
concurrency_n10_20260613_002350_kafka_feed8_rep1,kafka,sb-events-n10-feed8-rep1,20baa747-3493-4b7a-8a4a-eb66bb12360f,3895060,292,25446630000,25446630400
concurrency_n10_20260613_002350_kafka_feed8_rep1,kafka,sb-events-n10-feed8-rep1,923c3edc-3b42-4e65-a104-9938fea3f27b,3895121,292,25451310000,25451310500
concurrency_n10_20260613_002350_kafka_feed8_rep1,kafka,sb-events-n10-feed8-rep1,e863797e-ee51-4760-bd0c-d7fc8e239489,3895074,292,25459041600,25459042200
concurrency_n10_20260613_002350_kafka_feed8_rep1,kafka,sb-events-n10-feed8-rep1,f45e9e2d-7246-4c70-a5ee-da73a09d6003,3895067,292,25459083000,25459083200
concurrency_n10_20260613_002350_kafka_feed8_rep1,kafka,sb-events-n10-feed8-rep1,1ce34b94-abf5-4f2e-9b44-3e00cc340a28,3895052,292,25466967400,25466968000
concurrency_n10_20260613_002350_kafka_feed8_rep1,kafka,sb-events-n10-feed8-rep1,13188bbf-d36c-48e5-9b3e-47562b47ee30,3895052,292,25474029400,25474029900
concurrency_n10_20260613_002350_kafka_feed8_rep1,kafka,sb-events-n10-feed8-rep1,3a8d3305-f836-456d-9769-c9bd5457e10c,3895060,293,25474070700,25474071000
concurrency_n10_20260613_002350_kafka_feed8_rep1,kafka,sb-events-n10-feed8-rep1,0986d2ef-edb7-4b75-8010-836d6fceef2b,3895121,293,25481915600,25481916200
concurrency_n10_20260613_002350_kafka_feed8_rep1,kafka,sb-events-n10-feed8-rep1,f4bc9db2-bc67-451c-85c4-1482da8a97b3,3895067,293,25481957900,25481958100
concurrency_n10_20260613_002350_kafka_feed8_rep1,kafka,sb-events-n10-feed8-rep1,67ed9ebe-0206-4bb7-b0c5-e741aba9899a,3895067,293,25489055800,25489056100
concurrency_n10_20260613_002350_kafka_feed8_rep1,kafka,sb-events-n10-feed8-rep1,1aae39c4-96e4-48e0-9c29-231834224a3f,3895095,294,25496803600,25496804000
concurrency_n10_20260613_002350_kafka_feed8_rep1,kafka,sb-events-n10-feed8-rep1,cb19df7e-ca27-4be0-b413-19669292f459,3895121,294,25496846600,25496846800
concurrency_n10_20260613_002350_kafka_feed8_rep1,kafka,sb-events-n10-feed8-rep1,0d57616a-2f85-478d-8de1-ea0b8b67b105,3895121,294,25496872700,25496873000
concurrency_n10_20260613_002350_kafka_feed8_rep1,kafka,sb-events-n10-feed8-rep1,4971ad38-8e39-4aa9-9821-6ee3099297b8,3895121,294,25502336800,25502337200
concurrency_n10_20260613_002350_kafka_feed8_rep1,kafka,sb-events-n10-feed8-rep1,07f2ae82-090e-472c-b2e1-a2d650cab5b3,3895074,294,25509246500,25509247000
concurrency_n10_20260613_002350_kafka_feed8_rep1,kafka,sb-events-n10-feed8-rep1,c7b89f32-85b9-4313-988d-29c1bd5e9457,3895074,294,25518199600,25518200100
concurrency_n10_20260613_002350_kafka_feed8_rep1,kafka,sb-events-n10-feed8-rep1,2cb73fd8-9c3f-471d-80d9-ead557fb7487,3895121,295,25518241000,25518241200
concurrency_n10_20260613_002350_kafka_feed8_rep1,kafka,sb-events-n10-feed8-rep1,6c252943-c328-4a1c-93f1-b362b2f70c00,3895052,295,25529282800,25529283600
concurrency_n10_20260613_002350_kafka_feed8_rep1,kafka,sb-events-n10-feed8-rep1,05dea85d-8834-45d4-b28d-20542902d49c,3895074,295,25529372200,25529372600
concurrency_n10_20260613_002350_kafka_feed8_rep1,kafka,sb-events-n10-feed8-rep1,6a6800b7-ef80-4060-9fbc-c74e853d039c,3895095,296,25535432900,25535433300
concurrency_n10_20260613_002350_kafka_feed8_rep1,kafka,sb-events-n10-feed8-rep1,ae5ecdf4-846f-4b41-a02d-6132a5440563,3895095,296,25535474700,25535475000
concurrency_n10_20260613_002350_kafka_feed8_rep1,kafka,sb-events-n10-feed8-rep1,5e632e41-4df9-4c0c-b570-a5134bd09a32,3895060,296,25539011400,25539011600
concurrency_n10_20260613_002350_kafka_feed8_rep1,kafka,sb-events-n10-feed8-rep1,bde8cd33-f116-41c3-a89e-cc8af20f3fa8,3895074,296,25542960900,25542961400
concurrency_n10_20260613_002350_kafka_feed8_rep1,kafka,sb-events-n10-feed8-rep1,95c2714f-7d33-4004-b5c7-bafe998115e9,3895074,296,25546008100,25546008600
concurrency_n10_20260613_002350_kafka_feed8_rep1,kafka,sb-events-n10-feed8-rep1,2b5fcfd5-b13d-4730-8cee-7fd1d0eae227,3895052,296,25550512800,25550513200
concurrency_n10_20260613_002350_kafka_feed8_rep1,kafka,sb-events-n10-feed8-rep1,0f494371-1412-4a1d-9500-8b0ec603ef04,3895052,296,25556250000,25556250600
concurrency_n10_20260613_002350_kafka_feed8_rep1,kafka,sb-events-n10-feed8-rep1,4eface8a-4a6d-4583-a477-33e09413d486,3895060,297,25561384500,25561385000
concurrency_n10_20260613_002350_kafka_feed8_rep1,kafka,sb-events-n10-feed8-rep1,74aedab1-2ee4-4b47-b5a7-b52071217d25,3895060,297,25565215700,25565216000
concurrency_n10_20260613_002350_kafka_feed8_rep1,kafka,sb-events-n10-feed8-rep1,fb951a65-69c4-43f5-803e-77154362d4cd,3895060,297,25569345500,25569345900
concurrency_n10_20260613_002350_kafka_feed8_rep1,kafka,sb-events-n10-feed8-rep1,5d079eea-163c-44b1-b879-610f17e4913b,3895113,297,25580131900,25580132400
concurrency_n10_20260613_002350_kafka_feed8_rep1,kafka,sb-events-n10-feed8-rep1,82ae78e4-2353-4812-8531-bac4e5d45a62,3895067,297,25580170100,25580170300
concurrency_n10_20260613_002350_kafka_feed8_rep1,kafka,sb-events-n10-feed8-rep1,77d3e3a4-500d-472f-bb4c-9d2c4bdf1415,3895052,297,25585364500,25585365000
concurrency_n10_20260613_002350_kafka_feed8_rep1,kafka,sb-events-n10-feed8-rep1,8d451769-761b-4aa2-bd80-0b5222f042bb,3895095,298,25592058700,25592059100
concurrency_n10_20260613_002350_kafka_feed8_rep1,kafka,sb-events-n10-feed8-rep1,b9bcf81d-8f22-46e7-927b-f3204e669c97,3895095,298,25596609100,25596609400
concurrency_n10_20260613_002350_kafka_feed8_rep1,kafka,sb-events-n10-feed8-rep1,00eab1c4-f988-4434-a555-faa7f132b766,3895095,298,25596647600,25596647800
concurrency_n10_20260613_002350_kafka_feed8_rep1,kafka,sb-events-n10-feed8-rep1,718aa7b3-74c2-476e-899a-8dae176314e2,3895060,298,25604229100,25604229600
concurrency_n10_20260613_002350_kafka_feed8_rep1,kafka,sb-events-n10-feed8-rep1,99e1e1f0-ebd2-4a65-95db-1b4a1aa15064,3895074,298,25608481800,25608482600
concurrency_n10_20260613_002350_kafka_feed8_rep1,kafka,sb-events-n10-feed8-rep1,8c65fc02-c93d-4f7d-9284-ddc9356593cf,3895067,298,25613839000,25613839500
concurrency_n10_20260613_002350_kafka_feed8_rep1,kafka,sb-events-n10-feed8-rep1,6add2fd9-3279-4cb8-ab0a-6abb395360b3,3895067,298,25618411700,25618412100
concurrency_n10_20260613_002350_kafka_feed8_rep1,kafka,sb-events-n10-feed8-rep1,656fdc64-4df3-45a5-b9f9-521c9b9051a4,3895113,298,25623307300,25623308200
concurrency_n10_20260613_002350_kafka_feed8_rep1,kafka,sb-events-n10-feed8-rep1,dd5373c8-4da2-45f8-9ebb-81e2ef709ea7,3895067,298,25632975700,25632976200
concurrency_n10_20260613_002350_kafka_feed8_rep1,kafka,sb-events-n10-feed8-rep1,64489658-e252-4571-ab52-d1d2b22755dc,3895113,298,25638751600,25638752100
concurrency_n10_20260613_002350_kafka_feed8_rep1,kafka,sb-events-n10-feed8-rep1,da6e321b-2781-4b97-b334-1e563ecebe3f,3895052,298,25645267900,25645268400
concurrency_n10_20260613_002350_kafka_feed8_rep1,kafka,sb-events-n10-feed8-rep1,97862e41-8162-462d-966c-20907bac6716,3895052,298,25650260200,25650260600
concurrency_n10_20260613_002350_kafka_feed8_rep1,kafka,sb-events-n10-feed8-rep1,537b9f6d-9f19-45bd-b1d3-f95cd1ed9cab,3895095,299,25650302100,25650302300
concurrency_n10_20260613_002350_kafka_feed8_rep1,kafka,sb-events-n10-feed8-rep1,06be9e5c-74f2-4cc2-bd53-0e5e2264e1f3,3895121,299,25654246300,25654247000
concurrency_n10_20260613_002350_kafka_feed8_rep1,kafka,sb-events-n10-feed8-rep1,7094fbf3-95f1-41b6-8ccb-585622239dd0,3895074,299,25660489200,25660489900
concurrency_n10_20260613_002350_kafka_feed8_rep1,kafka,sb-events-n10-feed8-rep1,249c087a-57fd-4380-8163-b270ca216e68,3895074,299,25666799700,25666800000
concurrency_n10_20260613_002350_kafka_feed8_rep1,kafka,sb-events-n10-feed8-rep1,f430ac1c-53ee-4623-8a53-59e387e15d09,3895074,299,25666839400,25666839600
concurrency_n10_20260613_002350_kafka_feed8_rep1,kafka,sb-events-n10-feed8-rep1,efafb7cf-dca9-4911-b0be-52eb4fa6a7ff,3895067,299,25676431200,25676431800
concurrency_n10_20260613_002350_kafka_feed8_rep1,kafka,sb-events-n10-feed8-rep1,5819712d-1202-4261-b09a-3c5a035d31c4,3895113,299,25688234300,25688234900
concurrency_n10_20260613_002350_kafka_feed8_rep1,kafka,sb-events-n10-feed8-rep1,e8c6b47d-c8ce-4f5a-bce3-a4920939ebe7,3895113,299,25688282900,25688283200
concurrency_n10_20260613_002350_kafka_feed8_rep1,kafka,sb-events-n10-feed8-rep1,aa74e2d6-5821-4d22-815b-f180bd50d595,3895067,299,25688305600,25688305900
concurrency_n10_20260613_002350_kafka_feed8_rep1,kafka,sb-events-n10-feed8-rep1,2134c16a-89a6-4c8f-bcc3-95339ff6ee8c,3895052,299,25696988000,25696988600
concurrency_n10_20260613_002350_kafka_feed8_rep1,kafka,sb-events-n10-feed8-rep1,dc30c04b-62a8-4004-8fe6-24d22811d7b7,3895113,299,25697033900,25697034100
concurrency_n10_20260613_002350_kafka_feed8_rep1,kafka,sb-events-n10-feed8-rep1,7cd7ca7c-1a6f-4462-a3d7-807dee884e86,3895052,299,25701414600,25701415000
concurrency_n10_20260613_002350_kafka_feed8_rep1,kafka,sb-events-n10-feed8-rep1,a51e1b30-3f66-4cb6-aa08-611959cf6adc,3895060,300,25701465000,25701465400
concurrency_n10_20260613_002350_kafka_feed8_rep1,kafka,sb-events-n10-feed8-rep1,ceafaebf-d3ac-4908-a79a-f59d2e88ad4c,3895060,300,25709610100,25709610300
concurrency_n10_20260613_002350_kafka_feed8_rep1,kafka,sb-events-n10-feed8-rep1,fac41051-b41b-4225-96c2-c7bf36a1207f,3895067,300,25715303400,25715303800
concurrency_n10_20260613_002350_kafka_feed8_rep1,kafka,sb-events-n10-feed8-rep1,87409ec8-1ff0-4642-b767-d9a46f5ce73e,3895121,300,25715354500,25715354800
concurrency_n10_20260613_002350_kafka_feed8_rep1,kafka,sb-events-n10-feed8-rep1,b96f1f4a-8655-463f-ba71-5f18276acc6a,3895113,300,25721168000,25721168400
concurrency_n10_20260613_002350_kafka_feed8_rep1,kafka,sb-events-n10-feed8-rep1,afc49b5c-9965-4b69-8368-80f1cc87a50f,3895067,300,25721215800,25721216000
concurrency_n10_20260613_002350_kafka_feed8_rep1,kafka,sb-events-n10-feed8-rep1,8108d6ee-d747-46a2-877f-ce8d6bd7f451,3895113,300,25726236200,25726236600
concurrency_n10_20260613_002350_kafka_feed8_rep1,kafka,sb-events-n10-feed8-rep1,9558bdd0-94c9-4cb5-8a73-ffa3172737ec,3895113,300,25729984200,25729984600
concurrency_n10_20260613_002350_kafka_feed8_rep1,kafka,sb-events-n10-feed8-rep1,7de44808-f2d7-4e70-867e-3e80d4d3ac44,3895052,301,25737317100,25737317900
concurrency_n10_20260613_002350_kafka_feed8_rep1,kafka,sb-events-n10-feed8-rep1,eb4e9b3c-8691-4e5b-a98b-bbf020338c86,3895113,301,25737428600,25737429100
concurrency_n10_20260613_002350_kafka_feed8_rep1,kafka,sb-events-n10-feed8-rep1,3aa52e8d-cde4-41cf-a8df-9cec290542e0,3895086,301,25742410800,25742411200
concurrency_n10_20260613_002350_kafka_feed8_rep1,kafka,sb-events-n10-feed8-rep1,7dd1d933-8e69-45a8-92b1-d4769bca669d,3895095,302,25747718600,25747719100
concurrency_n10_20260613_002350_kafka_feed8_rep1,kafka,sb-events-n10-feed8-rep1,b8e73548-07dd-497a-9304-4808ae894b6e,3895095,302,25753859800,25753860300
concurrency_n10_20260613_002350_kafka_feed8_rep1,kafka,sb-events-n10-feed8-rep1,6d7577e3-98ad-4f4e-a818-a5fc53eb32f2,3895074,302,25761129100,25761129600
concurrency_n10_20260613_002350_kafka_feed8_rep1,kafka,sb-events-n10-feed8-rep1,c7283f15-0bb0-4647-ae69-794ab9cc5519,3895060,302,25761182700,25761183000
concurrency_n10_20260613_002350_kafka_feed8_rep1,kafka,sb-events-n10-feed8-rep1,0037af2f-1a36-4f81-a0cf-58e64700f6de,3895067,302,25767437300,25767437800
concurrency_n10_20260613_002350_kafka_feed8_rep1,kafka,sb-events-n10-feed8-rep1,df961d90-fc03-4f0b-8772-a1b9ef05ab58,3895113,302,25771430400,25771430900
concurrency_n10_20260613_002350_kafka_feed8_rep1,kafka,sb-events-n10-feed8-rep1,dfb18a12-cd4c-467a-98ac-b9d0c4ba74f7,3895113,302,25771470400,25771470600
concurrency_n10_20260613_002350_kafka_feed8_rep1,kafka,sb-events-n10-feed8-rep1,060e3a55-03f6-479f-b489-4c652141074f,3895113,302,25778143000,25778143400
concurrency_n10_20260613_002350_kafka_feed8_rep1,kafka,sb-events-n10-feed8-rep1,83eea9c1-06df-47e7-8331-e4ea00bcd5b7,3895052,302,25786246700,25786247100
concurrency_n10_20260613_002350_kafka_feed8_rep1,kafka,sb-events-n10-feed8-rep1,cabe7a89-5bbb-4aff-b7e9-04be4291461c,3895052,302,25786287600,25786287800
concurrency_n10_20260613_002350_kafka_feed8_rep1,kafka,sb-events-n10-feed8-rep1,f9d09c0a-2818-4faf-ba9d-4b0bec1414bc,3895052,302,25797815600,25797816300
concurrency_n10_20260613_002350_kafka_feed8_rep1,kafka,sb-events-n10-feed8-rep1,575fd3db-8c8d-4fa2-8f8d-89fd4c0c857c,3895060,303,25797857900,25797858100
concurrency_n10_20260613_002350_kafka_feed8_rep1,kafka,sb-events-n10-feed8-rep1,db033c3c-c5f2-4c87-b560-27eb9759a6a2,3895052,302,25797880200,25797880400
concurrency_n10_20260613_002350_kafka_feed8_rep1,kafka,sb-events-n10-feed8-rep1,8019e093-194a-45f9-b023-b71b55ca31af,3895060,303,25804927300,25804927600
concurrency_n10_20260613_002350_kafka_feed8_rep1,kafka,sb-events-n10-feed8-rep1,db1df0d6-2710-4cd6-9680-3be33c6da982,3895067,303,25804967500,25804967700
concurrency_n10_20260613_002350_kafka_feed8_rep1,kafka,sb-events-n10-feed8-rep1,b16ae0ab-32ca-4054-a821-7ee170618cca,3895067,303,25809868500,25809868900
concurrency_n10_20260613_002350_kafka_feed8_rep1,kafka,sb-events-n10-feed8-rep1,a0c8ca9b-ff31-4ce7-ba5f-69ec864bbcfb,3895067,303,25819892900,25819893300
concurrency_n10_20260613_002350_kafka_feed8_rep1,kafka,sb-events-n10-feed8-rep1,102d700f-edb6-4450-9564-f9357198e84f,3895086,303,25819935000,25819935200
concurrency_n10_20260613_002350_kafka_feed8_rep1,kafka,sb-events-n10-feed8-rep1,b2040ece-5bfc-40ba-9dc3-280d14f09e05,3895086,303,25826375500,25826375800
concurrency_n10_20260613_002350_kafka_feed8_rep1,kafka,sb-events-n10-feed8-rep1,718fce06-ce88-4acb-bb98-58dc617a96c8,3895086,303,25826416700,25826416900
concurrency_n10_20260613_002350_kafka_feed8_rep1,kafka,sb-events-n10-feed8-rep1,915b16b5-48ce-4314-8502-7f45b4386917,3895060,304,25834675200,25834675700
concurrency_n10_20260613_002350_kafka_feed8_rep1,kafka,sb-events-n10-feed8-rep1,3c7d1ab8-3ffc-461e-ad62-0aa4126f896b,3895074,304,25841367600,25841368100
concurrency_n10_20260613_002350_kafka_feed8_rep1,kafka,sb-events-n10-feed8-rep1,b2d9f8ab-85c0-41b1-8326-ff74fc3e165b,3895074,304,25841413300,25841413600
concurrency_n10_20260613_002350_kafka_feed8_rep1,kafka,sb-events-n10-feed8-rep1,386e6305-4872-4f18-b622-d4339d7905c4,3895134,304,25846331700,25846332100
concurrency_n10_20260613_002350_kafka_feed8_rep1,kafka,sb-events-n10-feed8-rep1,36ec1e91-9ed7-4dbb-9543-9454e8745816,3895134,304,25846370400,25846370700
concurrency_n10_20260613_002350_kafka_feed8_rep1,kafka,sb-events-n10-feed8-rep1,4420a63c-a82e-4492-9a2e-153f57eb246b,3895067,304,25853806000,25853806700
concurrency_n10_20260613_002350_kafka_feed8_rep1,kafka,sb-events-n10-feed8-rep1,cd0849a2-1147-4614-a938-c73111f1e2eb,3895067,304,25853849800,25853850100
concurrency_n10_20260613_002350_kafka_feed8_rep1,kafka,sb-events-n10-feed8-rep1,0c35dc03-4034-4ca2-943b-4d2eb061e176,3895113,304,25861400600,25861401000
concurrency_n10_20260613_002350_kafka_feed8_rep1,kafka,sb-events-n10-feed8-rep1,e4264198-f510-4662-9058-7ab621a69ec3,3895113,304,25861440300,25861440500
concurrency_n10_20260613_002350_kafka_feed8_rep1,kafka,sb-events-n10-feed8-rep1,9b5cf4b2-0c74-43f0-b877-34990738da3e,3895052,304,25871170000,25871171300
concurrency_n10_20260613_002350_kafka_feed8_rep1,kafka,sb-events-n10-feed8-rep1,78d1e41b-f432-43f2-ae5d-7b0ddab9036f,3895086,304,25877947700,25877948100
concurrency_n10_20260613_002350_kafka_feed8_rep1,kafka,sb-events-n10-feed8-rep1,bb89db40-cc3f-4041-bb40-f2dd98ec5ef4,3895086,304,25877990200,25877990500
concurrency_n10_20260613_002350_kafka_feed8_rep1,kafka,sb-events-n10-feed8-rep1,0155141d-8b85-42dd-a480-4565866fc2e7,3895086,304,25885786300,25885786800
concurrency_n10_20260613_002350_kafka_feed8_rep1,kafka,sb-events-n10-feed8-rep1,b494532b-97ac-40df-a52c-53124e07e5d8,3895086,304,25892645900,25892646200
concurrency_n10_20260613_002350_kafka_feed8_rep1,kafka,sb-events-n10-feed8-rep1,7395219c-f7a8-4a4d-a6c7-06691e49f44d,3895074,305,25892685300,25892685600
concurrency_n10_20260613_002350_kafka_feed8_rep1,kafka,sb-events-n10-feed8-rep1,19d7984e-5557-4c9e-8e8d-82a79562a873,3895074,305,25900873800,25900874200
concurrency_n10_20260613_002350_kafka_feed8_rep1,kafka,sb-events-n10-feed8-rep1,51e28d97-f246-4253-9def-429310671f5f,3895134,305,25900919500,25900919700
concurrency_n10_20260613_002350_kafka_feed8_rep1,kafka,sb-events-n10-feed8-rep1,1c188c3d-1e4c-4e07-9789-5f0b097ad893,3895134,305,25905899800,25905900100
concurrency_n10_20260613_002350_kafka_feed8_rep1,kafka,sb-events-n10-feed8-rep1,d5f0e59a-1f5d-4984-af27-e8b16ead1847,3895134,305,25910345000,25910345400
concurrency_n10_20260613_002350_kafka_feed8_rep1,kafka,sb-events-n10-feed8-rep1,8ad96758-6bc9-4271-8b8a-683024fe4fde,3895113,305,25916705100,25916705600
concurrency_n10_20260613_002350_kafka_feed8_rep1,kafka,sb-events-n10-feed8-rep1,a2f6a8b6-bfd0-4f00-b481-c4a141869ef7,3895086,305,25926247200,25926247600
concurrency_n10_20260613_002350_kafka_feed8_rep1,kafka,sb-events-n10-feed8-rep1,14753394-c9b4-43da-b362-aa324a935c2c,3895060,306,25926291100,25926291400
concurrency_n10_20260613_002350_kafka_feed8_rep1,kafka,sb-events-n10-feed8-rep1,0cea65f8-6851-4a87-b894-ed4b6cc9f3a7,3895060,306,25930335500,25930335800
concurrency_n10_20260613_002350_kafka_feed8_rep1,kafka,sb-events-n10-feed8-rep1,6cbaa479-a9b0-4023-9cd4-8e833f4c37f8,3895134,306,25930443500,25930443700
concurrency_n10_20260613_002350_kafka_feed8_rep1,kafka,sb-events-n10-feed8-rep1,fed1fed7-f300-4f72-8bf9-84b8c04b534c,3895134,306,25942410900,25942411400
concurrency_n10_20260613_002350_kafka_feed8_rep1,kafka,sb-events-n10-feed8-rep1,23fc05dc-8610-4cea-b081-8c677ec5eb8e,3895067,306,25946405400,25946406000
concurrency_n10_20260613_002350_kafka_feed8_rep1,kafka,sb-events-n10-feed8-rep1,7d705d8e-510f-4254-99aa-b8ae3983f183,3895113,306,25954002900,25954003300
concurrency_n10_20260613_002350_kafka_feed8_rep1,kafka,sb-events-n10-feed8-rep1,f1467b99-9da9-46d2-ac75-690a3e4e6022,3895113,306,25963963500,25963963900
concurrency_n10_20260613_002350_kafka_feed8_rep1,kafka,sb-events-n10-feed8-rep1,5f9c2b45-e34b-4485-9f9c-c04f7a6a8141,3895113,306,25964004100,25964004300
concurrency_n10_20260613_002350_kafka_feed8_rep1,kafka,sb-events-n10-feed8-rep1,a79fae77-027f-4626-bd9a-43a8da911cc9,3895113,306,25969830200,25969830700
concurrency_n10_20260613_002350_kafka_feed8_rep1,kafka,sb-events-n10-feed8-rep1,b9d922e7-926b-4ab4-883f-14bef294f95a,3895095,307,25969872500,25969872700
concurrency_n10_20260613_002350_kafka_feed8_rep1,kafka,sb-events-n10-feed8-rep1,9782329a-4987-4ed6-b83e-789650c72f3f,3895060,307,25979276400,25979277000
concurrency_n10_20260613_002350_kafka_feed8_rep1,kafka,sb-events-n10-feed8-rep1,140e2782-5931-4f7f-b4b3-d8992cc0894d,3895113,307,25983824500,25983825300
concurrency_n10_20260613_002350_kafka_feed8_rep1,kafka,sb-events-n10-feed8-rep1,84201b0f-e559-4c49-8c72-b2ca95dd03b4,3895113,307,25983868100,25983868300
concurrency_n10_20260613_002350_kafka_feed8_rep1,kafka,sb-events-n10-feed8-rep1,4367de93-46a3-4051-9a03-c6091645b426,3895113,307,25990178200,25990178800
concurrency_n10_20260613_002350_kafka_feed8_rep1,kafka,sb-events-n10-feed8-rep1,a12bf24f-3f94-4b6b-a4c9-0ab1022463d6,3895113,307,25995168400,25995168900
concurrency_n10_20260613_002350_kafka_feed8_rep1,kafka,sb-events-n10-feed8-rep1,d818ea1b-fc04-4c3f-999d-3c923a1b9eb4,3895067,308,26002795700,26002796200
concurrency_n10_20260613_002350_kafka_feed8_rep1,kafka,sb-events-n10-feed8-rep1,7a623911-e8bb-4240-91a7-ea53efb3bf67,3895113,307,26002836600,26002836800
concurrency_n10_20260613_002350_kafka_feed8_rep1,kafka,sb-events-n10-feed8-rep1,66556ab9-c3cd-4075-8cff-e99be86fc596,3895067,308,26011309000,26011309400
concurrency_n10_20260613_002350_kafka_feed8_rep1,kafka,sb-events-n10-feed8-rep1,dabb4a55-9daf-4581-984f-65c72af87c2f,3895113,308,26011380700,26011381100
concurrency_n10_20260613_002350_kafka_feed8_rep1,kafka,sb-events-n10-feed8-rep1,3e4b67ce-6155-4cce-aa94-52d3c3d9b226,3895113,308,26021749300,26021749700
concurrency_n10_20260613_002350_kafka_feed8_rep1,kafka,sb-events-n10-feed8-rep1,f2fc96e0-e656-4e93-b2a6-371b149cc18b,3895113,308,26026717100,26026717700
concurrency_n10_20260613_002350_kafka_feed8_rep1,kafka,sb-events-n10-feed8-rep1,b6d05a20-dc65-405d-93d6-c19f605a50fd,3895113,308,26026759700,26026760000
concurrency_n10_20260613_002350_kafka_feed8_rep1,kafka,sb-events-n10-feed8-rep1,6c732d25-06af-445d-979a-8de486f470de,3895113,308,26038054600,26038055200
concurrency_n10_20260613_002350_kafka_feed8_rep1,kafka,sb-events-n10-feed8-rep1,5547e81f-56b4-4b07-bddd-4e88812cbfb7,3895113,308,26038169700,26038170100
concurrency_n10_20260613_002350_kafka_feed8_rep1,kafka,sb-events-n10-feed8-rep1,680f1e2b-51f4-4060-885f-44b943dcf8df,3895086,308,26049419000,26049419700
concurrency_n10_20260613_002350_kafka_feed8_rep1,kafka,sb-events-n10-feed8-rep1,532f5421-1002-4ba7-818c-1737d037ad0f,3895074,309,26049464200,26049464500
concurrency_n10_20260613_002350_kafka_feed8_rep1,kafka,sb-events-n10-feed8-rep1,09b34f3f-1ad0-456f-9d0e-130693641fbd,3895134,309,26056037500,26056038000
concurrency_n10_20260613_002350_kafka_feed8_rep1,kafka,sb-events-n10-feed8-rep1,45d8d54a-c51c-447f-8c28-03e9807e66f9,3895134,309,26057143800,26057144100
concurrency_n10_20260613_002350_kafka_feed8_rep1,kafka,sb-events-n10-feed8-rep1,609bcb20-0647-439e-bf53-2c740528fc88,3895074,310,26063177300,26063177700
concurrency_n10_20260613_002350_kafka_feed8_rep1,kafka,sb-events-n10-feed8-rep1,a1d192bf-a397-4555-b139-8bf87b76ff89,3895074,310,26074645200,26074645900
concurrency_n10_20260613_002350_kafka_feed8_rep1,kafka,sb-events-n10-feed8-rep1,e0293eec-a320-42e6-bf9c-776ea3503c80,3895113,310,26079821400,26079821600
concurrency_n10_20260613_002350_kafka_feed8_rep1,kafka,sb-events-n10-feed8-rep1,747f518f-8d91-4775-847e-ea3d859a2d6c,3895067,310,26079864300,26079864500
concurrency_n10_20260613_002350_kafka_feed8_rep1,kafka,sb-events-n10-feed8-rep1,db738598-8c4f-44a6-8d07-5dba07dd8beb,3895113,310,26089024300,26089025000
concurrency_n10_20260613_002350_kafka_feed8_rep1,kafka,sb-events-n10-feed8-rep1,e977c99a-d4e4-4812-8753-825831ea0a3c,3895086,310,26098157200,26098157900
concurrency_n10_20260613_002350_kafka_feed8_rep1,kafka,sb-events-n10-feed8-rep1,513a4b6e-de63-4ac2-af0d-169a0db57dee,3895086,310,26098218300,26098218500
concurrency_n10_20260613_002350_kafka_feed8_rep1,kafka,sb-events-n10-feed8-rep1,39f82a98-f156-451b-8a78-d38df708fe7d,3895086,310,26098248800,26098249000
concurrency_n10_20260613_002350_kafka_feed8_rep1,kafka,sb-events-n10-feed8-rep1,9564460e-4591-4403-ba64-eef8909d478b,3895074,311,26110313000,26110313300
concurrency_n10_20260613_002350_kafka_feed8_rep1,kafka,sb-events-n10-feed8-rep1,e4592b39-096a-471d-ac41-d41533b199e0,3895074,311,26123636000,26123636400
concurrency_n10_20260613_002350_kafka_feed8_rep1,kafka,sb-events-n10-feed8-rep1,6d8b0a03-77b2-4c9e-b013-220e2b370560,3895134,311,26123676200,26123676400
concurrency_n10_20260613_002350_kafka_feed8_rep1,kafka,sb-events-n10-feed8-rep1,45e0b58b-2260-4018-820d-cff887cddebc,3895134,311,26131877500,26131877900
concurrency_n10_20260613_002350_kafka_feed8_rep1,kafka,sb-events-n10-feed8-rep1,adb989ce-7a4a-47dc-8dcd-7283780030ac,3895134,311,26131929200,26131929600
concurrency_n10_20260613_002350_kafka_feed8_rep1,kafka,sb-events-n10-feed8-rep1,073aa6a8-86a6-4d30-8eec-ce1c6dc16a83,3895086,311,26140567400,26140568200
concurrency_n10_20260613_002350_kafka_feed8_rep1,kafka,sb-events-n10-feed8-rep1,3acafed4-ed80-481d-adb1-6d8bcabdb08d,3895052,312,26148546700,26148547000
concurrency_n10_20260613_002350_kafka_feed8_rep1,kafka,sb-events-n10-feed8-rep1,a150ed53-71c7-4630-87d7-d4259178dc89,3895086,311,26148589500,26148589800
concurrency_n10_20260613_002350_kafka_feed8_rep1,kafka,sb-events-n10-feed8-rep1,11f8cda4-8e26-4350-99f8-210e244442e2,3895060,313,26158662000,26158662400
concurrency_n10_20260613_002350_kafka_feed8_rep1,kafka,sb-events-n10-feed8-rep1,d0b08268-9caf-485b-b0bb-7b02cfaf47ac,3895134,313,26169870900,26169871600
concurrency_n10_20260613_002350_kafka_feed8_rep1,kafka,sb-events-n10-feed8-rep1,73e93481-ff4c-4edb-8ef5-9ee2a3b5f35b,3895074,313,26169931600,26169931900
concurrency_n10_20260613_002350_kafka_feed8_rep1,kafka,sb-events-n10-feed8-rep1,6378a2d7-fa17-456f-92cc-7de2179432cb,3895134,313,26169958700,26169958900
concurrency_n10_20260613_002350_kafka_feed8_rep1,kafka,sb-events-n10-feed8-rep1,84123f89-e20a-454c-ab6e-d5a6e63880af,3895086,313,26180912600,26180912900
concurrency_n10_20260613_002350_kafka_feed8_rep1,kafka,sb-events-n10-feed8-rep1,3b2b6418-b75c-44fa-8975-8fb60e3c7b7c,3895086,313,26180950600,26180950800
concurrency_n10_20260613_002350_kafka_feed8_rep1,kafka,sb-events-n10-feed8-rep1,0b6cf8b2-8c0f-479b-9e85-5662f9cf2f79,3895060,314,26188333400,26188333800
concurrency_n10_20260613_002350_kafka_feed8_rep1,kafka,sb-events-n10-feed8-rep1,b676a690-300d-462b-b0a0-44689f3e7271,3895060,314,26188378600,26188378800
concurrency_n10_20260613_002350_kafka_feed8_rep1,kafka,sb-events-n10-feed8-rep1,3c2cbdfb-eca8-4567-bea4-efa56a11ff0c,3895060,314,26196028600,26196029100
concurrency_n10_20260613_002350_kafka_feed8_rep1,kafka,sb-events-n10-feed8-rep1,605b7d6d-f015-4950-9733-14ba5fd4e42a,3895060,314,26196138600,26196139000
concurrency_n10_20260613_002350_kafka_feed8_rep1,kafka,sb-events-n10-feed8-rep1,2f0fbbcc-2fda-4daa-806a-056a5187ebba,3895060,314,26201203500,26201203900
concurrency_n10_20260613_002350_kafka_feed8_rep1,kafka,sb-events-n10-feed8-rep1,9b1e8c53-a1de-4f2c-99e6-0b9aaaa1c745,3895134,314,26209727700,26209728200
concurrency_n10_20260613_002350_kafka_feed8_rep1,kafka,sb-events-n10-feed8-rep1,c23e3eb6-c6dd-4b4f-8eaf-5473b505ad9a,3895052,314,26209774000,26209774400
concurrency_n10_20260613_002350_kafka_feed8_rep1,kafka,sb-events-n10-feed8-rep1,394bdb55-88c5-43c6-a113-15457f7dcf1b,3895052,314,26216715300,26216715800
concurrency_n10_20260613_002350_kafka_feed8_rep1,kafka,sb-events-n10-feed8-rep1,99fab9e3-ddf0-4f49-89cc-ed1438559485,3895086,314,26225987300,26225987700
concurrency_n10_20260613_002350_kafka_feed8_rep1,kafka,sb-events-n10-feed8-rep1,4f1d2266-06ab-4b6d-a731-2f03cfa891e3,3895113,314,26226031300,26226031500
concurrency_n10_20260613_002350_kafka_feed8_rep1,kafka,sb-events-n10-feed8-rep1,c43891c6-f7d0-4b53-854f-7b0c0bf409d9,3895086,314,26232433700,26232434000
concurrency_n10_20260613_002350_kafka_feed8_rep1,kafka,sb-events-n10-feed8-rep1,b02d8af1-0dd1-423d-94ea-c81f1d60adfc,3895060,315,26237243100,26237243600
concurrency_n10_20260613_002350_kafka_feed8_rep1,kafka,sb-events-n10-feed8-rep1,d2d96254-cdb5-40f6-a713-824acbab17a3,3895107,315,26241976000,26241976200
concurrency_n10_20260613_002350_kafka_feed8_rep1,kafka,sb-events-n10-feed8-rep1,02302c67-a71e-4acf-bab1-d73bccb3ff36,3895134,315,26248182900,26248183300
concurrency_n10_20260613_002350_kafka_feed8_rep1,kafka,sb-events-n10-feed8-rep1,dacab50e-dea6-47d0-a67f-506895f82189,3895134,315,26255462100,26255462500
concurrency_n10_20260613_002350_kafka_feed8_rep1,kafka,sb-events-n10-feed8-rep1,392dd4b7-a180-48b3-9dbc-acabf60191e3,3895052,315,26263621600,26263622100
concurrency_n10_20260613_002350_kafka_feed8_rep1,kafka,sb-events-n10-feed8-rep1,04c9affe-5c2c-4541-880e-6449dac86ae3,3895086,315,26271607700,26271608200
concurrency_n10_20260613_002350_kafka_feed8_rep1,kafka,sb-events-n10-feed8-rep1,562ce0ba-cc5e-4622-b2e0-e5a4fa545b29,3895060,316,26271649100,26271649300
concurrency_n10_20260613_002350_kafka_feed8_rep1,kafka,sb-events-n10-feed8-rep1,2da25799-fa27-4e14-ab83-65f4610738a7,3895107,316,26278152100,26278152500
concurrency_n10_20260613_002350_kafka_feed8_rep1,kafka,sb-events-n10-feed8-rep1,6da99785-0da0-4aca-93d6-27fa7a4cbad6,3895060,316,26278202200,26278202400
concurrency_n10_20260613_002350_kafka_feed8_rep1,kafka,sb-events-n10-feed8-rep1,2add13d1-e99d-4136-ab7e-853a487aa346,3895052,316,26286234400,26286234900
concurrency_n10_20260613_002350_kafka_feed8_rep1,kafka,sb-events-n10-feed8-rep1,677c2260-b99e-46fe-983b-d8be3d3623ff,3895052,316,26291800100,26291800500
concurrency_n10_20260613_002350_kafka_feed8_rep1,kafka,sb-events-n10-feed8-rep1,4a574c7f-cffa-4555-9ba1-e18af3476fbf,3895052,316,26301736700,26301737100
concurrency_n10_20260613_002350_kafka_feed8_rep1,kafka,sb-events-n10-feed8-rep1,246935a5-58c1-4438-a255-74262e4c8629,3895113,316,26311192400,26311192700
concurrency_n10_20260613_002350_kafka_feed8_rep1,kafka,sb-events-n10-feed8-rep1,76707c05-6d43-4d3e-b06d-3645f7e25876,3895113,316,26311245800,26311246100
concurrency_n10_20260613_002350_kafka_feed8_rep1,kafka,sb-events-n10-feed8-rep1,ec646053-bd4f-4edf-bdda-23c1b37a2104,3895074,317,26318219400,26318220000
concurrency_n10_20260613_002350_kafka_feed8_rep1,kafka,sb-events-n10-feed8-rep1,7f412a00-eccd-4d4f-98d3-3ced82f667f2,3895074,317,26318257700,26318257900
concurrency_n10_20260613_002350_kafka_feed8_rep1,kafka,sb-events-n10-feed8-rep1,400a0629-38de-4e49-b260-f9dd814599a5,3895107,317,26325846300,26325846900
concurrency_n10_20260613_002350_kafka_feed8_rep1,kafka,sb-events-n10-feed8-rep1,d8fb521c-b883-43f7-aaee-9be4a2e5e541,3895107,317,26329988900,26329989300
concurrency_n10_20260613_002350_kafka_feed8_rep1,kafka,sb-events-n10-feed8-rep1,ad8763fe-6c7b-44d5-87a8-ab6b960e2a1e,3895134,317,26335022300,26335022600
concurrency_n10_20260613_002350_kafka_feed8_rep1,kafka,sb-events-n10-feed8-rep1,da096edb-269d-4bbf-85f0-16f9d6d675bb,3895052,317,26340766700,26340767100
concurrency_n10_20260613_002350_kafka_feed8_rep1,kafka,sb-events-n10-feed8-rep1,78c9fc5e-2d64-4fae-a14d-b9253211ecf5,3895052,317,26346834300,26346835000
concurrency_n10_20260613_002350_kafka_feed8_rep1,kafka,sb-events-n10-feed8-rep1,9c15a0fc-0c14-4605-ba21-f98e9588afeb,3895113,317,26352304500,26352305000
concurrency_n10_20260613_002350_kafka_feed8_rep1,kafka,sb-events-n10-feed8-rep1,8441f5f4-1d8c-4b91-b4c9-fd67eddbee0a,3895060,318,26367647300,26367647800
concurrency_n10_20260613_002350_kafka_feed8_rep1,kafka,sb-events-n10-feed8-rep1,8d1f4b7d-8eff-47e6-ae0c-91b8d06bc7d9,3895052,318,26384755700,26384756200
concurrency_n10_20260613_002350_kafka_feed8_rep1,kafka,sb-events-n10-feed8-rep1,ec53d3eb-784c-4b06-8b15-2a4e6d8c8897,3895113,318,26384806000,26384806400
concurrency_n10_20260613_002350_kafka_feed8_rep1,kafka,sb-events-n10-feed8-rep1,09a9066d-3190-4258-b6a3-10a62c95e149,3895113,318,26398621600,26398622000
concurrency_n10_20260613_002350_kafka_feed8_rep1,kafka,sb-events-n10-feed8-rep1,26196cc9-cd14-47de-9b97-80d6985b326f,3895107,319,26398659400,26398659600
concurrency_n10_20260613_002350_kafka_feed8_rep1,kafka,sb-events-n10-feed8-rep1,5a0b00b5-8620-4121-8530-0b794c2eab40,3895107,319,26398681800,26398681900
concurrency_n10_20260613_002350_kafka_feed8_rep1,kafka,sb-events-n10-feed8-rep1,5c073b2f-c213-4ab7-a313-1a59712c78e5,3895134,319,26411296500,26411296900
concurrency_n10_20260613_002350_kafka_feed8_rep1,kafka,sb-events-n10-feed8-rep1,20ae7112-b2c8-41d2-aeb1-63d9a704d650,3895134,319,26424329400,26424329800
concurrency_n10_20260613_002350_kafka_feed8_rep1,kafka,sb-events-n10-feed8-rep1,f2d2fda6-0d5f-4519-8c00-771a4f8ccaa3,3895052,319,26434524900,26434525300
concurrency_n10_20260613_002350_kafka_feed8_rep1,kafka,sb-events-n10-feed8-rep1,37927a43-1600-4ff9-ab32-90ef87a3a16a,3895134,319,26434567400,26434567700
concurrency_n10_20260613_002350_kafka_feed8_rep1,kafka,sb-events-n10-feed8-rep1,1cce44ec-247a-4b01-86ae-aee511d9af28,3895052,319,26434638300,26434638700
concurrency_n10_20260613_002350_kafka_feed8_rep1,kafka,sb-events-n10-feed8-rep1,80ea0fc3-2a53-4f63-89a6-b5fe54a9d7d9,3895095,320,26448716800,26448717100
concurrency_n10_20260613_002350_kafka_feed8_rep1,kafka,sb-events-n10-feed8-rep1,682ff6dc-45e1-4759-b841-e8e940b73945,3895095,320,26448757300,26448757500
concurrency_n10_20260613_002350_kafka_feed8_rep1,kafka,sb-events-n10-feed8-rep1,8707266c-f4f4-4701-9a98-93a44cb229da,3895060,320,26455952900,26455953300
concurrency_n10_20260613_002350_kafka_feed8_rep1,kafka,sb-events-n10-feed8-rep1,3ddd1bf5-ebc0-46d8-80e9-7754349fb9cc,3895060,320,26455993800,26455994100
concurrency_n10_20260613_002350_kafka_feed8_rep1,kafka,sb-events-n10-feed8-rep1,67391880-c4bd-4c49-ac0d-30f2b4cfed43,3895134,320,26461392800,26461393300
concurrency_n10_20260613_002350_kafka_feed8_rep1,kafka,sb-events-n10-feed8-rep1,8cc8899e-12c7-4f32-ad3c-6234f1a183e1,3895134,320,26467881300,26467881800
concurrency_n10_20260613_002350_kafka_feed8_rep1,kafka,sb-events-n10-feed8-rep1,73950e1c-c4c5-46d2-9b4b-9751c3c09646,3895052,320,26475185500,26475185900
concurrency_n10_20260613_002350_kafka_feed8_rep1,kafka,sb-events-n10-feed8-rep1,0baa40ea-5472-4239-84ce-75cc13e04c9e,3895113,320,26487310100,26487310500
concurrency_n10_20260613_002350_kafka_feed8_rep1,kafka,sb-events-n10-feed8-rep1,47b30c8a-2415-4aa3-9a2d-1d847b550731,3895095,321,26487354700,26487355000
concurrency_n10_20260613_002350_kafka_feed8_rep1,kafka,sb-events-n10-feed8-rep1,01452dda-4cab-4703-8f03-7851cc2a493b,3895095,321,26498490000,26498490400
concurrency_n10_20260613_002350_kafka_feed8_rep1,kafka,sb-events-n10-feed8-rep1,3af0554c-8ef9-4cd9-b5fe-0eb9b6b5cb62,3895095,321,26498530700,26498530900
concurrency_n10_20260613_002350_kafka_feed8_rep1,kafka,sb-events-n10-feed8-rep1,779176ae-e436-407c-879f-8e400f7377f8,3895095,321,26504917700,26504918200
concurrency_n10_20260613_002350_kafka_feed8_rep1,kafka,sb-events-n10-feed8-rep1,b60de9a9-c724-4975-b127-99ce60ac1e15,3895095,321,26504960800,26504961000
concurrency_n10_20260613_002350_kafka_feed8_rep1,kafka,sb-events-n10-feed8-rep1,00c09277-2dbb-47b7-ac4b-741062eb3faa,3895095,321,26513422300,26513422900
concurrency_n10_20260613_002350_kafka_feed8_rep1,kafka,sb-events-n10-feed8-rep1,18ba8f20-241a-4d34-83de-d246ce265ba4,3895121,321,26513553000,26513553300
concurrency_n10_20260613_002350_kafka_feed8_rep1,kafka,sb-events-n10-feed8-rep1,45f8a62c-9039-4034-a964-fd1c1545680a,3895134,321,26521374600,26521375200
concurrency_n10_20260613_002350_kafka_feed8_rep1,kafka,sb-events-n10-feed8-rep1,08849140-7424-46b1-be08-ebd78e548e26,3895052,321,26532460600,26532461000
concurrency_n10_20260613_002350_kafka_feed8_rep1,kafka,sb-events-n10-feed8-rep1,6ac63702-9c8d-4c96-82dd-f1f4e145f062,3895134,321,26532504400,26532504700
concurrency_n10_20260613_002350_kafka_feed8_rep1,kafka,sb-events-n10-feed8-rep1,80b5572a-d2bf-4bac-ae05-1724682e6848,3895052,321,26532527300,26532527500
concurrency_n10_20260613_002350_kafka_feed8_rep1,kafka,sb-events-n10-feed8-rep1,9e876c0f-8eb7-408b-b8aa-d1f7e172b0dc,3895113,321,26539163000,26539163400
concurrency_n10_20260613_002350_kafka_feed8_rep1,kafka,sb-events-n10-feed8-rep1,bac2ac88-467a-46f3-93bc-896a8a9763cc,3895086,321,26539205300,26539205500
concurrency_n10_20260613_002350_kafka_feed8_rep1,kafka,sb-events-n10-feed8-rep1,f3340d0d-34c8-4c60-818d-6b0ab6f0e724,3895086,321,26545703600,26545704100
concurrency_n10_20260613_002350_kafka_feed8_rep1,kafka,sb-events-n10-feed8-rep1,a9353826-78d0-4db7-9504-37af067ba42b,3895060,322,26561861600,26561862300
concurrency_n10_20260613_002350_kafka_feed8_rep1,kafka,sb-events-n10-feed8-rep1,f3617b96-6548-46c6-9b24-c7d328b1641f,3895107,322,26576290300,26576290800
concurrency_n10_20260613_002350_kafka_feed8_rep1,kafka,sb-events-n10-feed8-rep1,f852634c-8f86-4877-be07-bc24a07e736d,3895107,322,26576335400,26576335700
concurrency_n10_20260613_002350_kafka_feed8_rep1,kafka,sb-events-n10-feed8-rep1,fd58d405-6eba-41ab-81bf-d22785c2a293,3895134,322,26576357400,26576357600
concurrency_n10_20260613_002350_kafka_feed8_rep1,kafka,sb-events-n10-feed8-rep1,67b350e2-a656-4ee2-ba54-6a99f81f12a6,3895052,322,26576377800,26576378000
concurrency_n10_20260613_002350_kafka_feed8_rep1,kafka,sb-events-n10-feed8-rep1,891e42ae-ba34-4c6c-9819-902fd0ff3123,3895113,322,26586491900,26586492400
concurrency_n10_20260613_002350_kafka_feed8_rep1,kafka,sb-events-n10-feed8-rep1,dbb81daf-4dd3-4b09-9c7b-66b3cfd002b4,3895113,322,26586533500,26586533700
concurrency_n10_20260613_002350_kafka_feed8_rep1,kafka,sb-events-n10-feed8-rep1,e4a1a2fe-fe12-435a-98a4-98dda2739446,3895086,322,26586556600,26586556700
concurrency_n10_20260613_002350_kafka_feed8_rep1,kafka,sb-events-n10-feed8-rep1,ea283cd4-127c-4613-a843-474b9ff4cd8c,3895086,322,26586584100,26586584400
concurrency_n10_20260613_002350_kafka_feed8_rep1,kafka,sb-events-n10-feed8-rep1,9f38e589-9bcd-402e-a9c7-81c713301c69,3895086,322,26594709400,26594709800
concurrency_n10_20260613_002350_kafka_feed8_rep1,kafka,sb-events-n10-feed8-rep1,ceb01ebe-f047-4903-ad87-46179255db15,3895095,323,26594756500,26594756700
concurrency_n10_20260613_002350_kafka_feed8_rep1,kafka,sb-events-n10-feed8-rep1,25c1ced9-2614-4c5f-b468-49623335f10a,3895095,323,26606010400,26606010800
concurrency_n10_20260613_002350_kafka_feed8_rep1,kafka,sb-events-n10-feed8-rep1,765e4d5f-098d-416d-ac74-e94b3fc96434,3895121,323,26606051500,26606051800
concurrency_n10_20260613_002350_kafka_feed8_rep1,kafka,sb-events-n10-feed8-rep1,765951d5-3b9b-48ae-a2ec-0569ce42652a,3895121,323,26611963000,26611963500
concurrency_n10_20260613_002350_kafka_feed8_rep1,kafka,sb-events-n10-feed8-rep1,29f92fe5-0aa4-407d-8f0a-0cf2ddeaaa5f,3895060,323,26617592200,26617592600
concurrency_n10_20260613_002350_kafka_feed8_rep1,kafka,sb-events-n10-feed8-rep1,2072c49c-533a-4650-898e-b8c2c38b8a53,3895060,323,26617632100,26617632300
concurrency_n10_20260613_002350_kafka_feed8_rep1,kafka,sb-events-n10-feed8-rep1,91705dce-cd6d-46fc-816b-6f16f0a55899,3895134,323,26623558900,26623559500
concurrency_n10_20260613_002350_kafka_feed8_rep1,kafka,sb-events-n10-feed8-rep1,7eb6fae1-8ed8-4b6b-a245-a1ad3eb55542,3895134,323,26634000600,26634001100
concurrency_n10_20260613_002350_kafka_feed8_rep1,kafka,sb-events-n10-feed8-rep1,5ed423f7-bc6a-417d-908c-9c5cc9053848,3895134,323,26638945300,26638946000
concurrency_n10_20260613_002350_kafka_feed8_rep1,kafka,sb-events-n10-feed8-rep1,6f9de4f1-0bd4-4d27-955b-3efeeb7c5d8b,3895113,323,26638997700,26638998000
concurrency_n10_20260613_002350_kafka_feed8_rep1,kafka,sb-events-n10-feed8-rep1,91ca55c2-0ab1-4c67-8c0d-0a768c136cbe,3895113,323,26646741400,26646741800
concurrency_n10_20260613_002350_kafka_feed8_rep1,kafka,sb-events-n10-feed8-rep1,e322c13b-ff81-42ee-90e8-2e445f78f36a,3895086,323,26653585500,26653585700
concurrency_n10_20260613_002350_kafka_feed8_rep1,kafka,sb-events-n10-feed8-rep1,06a68206-c99d-4853-b4c2-1e8b69ed8bac,3895086,323,26653629400,26653629600
concurrency_n10_20260613_002350_kafka_feed8_rep1,kafka,sb-events-n10-feed8-rep1,0152e3af-14bc-45b9-acc2-1c1b81ba1e6d,3895134,324,26660997100,26660997600
concurrency_n10_20260613_002350_kafka_feed8_rep1,kafka,sb-events-n10-feed8-rep1,65078bd9-948c-400f-90f7-2aaf914406d4,3895134,324,26666841600,26666842100
concurrency_n10_20260613_002350_kafka_feed8_rep1,kafka,sb-events-n10-feed8-rep1,dcd63a56-5072-413e-911a-7264f0e371ab,3895086,324,26678214200,26678214500
concurrency_n10_20260613_002350_kafka_feed8_rep1,kafka,sb-events-n10-feed8-rep1,5babff75-4553-4b3a-b9f4-43b8ecab192e,3895086,324,26678256100,26678256400
concurrency_n10_20260613_002350_kafka_feed8_rep1,kafka,sb-events-n10-feed8-rep1,912c44f7-9bea-4745-a4c2-4751ca8b8ba2,3895060,325,26688828700,26688829100
concurrency_n10_20260613_002350_kafka_feed8_rep1,kafka,sb-events-n10-feed8-rep1,c2b8d7b8-ae71-4a7b-832a-5e071f84706c,3895060,325,26688872000,26688872200
concurrency_n10_20260613_002350_kafka_feed8_rep1,kafka,sb-events-n10-feed8-rep1,0b07deed-d20e-4434-abd6-4aaf53e71e62,3895052,325,26693501700,26693502000
concurrency_n10_20260613_002350_kafka_feed8_rep1,kafka,sb-events-n10-feed8-rep1,f302d779-957c-4d6f-999d-e1b1a994308a,3895052,325,26693540000,26693540200
concurrency_n10_20260613_002350_kafka_feed8_rep1,kafka,sb-events-n10-feed8-rep1,50a58806-53f3-4be3-b1a3-ebc3df31bcfb,3895060,326,26700101100,26700101600
concurrency_n10_20260613_002350_kafka_feed8_rep1,kafka,sb-events-n10-feed8-rep1,1a07249d-2406-4788-9baa-b1c8eec64ea5,3895086,325,26700147300,26700147600
concurrency_n10_20260613_002350_kafka_feed8_rep1,kafka,sb-events-n10-feed8-rep1,ccc70e17-4484-4ad8-b7fc-715d4177c31a,3895060,326,26713215500,26713215900
concurrency_n10_20260613_002350_kafka_feed8_rep1,kafka,sb-events-n10-feed8-rep1,f99f7f6b-5a8c-412a-9704-e4f174e12f20,3895074,326,26718322900,26718323300
concurrency_n10_20260613_002350_kafka_feed8_rep1,kafka,sb-events-n10-feed8-rep1,e080162c-b679-46f5-adf2-a019d92130eb,3895113,326,26731982500,26731982900
concurrency_n10_20260613_002350_kafka_feed8_rep1,kafka,sb-events-n10-feed8-rep1,b7a07101-16a4-4d4c-8693-420785555b30,3895113,326,26740265300,26740265800
concurrency_n10_20260613_002350_kafka_feed8_rep1,kafka,sb-events-n10-feed8-rep1,d310c41e-ccc2-40fb-a06d-6d036f388bff,3895086,326,26740307500,26740307700
concurrency_n10_20260613_002350_kafka_feed8_rep1,kafka,sb-events-n10-feed8-rep1,cbcbaf77-15d0-45a3-afec-9bade109c5c3,3895113,326,26740331600,26740331800
concurrency_n10_20260613_002350_kafka_feed8_rep1,kafka,sb-events-n10-feed8-rep1,0cf23ce9-0153-4db2-8503-d3073f6461d9,3895060,327,26749965600,26749966100
concurrency_n10_20260613_002350_kafka_feed8_rep1,kafka,sb-events-n10-feed8-rep1,a0a25c26-29df-44dc-a699-90580910dfdd,3895060,327,26750018900,26750019100
concurrency_n10_20260613_002350_kafka_feed8_rep1,kafka,sb-events-n10-feed8-rep1,e2422ee1-2d12-406e-abd1-fcb8e6e5e40f,3895113,327,26757486000,26757486700
concurrency_n10_20260613_002350_kafka_feed8_rep1,kafka,sb-events-n10-feed8-rep1,8cd76890-acdb-4587-9747-a8325f50af1b,3895134,327,26757529200,26757529400
concurrency_n10_20260613_002350_kafka_feed8_rep1,kafka,sb-events-n10-feed8-rep1,28026d1d-108d-4132-b7dd-aa5fb2833312,3895086,327,26765049400,26765049800
concurrency_n10_20260613_002350_kafka_feed8_rep1,kafka,sb-events-n10-feed8-rep1,3b634913-4263-4e45-a7f6-b25bac5d2637,3895086,327,26765089100,26765089300
concurrency_n10_20260613_002350_kafka_feed8_rep1,kafka,sb-events-n10-feed8-rep1,4a7fa8b7-ee4a-4a51-ad8a-5df4c2fe9446,3895095,328,26781527900,26781528700
concurrency_n10_20260613_002350_kafka_feed8_rep1,kafka,sb-events-n10-feed8-rep1,821f610d-dc82-4cb3-81fa-80daf42f8298,3895074,328,26789886200,26789886600
concurrency_n10_20260613_002350_kafka_feed8_rep1,kafka,sb-events-n10-feed8-rep1,601694f2-d49d-47a3-bc0d-3166572c7d50,3895060,328,26790149600,26790149900
concurrency_n10_20260613_002350_kafka_feed8_rep1,kafka,sb-events-n10-feed8-rep1,0425f679-712d-4e88-a143-95f0fced4376,3895074,328,26790378400,26790378700
concurrency_n10_20260613_002350_kafka_feed8_rep1,kafka,sb-events-n10-feed8-rep1,66ed78e9-7b7a-4dc9-8a7b-9abf8b6a2b79,3895134,328,26797381200,26797381500
concurrency_n10_20260613_002350_kafka_feed8_rep1,kafka,sb-events-n10-feed8-rep1,5c5243e2-2576-47e7-9e3d-f064c3369e22,3895134,328,26797418800,26797419000
concurrency_n10_20260613_002350_kafka_feed8_rep1,kafka,sb-events-n10-feed8-rep1,9ae80932-88a0-46c4-906a-d92d4999f5a3,3895086,328,26806648200,26806649100
concurrency_n10_20260613_002350_kafka_feed8_rep1,kafka,sb-events-n10-feed8-rep1,d4a886d3-364d-4310-a009-0c7228d9c4e2,3895095,329,26806711400,26806711900
concurrency_n10_20260613_002350_kafka_feed8_rep1,kafka,sb-events-n10-feed8-rep1,f070b6ef-9781-4ba2-9993-4e4393f056cb,3895095,329,26814322500,26814323000
concurrency_n10_20260613_002350_kafka_feed8_rep1,kafka,sb-events-n10-feed8-rep1,f621dd02-9352-4e89-a960-5040f4b3499d,3895121,329,26814372100,26814372500
concurrency_n10_20260613_002350_kafka_feed8_rep1,kafka,sb-events-n10-feed8-rep1,b4a4be30-2276-404e-bd4b-2664b630e9f7,3895121,329,26822134000,26822134600
concurrency_n10_20260613_002350_kafka_feed8_rep1,kafka,sb-events-n10-feed8-rep1,07263e8b-6e88-44b3-a4b2-f39c074c174a,3895060,329,26829884000,26829884700
concurrency_n10_20260613_002350_kafka_feed8_rep1,kafka,sb-events-n10-feed8-rep1,b50c709b-72a6-4242-98d3-30cd56ce5a82,3895107,329,26829963700,26829964100
concurrency_n10_20260613_002350_kafka_feed8_rep1,kafka,sb-events-n10-feed8-rep1,d193c018-d62c-413b-8a1c-c34eb7e4c8e9,3895134,329,26835255800,26835256300
concurrency_n10_20260613_002350_kafka_feed8_rep1,kafka,sb-events-n10-feed8-rep1,a7b72d56-d15c-4956-8b4e-13e2463fdbd2,3895052,329,26840242500,26840243000
concurrency_n10_20260613_002350_kafka_feed8_rep1,kafka,sb-events-n10-feed8-rep1,59e595db-ecaf-4e72-83ae-71fd174bd008,3895113,329,26848641700,26848642100
concurrency_n10_20260613_002350_kafka_feed8_rep1,kafka,sb-events-n10-feed8-rep1,afee8057-c990-444c-adfb-30a539eb4c30,3895052,329,26848683800,26848684000
concurrency_n10_20260613_002350_kafka_feed8_rep1,kafka,sb-events-n10-feed8-rep1,5c37fc26-bd70-4b9e-8353-dc41a95546ad,3895113,329,26852836300,26852836700
concurrency_n10_20260613_002350_kafka_feed8_rep1,kafka,sb-events-n10-feed8-rep1,61e1ef78-4b24-4e45-8155-e7f227e11514,3895086,329,26861235800,26861236600
concurrency_n10_20260613_002350_kafka_feed8_rep1,kafka,sb-events-n10-feed8-rep1,ca5d0df7-3501-4eb8-93f3-6f6f65182264,3895095,330,26861331300,26861331900
concurrency_n10_20260613_002350_kafka_feed8_rep1,kafka,sb-events-n10-feed8-rep1,5af9fdcc-1698-4009-a5a8-bf0efb8264d4,3895060,330,26866574700,26866575100
concurrency_n10_20260613_002350_kafka_feed8_rep1,kafka,sb-events-n10-feed8-rep1,667ae860-5de6-41c9-9ad0-27f17f4ae687,3895060,330,26866614600,26866614800
concurrency_n10_20260613_002350_kafka_feed8_rep1,kafka,sb-events-n10-feed8-rep1,6984e885-68ab-4f5d-a155-9488edde777a,3895074,330,26874149100,26874149500
concurrency_n10_20260613_002350_kafka_feed8_rep1,kafka,sb-events-n10-feed8-rep1,c62ae5ee-3d01-4415-86c3-5a055496d7b9,3895107,330,26879958000,26879958900
concurrency_n10_20260613_002350_kafka_feed8_rep1,kafka,sb-events-n10-feed8-rep1,d9f367f1-ebb8-488d-8d01-a1081052d076,3895107,330,26885459900,26885460800
concurrency_n10_20260613_002350_kafka_feed8_rep1,kafka,sb-events-n10-feed8-rep1,6f5652cb-8334-4c17-9208-4fc7f87849ec,3895107,330,26885502400,26885502600
concurrency_n10_20260613_002350_kafka_feed8_rep1,kafka,sb-events-n10-feed8-rep1,7c1f4235-c549-44da-93be-fb25beb18c72,3895052,330,26891570600,26891571000
concurrency_n10_20260613_002350_kafka_feed8_rep1,kafka,sb-events-n10-feed8-rep1,489c69ea-ba68-4944-b257-738bd170d1f1,3895095,331,26896956900,26896957200
concurrency_n10_20260613_002350_kafka_feed8_rep1,kafka,sb-events-n10-feed8-rep1,57a158a9-efa6-45c3-ac61-da3f76ba1181,3895052,330,26896994100,26896994300
concurrency_n10_20260613_002350_kafka_feed8_rep1,kafka,sb-events-n10-feed8-rep1,31cf22e9-d1b2-403d-be52-872610538f25,3895095,331,26902657200,26902657600
concurrency_n10_20260613_002350_kafka_feed8_rep1,kafka,sb-events-n10-feed8-rep1,0ec63f19-112a-4d49-b908-0169f04b00a7,3895060,331,26907771200,26907771700
concurrency_n10_20260613_002350_kafka_feed8_rep1,kafka,sb-events-n10-feed8-rep1,0aa01b9d-69a4-4139-a794-a882e44f4d9e,3895060,331,26913006600,26913006900
concurrency_n10_20260613_002350_kafka_feed8_rep1,kafka,sb-events-n10-feed8-rep1,ff76047d-47de-466f-a319-136377697fc2,3895074,331,26920669300,26920669800
concurrency_n10_20260613_002350_kafka_feed8_rep1,kafka,sb-events-n10-feed8-rep1,4c624af4-e3f3-46b8-84b2-942334a6dd05,3895134,331,26931927900,26931928500
concurrency_n10_20260613_002350_kafka_feed8_rep1,kafka,sb-events-n10-feed8-rep1,e3e28b81-6e92-419a-a1d5-6d95b8725ed9,3895074,331,26931975000,26931975300
concurrency_n10_20260613_002350_kafka_feed8_rep1,kafka,sb-events-n10-feed8-rep1,1e189be8-913a-4d4b-a841-db75494445c5,3895134,331,26940264300,26940264800
concurrency_n10_20260613_002350_kafka_feed8_rep1,kafka,sb-events-n10-feed8-rep1,e6e48fb5-7ef0-4e24-bf8f-b70df89fed4a,3895134,331,26940321300,26940321700
concurrency_n10_20260613_002350_kafka_feed8_rep1,kafka,sb-events-n10-feed8-rep1,71bb5b43-2991-4382-a5d2-dc3741253572,3895052,331,26940347900,26940348200
concurrency_n10_20260613_002350_kafka_feed8_rep1,kafka,sb-events-n10-feed8-rep1,4fb0bdad-2281-4f6e-8094-850771b95eab,3895052,331,26948675800,26948676300
concurrency_n10_20260613_002350_kafka_feed8_rep1,kafka,sb-events-n10-feed8-rep1,43fe8ca2-b942-4723-aa5a-66d12ca2871d,3895052,331,26955388700,26955389400
concurrency_n10_20260613_002350_kafka_feed8_rep1,kafka,sb-events-n10-feed8-rep1,e0dcc6ae-40c7-4519-8496-15ad70e631fa,3895113,331,26955444300,26955444600
concurrency_n10_20260613_002350_kafka_feed8_rep1,kafka,sb-events-n10-feed8-rep1,37fd9761-702e-4e7b-a8bf-6a9fe8a696af,3895060,332,26959554900,26959555200
concurrency_n10_20260613_002350_kafka_feed8_rep1,kafka,sb-events-n10-feed8-rep1,82c5d746-9b8d-4a2f-a22d-8aac196567cd,3895074,332,26964788800,26964789100
concurrency_n10_20260613_002350_kafka_feed8_rep1,kafka,sb-events-n10-feed8-rep1,5acd0668-4e69-4711-b377-407098bef577,3895107,332,26964825200,26964825400
concurrency_n10_20260613_002350_kafka_feed8_rep1,kafka,sb-events-n10-feed8-rep1,dab18735-77ec-4370-a106-678dcce75e6c,3895107,332,26969184800,26969185400
concurrency_n10_20260613_002350_kafka_feed8_rep1,kafka,sb-events-n10-feed8-rep1,ee206445-03dc-4b10-8c2a-46a586e07e46,3895107,332,26974785200,26974785700
concurrency_n10_20260613_002350_kafka_feed8_rep1,kafka,sb-events-n10-feed8-rep1,fd79c8a6-b9f0-4ec2-b288-64720b510357,3895134,332,26980572800,26980573100
concurrency_n10_20260613_002350_kafka_feed8_rep1,kafka,sb-events-n10-feed8-rep1,075c0693-e1c7-4b91-b807-d4a145a3463b,3895052,332,26989466700,26989467300
concurrency_n10_20260613_002350_kafka_feed8_rep1,kafka,sb-events-n10-feed8-rep1,377f51e4-5ee6-4008-8d75-0027bc896355,3895052,332,26989506600,26989506800
concurrency_n10_20260613_002350_kafka_feed8_rep1,kafka,sb-events-n10-feed8-rep1,7c276b01-b3bf-49ba-9aa3-24024921d4a9,3895052,332,26996922800,26996923500
concurrency_n10_20260613_002350_kafka_feed8_rep1,kafka,sb-events-n10-feed8-rep1,745379e2-c5d2-492b-b046-1215c00f3c18,3895113,332,26997036800,26997037100
concurrency_n10_20260613_002350_kafka_feed8_rep1,kafka,sb-events-n10-feed8-rep1,9df9adb4-6248-4539-a77d-d0ccf6abe83b,3895113,332,27004489800,27004490200
concurrency_n10_20260613_002350_kafka_feed8_rep1,kafka,sb-events-n10-feed8-rep1,4d49db2e-7e41-4a56-b823-e245aaddb15b,3895121,333,27010660100,27010660600
concurrency_n10_20260613_002350_kafka_feed8_rep1,kafka,sb-events-n10-feed8-rep1,c86879d4-bc31-46f9-b87c-da90da645f76,3895121,333,27010804000,27010804400
concurrency_n10_20260613_002350_kafka_feed8_rep1,kafka,sb-events-n10-feed8-rep1,c3177814-c5bd-4f51-9844-039e5fd9b60f,3895121,333,27015414500,27015415000
concurrency_n10_20260613_002350_kafka_feed8_rep1,kafka,sb-events-n10-feed8-rep1,581dbb56-f56f-429d-adaf-78ee9d9c3bc4,3895060,333,27021725600,27021726000
concurrency_n10_20260613_002350_kafka_feed8_rep1,kafka,sb-events-n10-feed8-rep1,0a4170e7-c400-405d-b455-0e644e4ff4bc,3895074,333,27027852000,27027852900
concurrency_n10_20260613_002350_kafka_feed8_rep1,kafka,sb-events-n10-feed8-rep1,d800e8ef-1eba-44b7-883a-58d77b84a396,3895060,333,27027898700,27027898900
concurrency_n10_20260613_002350_kafka_feed8_rep1,kafka,sb-events-n10-feed8-rep1,a7db7005-63b9-490d-94ee-105a6e72f9ce,3895074,333,27042071700,27042072100
concurrency_n10_20260613_002350_kafka_feed8_rep1,kafka,sb-events-n10-feed8-rep1,c920dee6-6560-41ba-a782-11afc39f3482,3895134,333,27042112800,27042113100
concurrency_n10_20260613_002350_kafka_feed8_rep1,kafka,sb-events-n10-feed8-rep1,e006ec65-b041-457c-a6cf-8c492b801d3e,3895134,333,27053851200,27053851900
concurrency_n10_20260613_002350_kafka_feed8_rep1,kafka,sb-events-n10-feed8-rep1,17daec9d-d530-4267-a9b4-fba1cefc65a9,3895052,333,27053894700,27053894900
concurrency_n10_20260613_002350_kafka_feed8_rep1,kafka,sb-events-n10-feed8-rep1,9cdbd1dd-a6ea-4aa5-8cd1-c173a036ba23,3895121,334,27062744500,27062745100
concurrency_n10_20260613_002350_kafka_feed8_rep1,kafka,sb-events-n10-feed8-rep1,ed638ea5-4e2a-42ad-88ae-15ed73b28160,3895113,333,27062789100,27062789300
concurrency_n10_20260613_002350_kafka_feed8_rep1,kafka,sb-events-n10-feed8-rep1,466dc1b3-80e3-4882-8d4d-a66923daf782,3895121,334,27062812100,27062812300
concurrency_n10_20260613_002350_kafka_feed8_rep1,kafka,sb-events-n10-feed8-rep1,85468b6a-bdde-4e33-874b-ae47828b2a64,3895121,334,27062838400,27062838700
concurrency_n10_20260613_002350_kafka_feed8_rep1,kafka,sb-events-n10-feed8-rep1,90bc3775-4e9e-4812-a36d-13b7cf960a82,3895121,334,27069209200,27069210300
concurrency_n10_20260613_002350_kafka_feed8_rep1,kafka,sb-events-n10-feed8-rep1,2923ccb9-60d5-4454-aad2-2b1d4edb85c2,3895107,334,27069263500,27069263800
concurrency_n10_20260613_002350_kafka_feed8_rep1,kafka,sb-events-n10-feed8-rep1,d59c287e-b7d8-4520-8793-0ea20f6f259b,3895107,334,27075219200,27075219800
concurrency_n10_20260613_002350_kafka_feed8_rep1,kafka,sb-events-n10-feed8-rep1,8498606a-51cc-44f2-a5c6-d170755770c6,3895134,334,27084435200,27084435600
concurrency_n10_20260613_002350_kafka_feed8_rep1,kafka,sb-events-n10-feed8-rep1,8a512c73-be63-4656-8d75-6f65e931b2fc,3895134,334,27084482100,27084482400
concurrency_n10_20260613_002350_kafka_feed8_rep1,kafka,sb-events-n10-feed8-rep1,4fc8ca15-dded-40c3-a2a1-be06f304fa8e,3895052,334,27084507600,27084507800
concurrency_n10_20260613_002350_kafka_feed8_rep1,kafka,sb-events-n10-feed8-rep1,0846214e-8df7-4642-9a0d-9efa7eaf5e2e,3895052,334,27089074100,27089074300
concurrency_n10_20260613_002350_kafka_feed8_rep1,kafka,sb-events-n10-feed8-rep1,321e3566-4e3a-4ff8-9393-08127da95781,3895113,334,27096842800,27096843200
concurrency_n10_20260613_002350_kafka_feed8_rep1,kafka,sb-events-n10-feed8-rep1,94f18e64-33fb-472f-b277-4aed5d75a394,3895113,334,27096888900,27096889100
concurrency_n10_20260613_002350_kafka_feed8_rep1,kafka,sb-events-n10-feed8-rep1,51fbd998-f74e-4e70-a505-2f2b3d9b4289,3895134,335,27104460000,27104460300
concurrency_n10_20260613_002350_kafka_feed8_rep1,kafka,sb-events-n10-feed8-rep1,7308dbd9-6bee-4b1e-b03f-08c605b7c4f0,3895060,335,27104507400,27104507600
concurrency_n10_20260613_002350_kafka_feed8_rep1,kafka,sb-events-n10-feed8-rep1,ce38c60d-3787-45b4-bd5c-18ab40e3d0a0,3895134,335,27111192500,27111193700
concurrency_n10_20260613_002350_kafka_feed8_rep1,kafka,sb-events-n10-feed8-rep1,fbe9d939-11a5-41be-ad50-bf92166b4e54,3895134,335,27111231400,27111231600
concurrency_n10_20260613_002350_kafka_feed8_rep1,kafka,sb-events-n10-feed8-rep1,3f220106-01eb-4fbe-af98-6e3bd3ac2a57,3895134,335,27115786900,27115787400
concurrency_n10_20260613_002350_kafka_feed8_rep1,kafka,sb-events-n10-feed8-rep1,5c354025-43e2-4d92-806e-430504d2a1ef,3895052,335,27121290700,27121291100
concurrency_n10_20260613_002350_kafka_feed8_rep1,kafka,sb-events-n10-feed8-rep1,7c0f05fc-c99b-4f43-8a1d-7fb702133afa,3895052,335,27128373900,27128374400
concurrency_n10_20260613_002350_kafka_feed8_rep1,kafka,sb-events-n10-feed8-rep1,5ea117e0-0da3-4476-931d-cf244d3118e4,3895060,336,27137780900,27137781600
concurrency_n10_20260613_002350_kafka_feed8_rep1,kafka,sb-events-n10-feed8-rep1,c376f944-1974-42df-82de-80576e15c588,3895074,336,27144755300,27144755800
concurrency_n10_20260613_002350_kafka_feed8_rep1,kafka,sb-events-n10-feed8-rep1,0bb34860-e22e-4204-8231-a1ce2998150a,3895060,336,27144796600,27144796800
concurrency_n10_20260613_002350_kafka_feed8_rep1,kafka,sb-events-n10-feed8-rep1,b9825d8c-508d-4914-9edf-3410d2687999,3895060,336,27144818900,27144819100
concurrency_n10_20260613_002350_kafka_feed8_rep1,kafka,sb-events-n10-feed8-rep1,7b49350d-f92c-4f31-a372-4aebb65efd24,3895052,336,27152187000,27152187600
concurrency_n10_20260613_002350_kafka_feed8_rep1,kafka,sb-events-n10-feed8-rep1,5ef97f45-7770-4df5-b895-879ef3b8c0a0,3895074,337,27157245200,27157245900
concurrency_n10_20260613_002350_kafka_feed8_rep1,kafka,sb-events-n10-feed8-rep1,2d8919d0-60af-463a-919a-735acb87e8de,3895074,337,27168778300,27168778700
concurrency_n10_20260613_002350_kafka_feed8_rep1,kafka,sb-events-n10-feed8-rep1,b5416488-0fe8-44ae-802a-b02e10a775f2,3895134,337,27177036100,27177036700
concurrency_n10_20260613_002350_kafka_feed8_rep1,kafka,sb-events-n10-feed8-rep1,c51702ca-4adc-44f7-a73b-6edb155dd166,3895134,337,27177085500,27177085800
concurrency_n10_20260613_002350_kafka_feed8_rep1,kafka,sb-events-n10-feed8-rep1,c50e063e-2a33-4053-b4fa-471f5556b732,3895095,338,27183660300,27183660800
concurrency_n10_20260613_002350_kafka_feed8_rep1,kafka,sb-events-n10-feed8-rep1,ffbf27c1-29f6-4e48-8e60-7e04b54f3717,3895121,338,27194379500,27194379900
concurrency_n10_20260613_002350_kafka_feed8_rep1,kafka,sb-events-n10-feed8-rep1,d16a589f-9997-491b-8a0d-5570cfd04bda,3895121,338,27206095800,27206096400
concurrency_n10_20260613_002350_kafka_feed8_rep1,kafka,sb-events-n10-feed8-rep1,1809496b-088b-41a9-8997-d5b6725994a3,3895060,338,27228402600,27228403400
concurrency_n10_20260613_002350_kafka_feed8_rep1,kafka,sb-events-n10-feed8-rep1,63cfb3b8-2108-4c07-bcb3-e0dec152970c,3895060,338,27228461300,27228461600
concurrency_n10_20260613_002350_kafka_feed8_rep1,kafka,sb-events-n10-feed8-rep1,f9088193-a98b-4bba-9fbe-d552f7ac71df,3895060,339,27239924800,27239925200
concurrency_n10_20260613_002350_kafka_feed8_rep1,kafka,sb-events-n10-feed8-rep1,4e3081cc-b767-414d-986a-de53c54bfb73,3895060,338,27240176000,27240176400
concurrency_n10_20260613_002350_kafka_feed8_rep1,kafka,sb-events-n10-feed8-rep1,43402693-36c4-4328-aa05-2e99f6de4774,3895074,338,27242147200,27242147800
concurrency_n10_20260613_002350_kafka_feed8_rep1,kafka,sb-events-n10-feed8-rep1,292b1cc0-d970-4adc-b041-bc6cb14ad9d9,3895060,339,27242181300,27242181600
concurrency_n10_20260613_002350_kafka_feed8_rep1,kafka,sb-events-n10-feed8-rep1,4c56934b-e378-47b7-ab3e-bbb0020b6770,3895113,338,27242331400,27242331700
concurrency_n10_20260613_002350_kafka_feed8_rep1,kafka,sb-events-n10-feed8-rep1,ac38a7a1-9763-4010-87b5-9d3065544d32,3895074,339,27254296800,27254297100
concurrency_n10_20260613_002350_kafka_feed8_rep1,kafka,sb-events-n10-feed8-rep1,56802d2d-99f2-4c75-b4d7-004588588d2c,3895074,339,27254337000,27254337200
concurrency_n10_20260613_002350_kafka_feed8_rep1,kafka,sb-events-n10-feed8-rep1,7ec5a9a4-706f-4c5c-995c-c9f12db2e446,3895107,339,27254356700,27254356900
concurrency_n10_20260613_002350_kafka_feed8_rep1,kafka,sb-events-n10-feed8-rep1,1d1c5374-b3eb-468f-9da5-5af9220eb450,3895052,339,27254376900,27254377100
concurrency_n10_20260613_002350_kafka_feed8_rep1,kafka,sb-events-n10-feed8-rep1,f7a5cf2b-d965-4472-9fb4-c60e51e5c022,3895052,339,27262269100,27262269700
concurrency_n10_20260613_002350_kafka_feed8_rep1,kafka,sb-events-n10-feed8-rep1,1ab0a8a0-fa36-4a32-ad9b-47e8d232fa3c,3895113,339,27262497700,27262498100
concurrency_n10_20260613_002350_kafka_feed8_rep1,kafka,sb-events-n10-feed8-rep1,619be4c6-1b66-4343-b511-77c8d4accad1,3895095,340,27270855600,27270856000
concurrency_n10_20260613_002350_kafka_feed8_rep1,kafka,sb-events-n10-feed8-rep1,3fc5fe2e-3bdf-439e-bd36-22673f035333,3895113,339,27270900400,27270900700
concurrency_n10_20260613_002350_kafka_feed8_rep1,kafka,sb-events-n10-feed8-rep1,30abf208-99e2-48ce-9275-6bd0e2464f17,3895095,340,27281562300,27281562900
concurrency_n10_20260613_002350_kafka_feed8_rep1,kafka,sb-events-n10-feed8-rep1,8d917c08-c9fe-4f63-bc22-561559374d74,3895095,340,27281675800,27281676100
concurrency_n10_20260613_002350_kafka_feed8_rep1,kafka,sb-events-n10-feed8-rep1,e45e8cef-7269-4a34-b5c0-85391def0cd5,3895121,340,27287705500,27287706100
concurrency_n10_20260613_002350_kafka_feed8_rep1,kafka,sb-events-n10-feed8-rep1,c18f2ed6-7147-4c77-8604-51467a34b94e,3895121,340,27287744600,27287744800
concurrency_n10_20260613_002350_kafka_feed8_rep1,kafka,sb-events-n10-feed8-rep1,04f0fd04-6938-4a74-b34f-246446b34e6f,3895107,340,27293966100,27293966500
concurrency_n10_20260613_002350_kafka_feed8_rep1,kafka,sb-events-n10-feed8-rep1,6315f917-0392-4047-a531-351815a7f3c2,3895074,340,27294011700,27294012400
concurrency_n10_20260613_002350_kafka_feed8_rep1,kafka,sb-events-n10-feed8-rep1,70bf7098-81a2-4770-834b-7961137bd220,3895095,341,27301415100,27301415500
concurrency_n10_20260613_002350_kafka_feed8_rep1,kafka,sb-events-n10-feed8-rep1,28b21554-0e4a-40a7-a625-27670feae735,3895107,340,27301455200,27301455500
concurrency_n10_20260613_002350_kafka_feed8_rep1,kafka,sb-events-n10-feed8-rep1,8eeb993f-688f-43d5-8593-152df535fab3,3895074,341,27307393900,27307394700
concurrency_n10_20260613_002350_kafka_feed8_rep1,kafka,sb-events-n10-feed8-rep1,af2d5851-36fb-46d0-8bb2-7054f40f9cae,3895107,341,27316500400,27316501100
concurrency_n10_20260613_002350_kafka_feed8_rep1,kafka,sb-events-n10-feed8-rep1,27eb449d-56f2-43bd-83c9-0bdf71bb3151,3895113,341,27321071500,27321071900
concurrency_n10_20260613_002350_kafka_feed8_rep1,kafka,sb-events-n10-feed8-rep1,84b15c49-2aaf-47a5-acf7-61997dab159e,3895113,341,27333302200,27333302700
concurrency_n10_20260613_002350_kafka_feed8_rep1,kafka,sb-events-n10-feed8-rep1,2820f118-4436-4b40-8647-e125058b983d,3895095,342,27344924200,27344924400
concurrency_n10_20260613_002350_kafka_feed8_rep1,kafka,sb-events-n10-feed8-rep1,ba034f24-f03d-40c0-8216-c23f872b2794,3895095,342,27344962100,27344962300
concurrency_n10_20260613_002350_kafka_feed8_rep1,kafka,sb-events-n10-feed8-rep1,7a467351-dc7a-4f62-afbc-7c01f1d6015c,3895095,342,27344993000,27344993200
concurrency_n10_20260613_002350_kafka_feed8_rep1,kafka,sb-events-n10-feed8-rep1,39c3916b-87ec-45b0-9dc4-2395e1a58e0c,3895060,342,27352419400,27352419900
concurrency_n10_20260613_002350_kafka_feed8_rep1,kafka,sb-events-n10-feed8-rep1,46040471-65f0-41da-b2bc-09c0c5be156e,3895107,342,27352460700,27352460900
concurrency_n10_20260613_002350_kafka_feed8_rep1,kafka,sb-events-n10-feed8-rep1,6eb9d313-b681-47e4-a14a-b20b839d7e40,3895107,342,27358877600,27358878000
concurrency_n10_20260613_002350_kafka_feed8_rep1,kafka,sb-events-n10-feed8-rep1,bd856bdb-a742-4a57-ae94-4867e278a20d,3895134,342,27368520200,27368520700
concurrency_n10_20260613_002350_kafka_feed8_rep1,kafka,sb-events-n10-feed8-rep1,f2977f9a-ba34-4c67-86d8-6067ff494259,3895107,342,27368571600,27368571900
concurrency_n10_20260613_002350_kafka_feed8_rep1,kafka,sb-events-n10-feed8-rep1,3d8b6373-3124-4614-8bd3-554f8545481c,3895113,342,27372755300,27372755700
concurrency_n10_20260613_002350_kafka_feed8_rep1,kafka,sb-events-n10-feed8-rep1,84384dad-f296-49c6-8022-beb4569da24c,3895060,343,27378409800,27378410200
concurrency_n10_20260613_002350_kafka_feed8_rep1,kafka,sb-events-n10-feed8-rep1,b35836c5-227c-4306-bb7f-6560ee476d9a,3895060,343,27382312100,27382313200
concurrency_n10_20260613_002350_kafka_feed8_rep1,kafka,sb-events-n10-feed8-rep1,ab008c7a-2b07-4eae-b099-954b9796e945,3895060,343,27390203700,27390204200
concurrency_n10_20260613_002350_kafka_feed8_rep1,kafka,sb-events-n10-feed8-rep1,2dee0337-4ec1-457b-b815-9d8a196054fa,3895074,343,27401433900,27401434800
concurrency_n10_20260613_002350_kafka_feed8_rep1,kafka,sb-events-n10-feed8-rep1,419d604d-a424-4cae-a803-c460f1dc815f,3895074,343,27407260300,27407260800
concurrency_n10_20260613_002350_kafka_feed8_rep1,kafka,sb-events-n10-feed8-rep1,f41c6945-e298-4e35-a108-4bbed3e5b100,3895074,343,27407309700,27407309900
concurrency_n10_20260613_002350_kafka_feed8_rep1,kafka,sb-events-n10-feed8-rep1,1d8551de-c1ee-4ca5-8d68-0f15eb98958f,3895107,343,27407331800,27407332000
concurrency_n10_20260613_002350_kafka_feed8_rep1,kafka,sb-events-n10-feed8-rep1,9babf8c5-67b9-439f-bd51-48d61e760b16,3895113,343,27416661100,27416661400
concurrency_n10_20260613_002350_kafka_feed8_rep1,kafka,sb-events-n10-feed8-rep1,9c55823d-4323-4766-861b-d238a3a85b03,3895113,343,27425505100,27425505900
concurrency_n10_20260613_002350_kafka_feed8_rep1,kafka,sb-events-n10-feed8-rep1,fd06eb44-3503-4922-b4b5-f3312ae79ae5,3895095,344,27425553600,27425553800
concurrency_n10_20260613_002350_kafka_feed8_rep1,kafka,sb-events-n10-feed8-rep1,72e371a5-8cb6-44a6-9b7e-d13440a95694,3895095,344,27431837600,27431838000
concurrency_n10_20260613_002350_kafka_feed8_rep1,kafka,sb-events-n10-feed8-rep1,79ca4247-889f-4683-a44c-3fa06bb50464,3895060,344,27431877800,27431878000
concurrency_n10_20260613_002350_kafka_feed8_rep1,kafka,sb-events-n10-feed8-rep1,36a8d13e-1f93-4d2b-8b45-c6838ef8ee76,3895060,344,27443412100,27443412500
concurrency_n10_20260613_002350_kafka_feed8_rep1,kafka,sb-events-n10-feed8-rep1,7f94ef98-b609-49bf-b69a-6c6c6fb25ce9,3895107,344,27448054700,27448055100
concurrency_n10_20260613_002350_kafka_feed8_rep1,kafka,sb-events-n10-feed8-rep1,3c9f7726-9b68-4a96-a0fd-abca0df71e7c,3895107,344,27448238400,27448238700
concurrency_n10_20260613_002350_kafka_feed8_rep1,kafka,sb-events-n10-feed8-rep1,1bc58959-c3b6-4947-98a4-bd2beed0d9a3,3895113,344,27448266100,27448266200
concurrency_n10_20260613_002350_kafka_feed8_rep1,kafka,sb-events-n10-feed8-rep1,2d9bc062-7203-4d6b-b97b-9dd70dd43533,3895113,344,27455826600,27455827100
concurrency_n10_20260613_002350_kafka_feed8_rep1,kafka,sb-events-n10-feed8-rep1,a50f2ca1-6386-4b5f-96a4-88c212f1e059,3895107,345,27461841900,27461842200
concurrency_n10_20260613_002350_kafka_feed8_rep1,kafka,sb-events-n10-feed8-rep1,432ae0a0-c58e-4922-9d9c-e18b893e4943,3895095,345,27461881000,27461881200
concurrency_n10_20260613_002350_kafka_feed8_rep1,kafka,sb-events-n10-feed8-rep1,1591db9c-ff05-4166-bdd8-5aa39ba3b255,3895095,345,27461902100,27461902300
concurrency_n10_20260613_002350_kafka_feed8_rep1,kafka,sb-events-n10-feed8-rep1,1145ec18-0385-4a9a-afa7-6af3fe19cc8d,3895134,345,27470203200,27470203700
concurrency_n10_20260613_002350_kafka_feed8_rep1,kafka,sb-events-n10-feed8-rep1,95ae91bc-578d-4b57-a36f-887eb4c66378,3895134,345,27475820400,27475820900
concurrency_n10_20260613_002350_kafka_feed8_rep1,kafka,sb-events-n10-feed8-rep1,ee9ea508-8f1e-4e9c-80d5-fa066cb16b25,3895113,345,27481028800,27481029200
concurrency_n10_20260613_002350_kafka_feed8_rep1,kafka,sb-events-n10-feed8-rep1,75285962-3d92-4618-8457-28b7b780d192,3895107,346,27487611800,27487612100
concurrency_n10_20260613_002350_kafka_feed8_rep1,kafka,sb-events-n10-feed8-rep1,544cfa4b-c713-4a3c-a50b-70632e79ba7f,3895113,345,27487648600,27487648800
concurrency_n10_20260613_002350_kafka_feed8_rep1,kafka,sb-events-n10-feed8-rep1,ac48dcc4-9c6a-4816-a531-4561b8da0ebb,3895107,346,27492599000,27492599500
concurrency_n10_20260613_002350_kafka_feed8_rep1,kafka,sb-events-n10-feed8-rep1,37acd007-1461-4018-98d9-9768ed35bffa,3895134,346,27498894200,27498895500
concurrency_n10_20260613_002350_kafka_feed8_rep1,kafka,sb-events-n10-feed8-rep1,0dd41e1b-acba-4aba-81bf-b1fcb066ec70,3895134,346,27503616200,27503616700
concurrency_n10_20260613_002350_kafka_feed8_rep1,kafka,sb-events-n10-feed8-rep1,ba3ff544-13c4-4a77-b3cf-fdc0569d4948,3895067,347,27508630000,27508630300
concurrency_n10_20260613_002350_kafka_feed8_rep1,kafka,sb-events-n10-feed8-rep1,9ebf1956-333d-441d-8340-a3d9b2efd2f2,3895107,347,27516150300,27516150800
concurrency_n10_20260613_002350_kafka_feed8_rep1,kafka,sb-events-n10-feed8-rep1,3f516b22-ee40-4efe-a6a4-6b76dec2ed43,3895052,347,27523391500,27523391700
concurrency_n10_20260613_002350_kafka_feed8_rep1,kafka,sb-events-n10-feed8-rep1,d0d2c9bb-b2d1-4329-8cce-d7c58282e975,3895086,347,27523429200,27523429400
concurrency_n10_20260613_002350_kafka_feed8_rep1,kafka,sb-events-n10-feed8-rep1,f1371f3b-05f3-4445-902c-d8f3bb1542fb,3895113,347,27527833700,27527834200
concurrency_n10_20260613_002350_kafka_feed8_rep1,kafka,sb-events-n10-feed8-rep1,d6ab8ba6-67c1-430b-8b9f-90523edc8bb8,3895095,348,27527873100,27527873300
concurrency_n10_20260613_002350_kafka_feed8_rep1,kafka,sb-events-n10-feed8-rep1,b45c1713-cdd8-4c1b-91dc-3a64d437ddfa,3895107,348,27535510100,27535510500
concurrency_n10_20260613_002350_kafka_feed8_rep1,kafka,sb-events-n10-feed8-rep1,8c3f9bee-a8a1-4e73-adce-38c5d8374870,3895107,348,27541731200,27541731700
concurrency_n10_20260613_002350_kafka_feed8_rep1,kafka,sb-events-n10-feed8-rep1,44ab001f-4d1d-4de1-b63c-e57d9d5f65d0,3895113,348,27548723000,27548723400
concurrency_n10_20260613_002350_kafka_feed8_rep1,kafka,sb-events-n10-feed8-rep1,77bb8929-ccb4-4d5f-bbe2-2f0cddd68551,3895113,348,27556928900,27556929600
concurrency_n10_20260613_002350_kafka_feed8_rep1,kafka,sb-events-n10-feed8-rep1,423b17a2-1559-4a45-93ec-63e0b06247d2,3895121,349,27556973500,27556973700
concurrency_n10_20260613_002350_kafka_feed8_rep1,kafka,sb-events-n10-feed8-rep1,6b13594f-1e9a-4e86-b054-5bf465657daf,3895074,349,27564204300,27564204800
concurrency_n10_20260613_002350_kafka_feed8_rep1,kafka,sb-events-n10-feed8-rep1,a375e4ce-c2a1-40cb-a345-67396467f5c0,3895107,349,27564251400,27564251600
concurrency_n10_20260613_002350_kafka_feed8_rep1,kafka,sb-events-n10-feed8-rep1,aa7bac1a-585b-4860-8a08-dccac94ceef6,3895052,349,27577987900,27577988200
concurrency_n10_20260613_002350_kafka_feed8_rep1,kafka,sb-events-n10-feed8-rep1,f5754023-5f50-4bb2-a974-a76618d41e73,3895086,349,27578028200,27578028400
concurrency_n10_20260613_002350_kafka_feed8_rep1,kafka,sb-events-n10-feed8-rep1,f7301563-b4ea-408d-a5ed-7512612d2757,3895086,349,27585627800,27585628300
concurrency_n10_20260613_002350_kafka_feed8_rep1,kafka,sb-events-n10-feed8-rep1,ce266724-c08b-403c-b604-2b4fa1ab5ad4,3895113,349,27585672000,27585672200
concurrency_n10_20260613_002350_kafka_feed8_rep1,kafka,sb-events-n10-feed8-rep1,2ea9d0ec-a028-47f0-a7d4-c19bac12e727,3895095,350,27592793600,27592794000
concurrency_n10_20260613_002350_kafka_feed8_rep1,kafka,sb-events-n10-feed8-rep1,531febc4-d1a2-4398-ac27-7c534bca2622,3895095,350,27604142200,27604142700
concurrency_n10_20260613_002350_kafka_feed8_rep1,kafka,sb-events-n10-feed8-rep1,44f62541-fa13-421a-883e-363593814133,3895121,350,27611683000,27611683300
concurrency_n10_20260613_002350_kafka_feed8_rep1,kafka,sb-events-n10-feed8-rep1,c5f5c5d8-0a54-458d-b298-0d47bbb405a1,3895121,350,27615939700,27615940200
concurrency_n10_20260613_002350_kafka_feed8_rep1,kafka,sb-events-n10-feed8-rep1,5a0e4337-083a-4631-8324-2a2ae7fb9736,3895067,350,27620851300,27620851800
concurrency_n10_20260613_002350_kafka_feed8_rep1,kafka,sb-events-n10-feed8-rep1,5095e9f2-b041-49a3-9ebb-54b9544ec710,3895067,350,27626837400,27626838100
concurrency_n10_20260613_002350_kafka_feed8_rep1,kafka,sb-events-n10-feed8-rep1,dbfe72ee-8e62-4ebe-b6c7-9217a53d5803,3895067,350,27633689800,27633690100
concurrency_n10_20260613_002350_kafka_feed8_rep1,kafka,sb-events-n10-feed8-rep1,900a039a-e94b-4b2f-8b24-47ca5923b12c,3895107,350,27643397500,27643397800
concurrency_n10_20260613_002350_kafka_feed8_rep1,kafka,sb-events-n10-feed8-rep1,013d2f57-a3d8-41b5-98c1-00a242e11384,3895107,350,27651208100,27651208600
concurrency_n10_20260613_002350_kafka_feed8_rep1,kafka,sb-events-n10-feed8-rep1,255d6e3d-7309-485e-ad7b-8fa794aa5b9e,3895052,350,27664116400,27664117000
concurrency_n10_20260613_002350_kafka_feed8_rep1,kafka,sb-events-n10-feed8-rep1,e636d562-f572-4462-a730-c3e48e5fc8dc,3895121,351,27670519800,27670520200
concurrency_n10_20260613_002350_kafka_feed8_rep1,kafka,sb-events-n10-feed8-rep1,8520ef69-be71-4c8e-8beb-cc29f4554038,3895113,350,27670560400,27670560600
concurrency_n10_20260613_002350_kafka_feed8_rep1,kafka,sb-events-n10-feed8-rep1,db882fff-09aa-47b4-9837-5eb7852c46cc,3895113,350,27670583100,27670583300
concurrency_n10_20260613_002350_kafka_feed8_rep1,kafka,sb-events-n10-feed8-rep1,929983a0-f737-483c-8ccc-c22dd0b4c758,3895121,351,27679557600,27679558200
concurrency_n10_20260613_002350_kafka_feed8_rep1,kafka,sb-events-n10-feed8-rep1,5d042596-1978-41d1-b07e-d438d6e68678,3895074,351,27686904300,27686905000
concurrency_n10_20260613_002350_kafka_feed8_rep1,kafka,sb-events-n10-feed8-rep1,a14133d0-1a67-4da3-bda8-b019d9a65546,3895074,351,27695773600,27695774100
concurrency_n10_20260613_002350_kafka_feed8_rep1,kafka,sb-events-n10-feed8-rep1,97373857-8573-46fe-8502-0ec9ec5dbafb,3895074,351,27702410400,27702411100
concurrency_n10_20260613_002350_kafka_feed8_rep1,kafka,sb-events-n10-feed8-rep1,92eec2ef-ec3f-42b8-8f5a-18fc3408c000,3895134,351,27702452900,27702453200
concurrency_n10_20260613_002350_kafka_feed8_rep1,kafka,sb-events-n10-feed8-rep1,9ee96fd8-7e6a-4530-99f7-e8fe35b831d6,3895052,351,27708773400,27708774300
concurrency_n10_20260613_002350_kafka_feed8_rep1,kafka,sb-events-n10-feed8-rep1,0674a04b-50d5-4a36-b451-937df82b0b82,3895052,351,27709083000,27709083300
concurrency_n10_20260613_002350_kafka_feed8_rep1,kafka,sb-events-n10-feed8-rep1,e6ea7a99-989a-4a27-bf9e-0eac58318c01,3895086,351,27714228700,27714229200
concurrency_n10_20260613_002350_kafka_feed8_rep1,kafka,sb-events-n10-feed8-rep1,f7e9fa20-5fb2-4d16-868d-a2506930f758,3895086,351,27723417500,27723418000
concurrency_n10_20260613_002350_kafka_feed8_rep1,kafka,sb-events-n10-feed8-rep1,808af9fa-4b11-4c37-96c7-ac81aabe7b00,3895086,351,27728111500,27728112000
concurrency_n10_20260613_002350_kafka_feed8_rep1,kafka,sb-events-n10-feed8-rep1,c4478270-22e1-4a2e-b21e-5e0def1a5ade,3895095,352,27732983600,27732984000
concurrency_n10_20260613_002350_kafka_feed8_rep1,kafka,sb-events-n10-feed8-rep1,0da76901-89e3-4054-96a5-ef5d4fdcd847,3895121,352,27739388700,27739389000
concurrency_n10_20260613_002350_kafka_feed8_rep1,kafka,sb-events-n10-feed8-rep1,4f41e8c4-02b8-40e7-9d40-2ce3a724fa72,3895121,352,27746428700,27746429100
concurrency_n10_20260613_002350_kafka_feed8_rep1,kafka,sb-events-n10-feed8-rep1,636679fa-6ff4-4b70-b8da-80c52344fd3e,3895067,352,27746464900,27746465200
concurrency_n10_20260613_002350_kafka_feed8_rep1,kafka,sb-events-n10-feed8-rep1,c8095c62-7453-463a-8f11-f45a07e2d6a1,3895067,352,27758320600,27758321300
concurrency_n10_20260613_002350_kafka_feed8_rep1,kafka,sb-events-n10-feed8-rep1,022b80dd-c3d4-496a-b9a1-13ec8f95ef16,3895074,352,27758391500,27758391700
concurrency_n10_20260613_002350_kafka_feed8_rep1,kafka,sb-events-n10-feed8-rep1,6cf92e59-803f-45c6-93a9-1af3645b6d04,3895067,352,27758428200,27758428500
concurrency_n10_20260613_002350_kafka_feed8_rep1,kafka,sb-events-n10-feed8-rep1,690ccf73-3c6e-4ca8-af6d-43e2cd71d9a4,3895121,353,27767979000,27767979500
concurrency_n10_20260613_002350_kafka_feed8_rep1,kafka,sb-events-n10-feed8-rep1,1ba2479a-3e74-4346-b068-44f45c8da8b3,3895074,353,27774811800,27774812300
concurrency_n10_20260613_002350_kafka_feed8_rep1,kafka,sb-events-n10-feed8-rep1,5f4d249d-781d-4e55-93cd-45a93e706aa6,3895074,353,27782918200,27782918700
concurrency_n10_20260613_002350_kafka_feed8_rep1,kafka,sb-events-n10-feed8-rep1,4b593dcb-bc9a-4b6b-b866-de06556e75ad,3895074,353,27782960000,27782960200
concurrency_n10_20260613_002350_kafka_feed8_rep1,kafka,sb-events-n10-feed8-rep1,c567a09c-23a2-41c2-9952-05e8de3b17f1,3895134,353,27792975200,27792975600
concurrency_n10_20260613_002350_kafka_feed8_rep1,kafka,sb-events-n10-feed8-rep1,0844a9d6-fbb5-4a26-8687-53ad754f56e7,3895134,353,27801381800,27801382500
concurrency_n10_20260613_002350_kafka_feed8_rep1,kafka,sb-events-n10-feed8-rep1,a3df59c8-cf02-4d37-bf5b-d2589fd3e6bf,3895086,353,27801436300,27801436700
concurrency_n10_20260613_002350_kafka_feed8_rep1,kafka,sb-events-n10-feed8-rep1,3d81beef-a8a3-49e4-b1bc-b3ac126fcc44,3895095,354,27825850000,27825850600
concurrency_n10_20260613_002350_kafka_feed8_rep1,kafka,sb-events-n10-feed8-rep1,1635501e-6069-489e-bc97-60be68d5acbf,3895095,354,27825889100,27825889300
concurrency_n10_20260613_002350_kafka_feed8_rep1,kafka,sb-events-n10-feed8-rep1,a2cf3355-33aa-42c4-b369-9e5258da011e,3895095,354,27840795600,27840796300
concurrency_n10_20260613_002350_kafka_feed8_rep1,kafka,sb-events-n10-feed8-rep1,0613d0f6-5512-4f13-8c54-69900aeffd4c,3895121,354,27840838900,27840839100
concurrency_n10_20260613_002350_kafka_feed8_rep1,kafka,sb-events-n10-feed8-rep1,9e467124-ed14-41b1-ae7c-83af31974e51,3895074,354,27840936300,27840936500
concurrency_n10_20260613_002350_kafka_feed8_rep1,kafka,sb-events-n10-feed8-rep1,4fcfcc60-392e-48ff-bfda-3738123b9b14,3895067,354,27840962400,27840962600
concurrency_n10_20260613_002350_kafka_feed8_rep1,kafka,sb-events-n10-feed8-rep1,3c9d821e-cd1d-40d8-b6cc-ebfdba7e3552,3895067,354,27840984300,27840984600
concurrency_n10_20260613_002350_kafka_feed8_rep1,kafka,sb-events-n10-feed8-rep1,dbd193b4-9436-4a57-930e-b83bcb5dda0b,3895074,354,27841005400,27841005600
concurrency_n10_20260613_002350_kafka_feed8_rep1,kafka,sb-events-n10-feed8-rep1,e505e81c-2a00-4469-b96d-4138c8795413,3895074,354,27851543600,27851544200
concurrency_n10_20260613_002350_kafka_feed8_rep1,kafka,sb-events-n10-feed8-rep1,05e5ad24-d023-49d2-aa5a-330e3c90ce62,3895134,354,27851589800,27851590000
concurrency_n10_20260613_002350_kafka_feed8_rep1,kafka,sb-events-n10-feed8-rep1,35bb4379-6293-40c4-8b6e-bded481be933,3895095,355,27864567700,27864568100
concurrency_n10_20260613_002350_kafka_feed8_rep1,kafka,sb-events-n10-feed8-rep1,0f08928d-929c-417d-9c32-4b22b7ff172f,3895095,355,27864606900,27864607100
concurrency_n10_20260613_002350_kafka_feed8_rep1,kafka,sb-events-n10-feed8-rep1,8b96b887-80a9-4a57-99dd-415b5e19a6a0,3895095,355,27864627900,27864628100
concurrency_n10_20260613_002350_kafka_feed8_rep1,kafka,sb-events-n10-feed8-rep1,11f82d11-f3aa-4650-9992-9dc2e6838811,3895067,355,27874351800,27874352100
concurrency_n10_20260613_002350_kafka_feed8_rep1,kafka,sb-events-n10-feed8-rep1,a14fbff7-c39f-4bca-9a3e-9f2af4f6d1c9,3895067,355,27877969700,27877970100
concurrency_n10_20260613_002350_kafka_feed8_rep1,kafka,sb-events-n10-feed8-rep1,8e9b56bf-c9eb-4d50-a829-b70de02f7adb,3895134,355,27886322200,27886322800
concurrency_n10_20260613_002350_kafka_feed8_rep1,kafka,sb-events-n10-feed8-rep1,da3669aa-68ba-4aa3-a220-6f073829d078,3895067,355,27886362000,27886362200
concurrency_n10_20260613_002350_kafka_feed8_rep1,kafka,sb-events-n10-feed8-rep1,c9545898-f161-4c9d-9a0b-8793de625bcc,3895134,355,27898638800,27898639200
concurrency_n10_20260613_002350_kafka_feed8_rep1,kafka,sb-events-n10-feed8-rep1,0f0946e2-9309-4794-87fe-89df747a3e6d,3895086,355,27908635200,27908636200
concurrency_n10_20260613_002350_kafka_feed8_rep1,kafka,sb-events-n10-feed8-rep1,67d749a9-d258-4ad4-ac55-609ba90cf84c,3895113,355,27920125100,27920125300
concurrency_n10_20260613_002350_kafka_feed8_rep1,kafka,sb-events-n10-feed8-rep1,cd3f2d0a-aeb3-4b34-a0f2-3eb12e54bd55,3895086,355,27920162700,27920162900
concurrency_n10_20260613_002350_kafka_feed8_rep1,kafka,sb-events-n10-feed8-rep1,abfe23c2-ade5-4f19-9243-c42bc6acc499,3895095,356,27926438200,27926438700
concurrency_n10_20260613_002350_kafka_feed8_rep1,kafka,sb-events-n10-feed8-rep1,6ac4f18d-3142-4279-ad27-1b5c1f29213c,3895095,356,27926482100,27926482300
concurrency_n10_20260613_002350_kafka_feed8_rep1,kafka,sb-events-n10-feed8-rep1,958d8eff-6600-41d0-b547-651815753987,3895095,356,27932222900,27932223300
concurrency_n10_20260613_002350_kafka_feed8_rep1,kafka,sb-events-n10-feed8-rep1,5ed9a389-42e1-4784-be3d-4cbebb664292,3895095,356,27939527900,27939528200
concurrency_n10_20260613_002350_kafka_feed8_rep1,kafka,sb-events-n10-feed8-rep1,ecdc4eb5-081e-4867-970a-cfe7e3dec346,3895121,356,27946390600,27946391500
concurrency_n10_20260613_002350_kafka_feed8_rep1,kafka,sb-events-n10-feed8-rep1,ead79ea4-823f-4a03-8f36-d2982bb018e2,3895067,356,27957303100,27957303400
concurrency_n10_20260613_002350_kafka_feed8_rep1,kafka,sb-events-n10-feed8-rep1,38505484-d1c7-4960-896e-5776910748bc,3895121,356,27957343000,27957343200
concurrency_n10_20260613_002350_kafka_feed8_rep1,kafka,sb-events-n10-feed8-rep1,cc9e27ee-245f-4af1-a5bb-614ae8d6c057,3895121,356,27957365100,27957365200
concurrency_n10_20260613_002350_kafka_feed8_rep1,kafka,sb-events-n10-feed8-rep1,00f2c51f-ecac-4106-968a-1cce717d6a91,3895074,356,27967641300,27967642100
concurrency_n10_20260613_002350_kafka_feed8_rep1,kafka,sb-events-n10-feed8-rep1,a2877987-23c1-4047-b18d-b2e9a7a16eaa,3895134,356,27975626000,27975626700
concurrency_n10_20260613_002350_kafka_feed8_rep1,kafka,sb-events-n10-feed8-rep1,152698ea-6ce8-4b88-9161-24663669ee93,3895134,356,27975673800,27975674000
concurrency_n10_20260613_002350_kafka_feed8_rep1,kafka,sb-events-n10-feed8-rep1,ba2388ef-4130-4f6e-81f1-ea3241225526,3895074,356,27975700300,27975700500
concurrency_n10_20260613_002350_kafka_feed8_rep1,kafka,sb-events-n10-feed8-rep1,f860c0f1-35fa-4b68-bae2-0b3826695770,3895095,357,27980261700,27980262000
concurrency_n10_20260613_002350_kafka_feed8_rep1,kafka,sb-events-n10-feed8-rep1,dfda4064-2960-4520-ba52-9ed4894ac590,3895121,357,27987945700,27987946200
concurrency_n10_20260613_002350_kafka_feed8_rep1,kafka,sb-events-n10-feed8-rep1,214c184b-01af-4b15-a374-02e2b44b5e63,3895074,357,27995733200,27995733600
concurrency_n10_20260613_002350_kafka_feed8_rep1,kafka,sb-events-n10-feed8-rep1,6cbd006a-52e4-4a4c-93c1-c5704aeb8549,3895052,357,28001706900,28001707600
concurrency_n10_20260613_002350_kafka_feed8_rep1,kafka,sb-events-n10-feed8-rep1,c0007622-67a8-466c-9108-c712e65fe291,3895113,357,28008174900,28008175600
concurrency_n10_20260613_002350_kafka_feed8_rep1,kafka,sb-events-n10-feed8-rep1,0281400d-53a7-4dc7-a6b8-99471e9c4ecb,3895113,357,28008219900,28008220100
concurrency_n10_20260613_002350_kafka_feed8_rep1,kafka,sb-events-n10-feed8-rep1,ce9db25a-5fec-4547-8526-61c3141c4d0d,3895067,358,28013278800,28013279300
concurrency_n10_20260613_002350_kafka_feed8_rep1,kafka,sb-events-n10-feed8-rep1,3aab850c-1a11-4641-bf19-c6c5f966abb3,3895067,358,28021492900,28021493300
concurrency_n10_20260613_002350_kafka_feed8_rep1,kafka,sb-events-n10-feed8-rep1,60b08e8c-3c15-4d30-8ebb-c5f83e449d83,3895052,358,28033227500,28033228000
concurrency_n10_20260613_002350_kafka_feed8_rep1,kafka,sb-events-n10-feed8-rep1,edf1a557-c2a7-42cc-ae0f-78d824ad78ca,3895052,358,28033269700,28033269900
concurrency_n10_20260613_002350_kafka_feed8_rep1,kafka,sb-events-n10-feed8-rep1,de72c156-22fc-4732-889a-d7c7e5f73bdc,3895052,358,28044446400,28044446900
concurrency_n10_20260613_002350_kafka_feed8_rep1,kafka,sb-events-n10-feed8-rep1,28cf5ab9-fc42-47ce-ae7c-43a10aba3bcc,3895134,358,28051668300,28051668600
concurrency_n10_20260613_002350_kafka_feed8_rep1,kafka,sb-events-n10-feed8-rep1,0e144e45-eed9-4c1f-b16e-f7fd087181a9,3895086,358,28051709000,28051709200
concurrency_n10_20260613_002350_kafka_feed8_rep1,kafka,sb-events-n10-feed8-rep1,245d3f1d-83b4-4ba5-899a-a743f64dc044,3895113,358,28062808800,28062809300
concurrency_n10_20260613_002350_kafka_feed8_rep1,kafka,sb-events-n10-feed8-rep1,f8786ba2-27cb-40e0-bd36-0bff4387846e,3895134,359,28062850400,28062850600
concurrency_n10_20260613_002350_kafka_feed8_rep1,kafka,sb-events-n10-feed8-rep1,f9c3a117-027a-43e5-9189-2884e85151bf,3895134,359,28073243700,28073244100
concurrency_n10_20260613_002350_kafka_feed8_rep1,kafka,sb-events-n10-feed8-rep1,f9627c67-19a0-4814-94b7-cca3d3e36e1e,3895086,359,28086226900,28086227500
concurrency_n10_20260613_002350_kafka_feed8_rep1,kafka,sb-events-n10-feed8-rep1,0fa3e9fc-8f59-4d93-ad54-9dafec6fe2cb,3895086,359,28086294900,28086295200
concurrency_n10_20260613_002350_kafka_feed8_rep1,kafka,sb-events-n10-feed8-rep1,e20fe4de-bcb4-4354-a27d-c27fe5b54a9c,3895086,359,28097293300,28097293700
concurrency_n10_20260613_002350_kafka_feed8_rep1,kafka,sb-events-n10-feed8-rep1,60bce52d-2353-40d5-986f-2f7e0c049878,3895113,359,28097335700,28097336000
concurrency_n10_20260613_002350_kafka_feed8_rep1,kafka,sb-events-n10-feed8-rep1,02992e62-fe65-4047-a654-9d393d3e5e92,3895086,359,28097411300,28097411500
concurrency_n10_20260613_002350_kafka_feed8_rep1,kafka,sb-events-n10-feed8-rep1,2fe9d024-0f17-41f3-83f8-fbca099420c4,3895113,359,28105542400,28105543100
concurrency_n10_20260613_002350_kafka_feed8_rep1,kafka,sb-events-n10-feed8-rep1,355b7db0-1547-4fc3-82b8-5c15b55cf280,3895095,360,28113028500,28113029100
concurrency_n10_20260613_002350_kafka_feed8_rep1,kafka,sb-events-n10-feed8-rep1,8babaa5e-85a6-4d8b-964c-b66c4119fcd6,3895113,359,28113094700,28113094900
concurrency_n10_20260613_002350_kafka_feed8_rep1,kafka,sb-events-n10-feed8-rep1,cff91afe-1d5c-4f6f-8895-e785eced2820,3895095,360,28126682200,28126682600
concurrency_n10_20260613_002350_kafka_feed8_rep1,kafka,sb-events-n10-feed8-rep1,ee92e12e-f23a-4761-a845-0961fa9055f1,3895121,360,28132008900,28132009300
concurrency_n10_20260613_002350_kafka_feed8_rep1,kafka,sb-events-n10-feed8-rep1,f313c992-04cf-4ac8-9bab-46a71fb7d6f0,3895121,360,28132048700,28132048900
concurrency_n10_20260613_002350_kafka_feed8_rep1,kafka,sb-events-n10-feed8-rep1,6e770056-0d66-4c82-9be5-1b5ca3bc8fea,3895052,360,28132069100,28132069300
concurrency_n10_20260613_002350_kafka_feed8_rep1,kafka,sb-events-n10-feed8-rep1,ee281be8-1568-4ee1-9896-2779797d84ae,3895052,360,28140065300,28140065700
concurrency_n10_20260613_002350_kafka_feed8_rep1,kafka,sb-events-n10-feed8-rep1,282d6fe5-de30-4959-b323-4b5e8779ac01,3895134,360,28149554100,28149554900
concurrency_n10_20260613_002350_kafka_feed8_rep1,kafka,sb-events-n10-feed8-rep1,2dfda464-8059-45fd-b9f3-c98ea63a12e8,3895067,361,28155860600,28155861000
concurrency_n10_20260613_002350_kafka_feed8_rep1,kafka,sb-events-n10-feed8-rep1,f1c2c38d-0bf7-48c9-812b-59135e52e6c2,3895074,361,28159613300,28159613700
concurrency_n10_20260613_002350_kafka_feed8_rep1,kafka,sb-events-n10-feed8-rep1,e00464cd-75d7-4ead-b904-c7236b444d70,3895134,361,28166585800,28166586200
concurrency_n10_20260613_002350_kafka_feed8_rep1,kafka,sb-events-n10-feed8-rep1,5007fa57-f4c9-4e85-a5f9-f8b74f1ec2e8,3895134,361,28172573500,28172573800
concurrency_n10_20260613_002350_kafka_feed8_rep1,kafka,sb-events-n10-feed8-rep1,3476ed98-2de1-4af9-ae70-98e661dce747,3895086,361,28172611600,28172611800
concurrency_n10_20260613_002350_kafka_feed8_rep1,kafka,sb-events-n10-feed8-rep1,36860fee-d690-4a82-92c1-2ce4512541be,3895086,361,28183574100,28183574600
concurrency_n10_20260613_002350_kafka_feed8_rep1,kafka,sb-events-n10-feed8-rep1,3b117be0-886b-41b1-acc0-2a795d50b148,3895113,361,28195636400,28195636800
concurrency_n10_20260613_002350_kafka_feed8_rep1,kafka,sb-events-n10-feed8-rep1,a463ae1e-6b26-4133-9944-dced564e7662,3895086,361,28195802300,28195802600
concurrency_n10_20260613_002350_kafka_feed8_rep1,kafka,sb-events-n10-feed8-rep1,defd9a85-07d2-45a1-bed5-12073c366a13,3895095,362,28201425000,28201425400
concurrency_n10_20260613_002350_kafka_feed8_rep1,kafka,sb-events-n10-feed8-rep1,08dca067-1875-49e1-8696-b36931d5a065,3895113,361,28201468500,28201468700
concurrency_n10_20260613_002350_kafka_feed8_rep1,kafka,sb-events-n10-feed8-rep1,c20ec538-b95e-4fde-bd21-1e0819073174,3895113,361,28201491800,28201492100
concurrency_n10_20260613_002350_kafka_feed8_rep1,kafka,sb-events-n10-feed8-rep1,9046d726-2398-4328-8011-506c88d8080f,3895095,362,28210491900,28210492400
concurrency_n10_20260613_002350_kafka_feed8_rep1,kafka,sb-events-n10-feed8-rep1,fb619b46-3deb-488a-bd9d-be13628389f9,3895074,362,28222067300,28222067800
concurrency_n10_20260613_002350_kafka_feed8_rep1,kafka,sb-events-n10-feed8-rep1,7abf4506-6455-4e0b-8802-01f2dfa27e88,3895074,362,28232537400,28232537800
concurrency_n10_20260613_002350_kafka_feed8_rep1,kafka,sb-events-n10-feed8-rep1,c67a22ed-5cd6-42ad-999c-652ccca43f74,3895074,362,28241881300,28241881900
concurrency_n10_20260613_002350_kafka_feed8_rep1,kafka,sb-events-n10-feed8-rep1,0fffe00c-e44e-4e93-8a65-20e01cf8f43c,3895121,363,28272092100,28272092500
concurrency_n10_20260613_002350_kafka_feed8_rep1,kafka,sb-events-n10-feed8-rep1,2e0ee3af-b22d-44f1-9021-f28ef06bac68,3895052,363,28272135200,28272135400
concurrency_n10_20260613_002350_kafka_feed8_rep1,kafka,sb-events-n10-feed8-rep1,8458aa78-520c-4345-b04f-b85b35a96d00,3895121,363,28272155600,28272155800
concurrency_n10_20260613_002350_kafka_feed8_rep1,kafka,sb-events-n10-feed8-rep1,aa8f36fc-cb33-4568-b372-7c1c883c17a0,3895052,362,28272175500,28272175600
concurrency_n10_20260613_002350_kafka_feed8_rep1,kafka,sb-events-n10-feed8-rep1,f6135718-1c31-45cb-893b-113626a17b67,3895121,363,28272195700,28272195800
concurrency_n10_20260613_002350_kafka_feed8_rep1,kafka,sb-events-n10-feed8-rep1,ad40b95f-3d3b-4c06-94f6-a8ccc28c9854,3895052,363,28280331800,28280332200
concurrency_n10_20260613_002350_kafka_feed8_rep1,kafka,sb-events-n10-feed8-rep1,c113e55e-e19b-4e04-a5ab-a22df4b23459,3895052,363,28280390700,28280391000
concurrency_n10_20260613_002350_kafka_feed8_rep1,kafka,sb-events-n10-feed8-rep1,1974342f-bb31-4283-bc10-0840f8cebf69,3895052,363,28280496600,28280497000
concurrency_n10_20260613_002350_kafka_feed8_rep1,kafka,sb-events-n10-feed8-rep1,fcafc7bc-afa4-4766-8fc6-ce4a1355cff6,3895134,363,28289886600,28289887100
concurrency_n10_20260613_002350_kafka_feed8_rep1,kafka,sb-events-n10-feed8-rep1,57a5e193-63f6-469f-9df6-5e044744d3ae,3895095,364,28298865700,28298866200
concurrency_n10_20260613_002350_kafka_feed8_rep1,kafka,sb-events-n10-feed8-rep1,475c8a17-3068-489b-bfc4-5590d9df9115,3895067,364,28298907800,28298908100
concurrency_n10_20260613_002350_kafka_feed8_rep1,kafka,sb-events-n10-feed8-rep1,7c01b171-f84a-496c-8a7e-a693249c1a76,3895067,364,28308315400,28308315700
concurrency_n10_20260613_002350_kafka_feed8_rep1,kafka,sb-events-n10-feed8-rep1,d53c3462-aa56-4d95-ab95-6ee2d4f78636,3895067,364,28319994200,28319994700
concurrency_n10_20260613_002350_kafka_feed8_rep1,kafka,sb-events-n10-feed8-rep1,c218797c-605e-41c4-815a-49f6c92710a0,3895121,365,28326970000,28326970300
concurrency_n10_20260613_002350_kafka_feed8_rep1,kafka,sb-events-n10-feed8-rep1,aa6ed303-203b-4646-bbbd-87b7c7567e99,3895095,365,28327010100,28327010300
concurrency_n10_20260613_002350_kafka_feed8_rep1,kafka,sb-events-n10-feed8-rep1,f385f689-9a82-413a-8faa-3518eafa39fc,3895067,365,28335349200,28335349600
concurrency_n10_20260613_002350_kafka_feed8_rep1,kafka,sb-events-n10-feed8-rep1,8245ac64-0941-4583-8527-e3465503a2d2,3895067,365,28346400000,28346400700
concurrency_n10_20260613_002350_kafka_feed8_rep1,kafka,sb-events-n10-feed8-rep1,d92d6a0f-6b31-445d-bb13-06669032372a,3895067,365,28356578800,28356579200
concurrency_n10_20260613_002350_kafka_feed8_rep1,kafka,sb-events-n10-feed8-rep1,ab665f76-99ca-4836-8208-121ace3a0685,3895052,365,28356621200,28356621400
concurrency_n10_20260613_002350_kafka_feed8_rep1,kafka,sb-events-n10-feed8-rep1,f05ae67b-ba63-4783-95b3-688a540c5078,3895134,365,28364646100,28364646500
concurrency_n10_20260613_002350_kafka_feed8_rep1,kafka,sb-events-n10-feed8-rep1,83ee5950-879e-4b5b-a3ab-55af02fe066b,3895052,365,28378468600,28378468900
concurrency_n10_20260613_002350_kafka_feed8_rep1,kafka,sb-events-n10-feed8-rep1,abbce176-8471-4308-be88-7b7f67194b90,3895134,365,28378596200,28378596600
concurrency_n10_20260613_002350_kafka_feed8_rep1,kafka,sb-events-n10-feed8-rep1,e229d5e9-5dd7-4fde-9e62-25288d6862d7,3895052,365,28393280100,28393280600
concurrency_n10_20260613_002350_kafka_feed8_rep1,kafka,sb-events-n10-feed8-rep1,803d2e4e-c874-402b-9778-cb7c43eb4c55,3895086,365,28393330000,28393330300
concurrency_n10_20260613_002350_kafka_feed8_rep1,kafka,sb-events-n10-feed8-rep1,9bb8e38d-808c-4dfa-abb7-f24dfebd0f5d,3895095,366,28400598800,28400599100
concurrency_n10_20260613_002350_kafka_feed8_rep1,kafka,sb-events-n10-feed8-rep1,8107f240-4dbe-4fe7-ad48-93fca7e8dccd,3895095,366,28400645700,28400646000
concurrency_n10_20260613_002350_kafka_feed8_rep1,kafka,sb-events-n10-feed8-rep1,aa3112e8-fe93-4048-bae7-656e1ac9a0f7,3895095,366,28400670400,28400670700
concurrency_n10_20260613_002350_kafka_feed8_rep1,kafka,sb-events-n10-feed8-rep1,a08da14c-b402-45bf-a056-0626fa147733,3895121,366,28413226800,28413227400
concurrency_n10_20260613_002350_kafka_feed8_rep1,kafka,sb-events-n10-feed8-rep1,34f93cf9-a769-4297-a5ff-65410e72d129,3895067,366,28434818100,28434818500
concurrency_n10_20260613_002350_kafka_feed8_rep1,kafka,sb-events-n10-feed8-rep1,f572920c-db84-4f48-babc-194aaa3cac82,3895074,366,28434861200,28434861400
concurrency_n10_20260613_002350_kafka_feed8_rep1,kafka,sb-events-n10-feed8-rep1,0a81a309-97a3-42d6-91df-5970e7617f64,3895121,366,28434882300,28434882500
concurrency_n10_20260613_002350_kafka_feed8_rep1,kafka,sb-events-n10-feed8-rep1,04a1bfd3-78af-4e6c-b124-35ef8ce074e9,3895086,366,28434919300,28434919600
concurrency_n10_20260613_002350_kafka_feed8_rep1,kafka,sb-events-n10-feed8-rep1,0303ae29-dbf7-4fd3-b642-97ac481b14b2,3895086,366,28440364700,28440365100
concurrency_n10_20260613_002350_kafka_feed8_rep1,kafka,sb-events-n10-feed8-rep1,25665bb7-e078-4cf2-a78c-6798a1b432b3,3895113,366,28440467000,28440467300
concurrency_n10_20260613_002350_kafka_feed8_rep1,kafka,sb-events-n10-feed8-rep1,77f5dcc3-af4b-4fd8-8f8d-0777b8770ea8,3895095,367,28449542500,28449542900
concurrency_n10_20260613_002350_kafka_feed8_rep1,kafka,sb-events-n10-feed8-rep1,4dc1fbff-0da5-424f-968b-6758cfc38998,3895095,367,28463939500,28463940100
concurrency_n10_20260613_002350_kafka_feed8_rep1,kafka,sb-events-n10-feed8-rep1,36ba40fc-787a-418b-ad61-d505ce2c71e5,3895095,367,28463994200,28463994500
concurrency_n10_20260613_002350_kafka_feed8_rep1,kafka,sb-events-n10-feed8-rep1,5a39d9bb-54a4-4e59-a832-18f44f9458c4,3895134,367,28487973500,28487973900
concurrency_n10_20260613_002350_kafka_feed8_rep1,kafka,sb-events-n10-feed8-rep1,14fdaead-f14c-4958-bcb0-8ea822d3f0a8,3895052,367,28498670400,28498670900
concurrency_n10_20260613_002350_kafka_feed8_rep1,kafka,sb-events-n10-feed8-rep1,f2477d52-6b97-4a85-8c6a-3b4e1f186aa9,3895052,367,28498733400,28498733700
concurrency_n10_20260613_002350_kafka_feed8_rep1,kafka,sb-events-n10-feed8-rep1,df0eb700-15c2-427d-a67c-710a8be37b0a,3895052,367,28498755900,28498756100
concurrency_n10_20260613_002350_kafka_feed8_rep1,kafka,sb-events-n10-feed8-rep1,443e9fed-714c-4727-aa02-cedc2fed2a87,3895052,367,28519976900,28519977400
concurrency_n10_20260613_002350_kafka_feed8_rep1,kafka,sb-events-n10-feed8-rep1,9c6bef32-1d99-4f9f-9233-980c0effc9d1,3895113,367,28529417700,28529419000
concurrency_n10_20260613_002350_kafka_feed8_rep1,kafka,sb-events-n10-feed8-rep1,e6aaae8f-cc64-4a1e-9ed4-c11813507a32,3895113,367,28529466800,28529467200
concurrency_n10_20260613_002350_kafka_feed8_rep1,kafka,sb-events-n10-feed8-rep1,55a8c04b-ceb9-44e3-a929-fddea73ca539,3895121,368,28529491900,28529492100
concurrency_n10_20260613_002350_kafka_feed8_rep1,kafka,sb-events-n10-feed8-rep1,c995df46-c590-45dc-9b8a-77269c43e026,3895067,368,28538683700,28538684300
concurrency_n10_20260613_002350_kafka_feed8_rep1,kafka,sb-events-n10-feed8-rep1,85005578-a06a-4bbf-a829-51937d023399,3895067,368,28578637400,28578637900
concurrency_n10_20260613_002350_kafka_feed8_rep1,kafka,sb-events-n10-feed8-rep1,d9a06969-8cbe-4619-ac56-d579d96188fa,3895067,368,28578677300,28578677600
concurrency_n10_20260613_002350_kafka_feed8_rep1,kafka,sb-events-n10-feed8-rep1,fc89167c-5a5b-4d70-85dd-0616e064977b,3895074,368,28578699800,28578699900
concurrency_n10_20260613_002350_kafka_feed8_rep1,kafka,sb-events-n10-feed8-rep1,ff1e7593-114f-40ac-864b-7d9c44a10b48,3895074,368,28590329700,28590330000
concurrency_n10_20260613_002350_kafka_feed8_rep1,kafka,sb-events-n10-feed8-rep1,d8d6b943-1c91-4dbf-8478-a742da56061e,3895067,368,28590373800,28590374100
concurrency_n10_20260613_002350_kafka_feed8_rep1,kafka,sb-events-n10-feed8-rep1,fe3af60c-cbca-424f-9c90-a1d39d1548e2,3895074,368,28590397900,28590398100
concurrency_n10_20260613_002350_kafka_feed8_rep1,kafka,sb-events-n10-feed8-rep1,1259faac-d03e-43b5-97b1-14c47407d22b,3895134,368,28590420900,28590421100
concurrency_n10_20260613_002350_kafka_feed8_rep1,kafka,sb-events-n10-feed8-rep1,a8b15306-09d6-4a4b-8cd3-251a4f8ce9ab,3895074,368,28590440600,28590440800
concurrency_n10_20260613_002350_kafka_feed8_rep1,kafka,sb-events-n10-feed8-rep1,8948643b-6692-4135-922f-5d8da3218a49,3895134,368,28590459600,28590459700
concurrency_n10_20260613_002350_kafka_feed8_rep1,kafka,sb-events-n10-feed8-rep1,9b1b6a91-9074-4e6b-afbe-bb2972ea26e6,3895052,368,28596978900,28596979400
concurrency_n10_20260613_002350_kafka_feed8_rep1,kafka,sb-events-n10-feed8-rep1,5eb7c87e-b040-4122-89a4-8e5c755f3000,3895052,368,28604047800,28604048900
concurrency_n10_20260613_002350_kafka_feed8_rep1,kafka,sb-events-n10-feed8-rep1,0eaa22f8-78fb-4e26-b068-64a2f91ad649,3895113,368,28610393600,28610393900
concurrency_n10_20260613_002350_kafka_feed8_rep1,kafka,sb-events-n10-feed8-rep1,d01804e0-7a01-4f45-b5af-c379d27bd346,3895095,369,28610438200,28610438400
concurrency_n10_20260613_002350_kafka_feed8_rep1,kafka,sb-events-n10-feed8-rep1,b709a327-28ff-4614-9d18-f2442ad7f53c,3895095,369,28618840700,28618841100
concurrency_n10_20260613_002350_kafka_feed8_rep1,kafka,sb-events-n10-feed8-rep1,1f27409b-0a6d-4107-8ab5-82c6a18e52e3,3895121,369,28625741400,28625741700
concurrency_n10_20260613_002350_kafka_feed8_rep1,kafka,sb-events-n10-feed8-rep1,62112ae9-9ee5-4686-bf54-53ebb4743c91,3895121,369,28625778600,28625778700
concurrency_n10_20260613_002350_kafka_feed8_rep1,kafka,sb-events-n10-feed8-rep1,e02e9d6a-4918-4c04-8e0a-195785fda561,3895052,369,28632115700,28632116100
concurrency_n10_20260613_002350_kafka_feed8_rep1,kafka,sb-events-n10-feed8-rep1,bce128c2-63ca-463b-811c-cdfd5182984b,3895052,369,28638053100,28638054000
concurrency_n10_20260613_002350_kafka_feed8_rep1,kafka,sb-events-n10-feed8-rep1,fe72babe-e86a-4794-bbe4-f35c4d1e6349,3895095,370,28645536900,28645537400
concurrency_n10_20260613_002350_kafka_feed8_rep1,kafka,sb-events-n10-feed8-rep1,3bd1382b-ec25-44b9-bba4-68f65f38e751,3895095,370,28663223400,28663223900
concurrency_n10_20260613_002350_kafka_feed8_rep1,kafka,sb-events-n10-feed8-rep1,7d3ac006-672b-4312-95f9-cbc07e976f43,3895067,370,28663266600,28663266800
concurrency_n10_20260613_002350_kafka_feed8_rep1,kafka,sb-events-n10-feed8-rep1,204e574d-34db-40d4-94fa-5cda08b23cbc,3895067,370,28663289300,28663289500
concurrency_n10_20260613_002350_kafka_feed8_rep1,kafka,sb-events-n10-feed8-rep1,3c418e17-ce78-4e39-be5a-9d5f2124d399,3895134,370,28669480500,28669481000
concurrency_n10_20260613_002350_kafka_feed8_rep1,kafka,sb-events-n10-feed8-rep1,b4c8f2ae-5d72-4df5-ab35-fb6455914eed,3895113,370,28679944600,28679944900
concurrency_n10_20260613_002350_kafka_feed8_rep1,kafka,sb-events-n10-feed8-rep1,8306ea5b-2ee8-4812-b799-41913d44b2d0,3895052,370,28680269100,28680269600
concurrency_n10_20260613_002350_kafka_feed8_rep1,kafka,sb-events-n10-feed8-rep1,152aff8a-d807-4461-97c3-32865a36d63f,3895113,370,28694247000,28694247500
concurrency_n10_20260613_002350_kafka_feed8_rep1,kafka,sb-events-n10-feed8-rep1,39feeba9-f657-4284-9a2e-72815b563c01,3895113,370,28694301000,28694301400
concurrency_n10_20260613_002350_kafka_feed8_rep1,kafka,sb-events-n10-feed8-rep1,f1170d94-0863-46a8-8e12-8b316a98432b,3895095,371,28704714100,28704714600
concurrency_n10_20260613_002350_kafka_feed8_rep1,kafka,sb-events-n10-feed8-rep1,d76eb5df-841c-4e79-9020-b73bf863e897,3895052,371,28713169700,28713170300
concurrency_n10_20260613_002350_kafka_feed8_rep1,kafka,sb-events-n10-feed8-rep1,7576cc35-66f1-4ce3-a65f-979215f77c67,3895121,371,28713228200,28713228500
concurrency_n10_20260613_002350_kafka_feed8_rep1,kafka,sb-events-n10-feed8-rep1,84e9cd8e-063f-4f6c-ae7a-0f906056989b,3895107,371,28713264100,28713264400
concurrency_n10_20260613_002350_kafka_feed8_rep1,kafka,sb-events-n10-feed8-rep1,3efdf119-7c67-4366-a2cf-4e54a24f96f8,3895052,371,28728088300,28728088800
concurrency_n10_20260613_002350_kafka_feed8_rep1,kafka,sb-events-n10-feed8-rep1,3be85e6c-5fe5-4dfc-926a-90e392d0a086,3895121,372,28728140100,28728140400
concurrency_n10_20260613_002350_kafka_feed8_rep1,kafka,sb-events-n10-feed8-rep1,0483472e-cd7e-4e5a-8f1a-dc09b74ce21f,3895113,371,28728174900,28728175200
concurrency_n10_20260613_002350_kafka_feed8_rep1,kafka,sb-events-n10-feed8-rep1,7d3b7788-c771-449e-ad3a-12360e46a4c4,3895121,372,28728209800,28728210100
concurrency_n10_20260613_002350_kafka_feed8_rep1,kafka,sb-events-n10-feed8-rep1,c8e696c5-b876-4ccd-917f-129521836d12,3895134,372,28736973500,28736974000
concurrency_n10_20260613_002350_kafka_feed8_rep1,kafka,sb-events-n10-feed8-rep1,27e18532-359f-4d29-9b28-7df1a5a5619d,3895107,373,28737016600,28737016900
concurrency_n10_20260613_002350_kafka_feed8_rep1,kafka,sb-events-n10-feed8-rep1,a432244a-6ede-4833-90cc-620689485588,3895107,373,28737041200,28737041400
concurrency_n10_20260613_002350_kafka_feed8_rep1,kafka,sb-events-n10-feed8-rep1,9787df06-a760-4a42-8107-9ec47dac2ad1,3895067,373,28744147500,28744147900
concurrency_n10_20260613_002350_kafka_feed8_rep1,kafka,sb-events-n10-feed8-rep1,ae766697-ad65-49b6-bae1-5920f12dc43f,3895086,373,28753338500,28753339000
concurrency_n10_20260613_002350_kafka_feed8_rep1,kafka,sb-events-n10-feed8-rep1,575ff48f-f5c0-4ec6-b255-f2975970d0ea,3895113,373,28753426400,28753426800
concurrency_n10_20260613_002350_kafka_feed8_rep1,kafka,sb-events-n10-feed8-rep1,e9de532e-6005-45b0-8aef-bb9bb28912b0,3895113,373,28764565700,28764566300
concurrency_n10_20260613_002350_kafka_feed8_rep1,kafka,sb-events-n10-feed8-rep1,0c5aa890-9827-4b09-9ebb-27c2ca83205c,3895107,374,28771065900,28771066400
concurrency_n10_20260613_002350_kafka_feed8_rep1,kafka,sb-events-n10-feed8-rep1,33681808-32b7-47da-88fa-7434628fa1a2,3895086,374,28771108200,28771108400
concurrency_n10_20260613_002350_kafka_feed8_rep1,kafka,sb-events-n10-feed8-rep1,5c23e675-6816-462e-acb2-711fe091e3da,3895086,374,28779524800,28779525300
concurrency_n10_20260613_002350_kafka_feed8_rep1,kafka,sb-events-n10-feed8-rep1,b78a3204-6ab6-4642-9eb6-2bc2e4bf9a73,3895052,374,28779568000,28779568300
concurrency_n10_20260613_002350_kafka_feed8_rep1,kafka,sb-events-n10-feed8-rep1,6c1d23ce-be9b-4866-bccb-854ee532fb3d,3895067,375,28784758900,28784759600
concurrency_n10_20260613_002350_kafka_feed8_rep1,kafka,sb-events-n10-feed8-rep1,061c3913-067e-4698-b63c-f66a3c8c64ee,3895107,375,28792690400,28792690800
concurrency_n10_20260613_002350_kafka_feed8_rep1,kafka,sb-events-n10-feed8-rep1,568eb077-cf97-494c-af52-59ba9164402d,3895067,375,28799927300,28799928000
concurrency_n10_20260613_002350_kafka_feed8_rep1,kafka,sb-events-n10-feed8-rep1,ba0a37e4-b38f-4e81-8a4f-98e71b0bc5e7,3895107,375,28809715800,28809716100
concurrency_n10_20260613_002350_kafka_feed8_rep1,kafka,sb-events-n10-feed8-rep1,6ca3928a-82e7-4b03-9076-67c1e61bb075,3895067,375,28819101600,28819102000
concurrency_n10_20260613_002350_kafka_feed8_rep1,kafka,sb-events-n10-feed8-rep1,d55c297a-ef77-40d2-bdef-fe4c2d5ff8f5,3895052,375,28819139600,28819139700
concurrency_n10_20260613_002350_kafka_feed8_rep1,kafka,sb-events-n10-feed8-rep1,d094bab6-9af3-4019-b796-acb694feee23,3895086,375,28826024200,28826024600
concurrency_n10_20260613_002350_kafka_feed8_rep1,kafka,sb-events-n10-feed8-rep1,9437504d-c0a0-474b-9e44-feea20992a62,3895121,376,28833159200,28833159700
concurrency_n10_20260613_002350_kafka_feed8_rep1,kafka,sb-events-n10-feed8-rep1,c18ac918-c617-4f00-b87c-403624147fb8,3895107,376,28833198700,28833198900
concurrency_n10_20260613_002350_kafka_feed8_rep1,kafka,sb-events-n10-feed8-rep1,ee06c457-f476-4846-8968-0649e3b5dd0f,3895052,375,28833221500,28833221700
concurrency_n10_20260613_002350_kafka_feed8_rep1,kafka,sb-events-n10-feed8-rep1,65b895ef-96be-4ad6-b00e-076d20c564ce,3895067,376,28842252300,28842252700
concurrency_n10_20260613_002350_kafka_feed8_rep1,kafka,sb-events-n10-feed8-rep1,d7078048-5cc3-461c-bcd6-06760fa990ab,3895107,376,28842293800,28842294000
concurrency_n10_20260613_002350_kafka_feed8_rep1,kafka,sb-events-n10-feed8-rep1,442ecd9b-b058-493d-a185-adba5be4b1ed,3895086,376,28842381300,28842381600
concurrency_n10_20260613_002350_kafka_feed8_rep1,kafka,sb-events-n10-feed8-rep1,32d454a5-ba2d-49f5-a42b-7b2806ca8e6b,3895052,376,28852182400,28852182700
concurrency_n10_20260613_002350_kafka_feed8_rep1,kafka,sb-events-n10-feed8-rep1,e1f28eb5-3ef3-4c6c-a752-eb0a280e3a24,3895086,376,28860815500,28860815900
concurrency_n10_20260613_002350_kafka_feed8_rep1,kafka,sb-events-n10-feed8-rep1,6681da7c-cc5c-41c1-b23d-fc62cceccbc2,3895052,376,28860856100,28860856300
concurrency_n10_20260613_002350_kafka_feed8_rep1,kafka,sb-events-n10-feed8-rep1,fa1927b2-339a-4ef8-8b6a-2f5de1f71daf,3895113,376,28865767500,28865768000
concurrency_n10_20260613_002350_kafka_feed8_rep1,kafka,sb-events-n10-feed8-rep1,aabe6e96-8a94-4505-bd78-fe17b48ce9c6,3895121,377,28874308100,28874308800
concurrency_n10_20260613_002350_kafka_feed8_rep1,kafka,sb-events-n10-feed8-rep1,230329e4-9e13-415a-820f-a078f323f452,3895121,377,28882032500,28882032900
concurrency_n10_20260613_002350_kafka_feed8_rep1,kafka,sb-events-n10-feed8-rep1,aaa94f43-a792-4f91-9db5-921f55154d90,3895107,377,28882074300,28882074600
concurrency_n10_20260613_002350_kafka_feed8_rep1,kafka,sb-events-n10-feed8-rep1,d6e685f5-a088-489f-b6e9-9f471c09dde8,3895067,377,28882100000,28882100200
concurrency_n10_20260613_002350_kafka_feed8_rep1,kafka,sb-events-n10-feed8-rep1,7c6d7faf-6ac6-4e49-bdff-6026e02b027a,3895067,377,28891735500,28891736000
concurrency_n10_20260613_002350_kafka_feed8_rep1,kafka,sb-events-n10-feed8-rep1,8f89cecc-9842-4def-ac58-32cc319a3131,3895107,377,28899237300,28899237900
concurrency_n10_20260613_002350_kafka_feed8_rep1,kafka,sb-events-n10-feed8-rep1,991c0af9-25d4-468d-a1a0-6f1b20f0b85e,3895086,377,28899282300,28899282600
concurrency_n10_20260613_002350_kafka_feed8_rep1,kafka,sb-events-n10-feed8-rep1,3f7f838c-e47e-4d2e-93bc-549dc3dbc775,3895052,377,28915492900,28915493400
concurrency_n10_20260613_002350_kafka_feed8_rep1,kafka,sb-events-n10-feed8-rep1,f3f77fb1-7eaf-432e-ba4b-b3bdff74804e,3895052,377,28915535500,28915535700
concurrency_n10_20260613_002350_kafka_feed8_rep1,kafka,sb-events-n10-feed8-rep1,590098bb-37c4-4067-86ac-6d460256bd31,3895113,377,28924090400,28924090800
concurrency_n10_20260613_002350_kafka_feed8_rep1,kafka,sb-events-n10-feed8-rep1,9a05f952-fad6-448f-962b-13792edab926,3895113,377,28924140800,28924141200
concurrency_n10_20260613_002350_kafka_feed8_rep1,kafka,sb-events-n10-feed8-rep1,7d91748a-a8c0-4477-99bc-440edfb98b20,3895113,377,28924170000,28924170200
concurrency_n10_20260613_002350_kafka_feed8_rep1,kafka,sb-events-n10-feed8-rep1,7448eaa1-612b-4cb4-b416-a38ea6981484,3895086,378,28929502500,28929503000
concurrency_n10_20260613_002350_kafka_feed8_rep1,kafka,sb-events-n10-feed8-rep1,d0a1177b-9349-4efc-b4e7-78f18457f2fe,3895086,378,28941767900,28941768400
concurrency_n10_20260613_002350_kafka_feed8_rep1,kafka,sb-events-n10-feed8-rep1,2519917b-2ff0-4fc2-b58e-8a3860da7a18,3895052,378,28941810700,28941810900
concurrency_n10_20260613_002350_kafka_feed8_rep1,kafka,sb-events-n10-feed8-rep1,a2175056-51b9-40fc-b6b0-3161b7c9498c,3895086,378,28948938100,28948938400
concurrency_n10_20260613_002350_kafka_feed8_rep1,kafka,sb-events-n10-feed8-rep1,4c982c50-0315-4cdb-b6ab-133d786710bc,3895052,378,28948981400,28948981700
concurrency_n10_20260613_002350_kafka_feed8_rep1,kafka,sb-events-n10-feed8-rep1,d5d337e5-d809-4c24-8963-59a487ccf605,3895052,378,28960899800,28960900300
concurrency_n10_20260613_002350_kafka_feed8_rep1,kafka,sb-events-n10-feed8-rep1,02330919-0123-4c31-bb82-dbf24e80b2fe,3895113,378,28960954400,28960954700
concurrency_n10_20260613_002350_kafka_feed8_rep1,kafka,sb-events-n10-feed8-rep1,e56bd21d-9796-483c-91b0-82d30dfd5d8d,3895113,378,28967891700,28967892100
concurrency_n10_20260613_002350_kafka_feed8_rep1,kafka,sb-events-n10-feed8-rep1,5899ac0e-8bcb-45bd-93e3-86b044273dce,3895121,379,28967939600,28967940000
concurrency_n10_20260613_002350_kafka_feed8_rep1,kafka,sb-events-n10-feed8-rep1,7596e4ad-6504-4da3-9c61-e8c7fa6c7b0a,3895067,379,28973385700,28973386300
concurrency_n10_20260613_002350_kafka_feed8_rep1,kafka,sb-events-n10-feed8-rep1,9686a8ab-7240-4d0f-8250-2753060324c8,3895107,379,28979605600,28979606300
concurrency_n10_20260613_002350_kafka_feed8_rep1,kafka,sb-events-n10-feed8-rep1,b7791d0f-3499-4f4c-a33d-6836c0f911e0,3895086,379,28985479400,28985479600
concurrency_n10_20260613_002350_kafka_feed8_rep1,kafka,sb-events-n10-feed8-rep1,24f1c999-2f56-4965-9d3d-35e233032adc,3895121,380,28992085900,28992086300
concurrency_n10_20260613_002350_kafka_feed8_rep1,kafka,sb-events-n10-feed8-rep1,e3330d89-e532-4687-8931-3a3944d47df8,3895121,380,28999376900,28999377300
concurrency_n10_20260613_002350_kafka_feed8_rep1,kafka,sb-events-n10-feed8-rep1,6b464c46-1236-4cf5-81d2-a4b23806f5c5,3895067,380,29006793800,29006794400
concurrency_n10_20260613_002350_kafka_feed8_rep1,kafka,sb-events-n10-feed8-rep1,85df73b8-c6dd-46c7-a9bc-3865609e285c,3895107,380,29013476200,29013477000
concurrency_n10_20260613_002350_kafka_feed8_rep1,kafka,sb-events-n10-feed8-rep1,b1365bce-58eb-4d21-8011-9d628879127e,3895067,380,29019032500,29019032900
concurrency_n10_20260613_002350_kafka_feed8_rep1,kafka,sb-events-n10-feed8-rep1,779856e2-33da-4aff-91b8-9be497159f00,3895107,380,29023926600,29023927000
concurrency_n10_20260613_002350_kafka_feed8_rep1,kafka,sb-events-n10-feed8-rep1,d6468d36-c2f2-45b8-b0a6-357efadab24a,3895086,380,29031856900,29031857500
concurrency_n10_20260613_002350_kafka_feed8_rep1,kafka,sb-events-n10-feed8-rep1,b8e00e85-579c-4970-9759-fea3ab966db3,3895052,380,29038496800,29038497800
concurrency_n10_20260613_002350_kafka_feed8_rep1,kafka,sb-events-n10-feed8-rep1,359a2c08-360b-4501-ad2f-1a2012bd0999,3895086,380,29038541600,29038541800
concurrency_n10_20260613_002350_kafka_feed8_rep1,kafka,sb-events-n10-feed8-rep1,9a1a7780-275f-4921-9392-19bfe015d7c8,3895086,380,29043526200,29043526800
concurrency_n10_20260613_002350_kafka_feed8_rep1,kafka,sb-events-n10-feed8-rep1,109eceab-23c5-4031-a8b4-ee687b8db372,3895086,380,29052592500,29052593100
concurrency_n10_20260613_002350_kafka_feed8_rep1,kafka,sb-events-n10-feed8-rep1,8252e5c2-5564-4b4d-9b1c-789c1f432266,3895086,380,29060617700,29060618200
concurrency_n10_20260613_002350_kafka_feed8_rep1,kafka,sb-events-n10-feed8-rep1,b637f60b-261b-4f76-9c73-11dd9ecb679c,3895086,380,29060658600,29060658900
concurrency_n10_20260613_002350_kafka_feed8_rep1,kafka,sb-events-n10-feed8-rep1,86385026-af11-48d5-9b14-e73738435175,3895086,380,29065775400,29065775800
concurrency_n10_20260613_002350_kafka_feed8_rep1,kafka,sb-events-n10-feed8-rep1,fe767c75-6544-41ed-b908-41181829a6de,3895113,380,29065813600,29065813900
concurrency_n10_20260613_002350_kafka_feed8_rep1,kafka,sb-events-n10-feed8-rep1,789b47e3-c531-4a6d-946d-2f1f9d2b884c,3895121,381,29074333800,29074334400
concurrency_n10_20260613_002350_kafka_feed8_rep1,kafka,sb-events-n10-feed8-rep1,bc32fc0f-eb52-421a-ab2e-ac7b606c85ea,3895067,381,29081219300,29081219700
concurrency_n10_20260613_002350_kafka_feed8_rep1,kafka,sb-events-n10-feed8-rep1,8f4ba858-ef2e-4d50-a7a7-dd1970021b0e,3895107,381,29081256700,29081256900
concurrency_n10_20260613_002350_kafka_feed8_rep1,kafka,sb-events-n10-feed8-rep1,b0c2b5d7-470f-45bd-9bd9-20049682c523,3895052,381,29089945100,29089945600
concurrency_n10_20260613_002350_kafka_feed8_rep1,kafka,sb-events-n10-feed8-rep1,3eb22506-89d4-4230-96f4-0cc90241b0ef,3895052,381,29097900800,29097901200
concurrency_n10_20260613_002350_kafka_feed8_rep1,kafka,sb-events-n10-feed8-rep1,9d569410-c32d-4ef8-abb5-bf329a7549ee,3895052,381,29097940600,29097940800
concurrency_n10_20260613_002350_kafka_feed8_rep1,kafka,sb-events-n10-feed8-rep1,1d0e6433-63c4-4036-8f9e-1d35cd3112c9,3895086,381,29104197700,29104198600
concurrency_n10_20260613_002350_kafka_feed8_rep1,kafka,sb-events-n10-feed8-rep1,6bfcc356-4a43-47bb-afa3-4f4a6d8e8335,3895113,381,29110165100,29110165700
concurrency_n10_20260613_002350_kafka_feed8_rep1,kafka,sb-events-n10-feed8-rep1,dec15ef0-188b-4ef5-b99c-f007a3e7108f,3895113,381,29110206500,29110206800
concurrency_n10_20260613_002350_kafka_feed8_rep1,kafka,sb-events-n10-feed8-rep1,80de728d-2acf-446e-8dbd-3dceca0d4358,3895113,381,29117927300,29117927800
concurrency_n10_20260613_002350_kafka_feed8_rep1,kafka,sb-events-n10-feed8-rep1,abc116d6-2574-4059-8184-bb2816b5da18,3895121,382,29124040300,29124040700
concurrency_n10_20260613_002350_kafka_feed8_rep1,kafka,sb-events-n10-feed8-rep1,b4509a2d-3999-4e18-a2d0-b16116243586,3895107,382,29124082200,29124082500
concurrency_n10_20260613_002350_kafka_feed8_rep1,kafka,sb-events-n10-feed8-rep1,9479f33e-c3f7-4fbb-9fda-bf07a4973ec6,3895107,382,29136015900,29136018100
concurrency_n10_20260613_002350_kafka_feed8_rep1,kafka,sb-events-n10-feed8-rep1,4aaa9c64-42b1-478f-8552-3f14a1caef3d,3895052,382,29143969200,29143969700
concurrency_n10_20260613_002350_kafka_feed8_rep1,kafka,sb-events-n10-feed8-rep1,57c14534-6b1c-47a6-8cef-093f2f0b1959,3895086,382,29144007700,29144007900
concurrency_n10_20260613_002350_kafka_feed8_rep1,kafka,sb-events-n10-feed8-rep1,6bd96cc5-01fb-495e-b8c0-65d4569b226d,3895121,383,29152470100,29152470600
concurrency_n10_20260613_002350_kafka_feed8_rep1,kafka,sb-events-n10-feed8-rep1,30e632ae-c052-489d-bae6-df407b8ad4dc,3895121,383,29152525600,29152526000
concurrency_n10_20260613_002350_kafka_feed8_rep1,kafka,sb-events-n10-feed8-rep1,62806dfc-9062-42c8-9fe6-0f5bd08f7636,3895107,383,29160150300,29160150900
concurrency_n10_20260613_002350_kafka_feed8_rep1,kafka,sb-events-n10-feed8-rep1,8822e06a-c5f5-4306-aef8-2fef2318b77e,3895052,383,29160197700,29160198000
concurrency_n10_20260613_002350_kafka_feed8_rep1,kafka,sb-events-n10-feed8-rep1,bc3e5394-92ad-4eb2-bcf9-454d8336659c,3895052,383,29168491200,29168491600
concurrency_n10_20260613_002350_kafka_feed8_rep1,kafka,sb-events-n10-feed8-rep1,6e2e22f4-22db-4b95-970b-bf4b2e6b82d0,3895086,383,29168540800,29168541200
concurrency_n10_20260613_002350_kafka_feed8_rep1,kafka,sb-events-n10-feed8-rep1,d7822cd2-fdac-450d-b3f2-283caa6bdf26,3895086,383,29180053400,29180053900
concurrency_n10_20260613_002350_kafka_feed8_rep1,kafka,sb-events-n10-feed8-rep1,d9fe49c7-cb84-47b9-9d26-fccdf7bba1a0,3895086,383,29188865700,29188866200
concurrency_n10_20260613_002350_kafka_feed8_rep1,kafka,sb-events-n10-feed8-rep1,14a7b19f-e345-455f-befd-96115a6915de,3895113,383,29188909200,29188909400
concurrency_n10_20260613_002350_kafka_feed8_rep1,kafka,sb-events-n10-feed8-rep1,0c9b10fe-6d4a-4c2b-b4ca-5b0fe6d7068c,3895086,383,29188994800,29188995100
concurrency_n10_20260613_002350_kafka_feed8_rep1,kafka,sb-events-n10-feed8-rep1,44617c92-4042-4afd-9202-dd98ef11fec0,3895113,383,29198771200,29198771700
concurrency_n10_20260613_002350_kafka_feed8_rep1,kafka,sb-events-n10-feed8-rep1,592a7739-85c0-4889-861b-99c4c837ff10,3895086,383,29198858400,29198858600
concurrency_n10_20260613_002350_kafka_feed8_rep1,kafka,sb-events-n10-feed8-rep1,98cd3e1a-bdbc-4452-801b-2be9fc5ab06b,3895086,383,29205515100,29205515500
concurrency_n10_20260613_002350_kafka_feed8_rep1,kafka,sb-events-n10-feed8-rep1,b394cbaf-5f9a-4d18-9411-8d7cb7448c79,3895121,384,29212718200,29212718700
concurrency_n10_20260613_002350_kafka_feed8_rep1,kafka,sb-events-n10-feed8-rep1,66dba0a8-2afe-4c4c-92ad-e1a6cd71fd03,3895067,384,29221628800,29221629300
concurrency_n10_20260613_002350_kafka_feed8_rep1,kafka,sb-events-n10-feed8-rep1,a5226e29-3065-48df-b321-a36cac911c21,3895067,384,29221669800,29221670000
concurrency_n10_20260613_002350_kafka_feed8_rep1,kafka,sb-events-n10-feed8-rep1,12e42bd5-320d-40e8-ad89-d42c0a1dae0a,3895107,384,29231104400,29231104900
concurrency_n10_20260613_002350_kafka_feed8_rep1,kafka,sb-events-n10-feed8-rep1,2c83987b-bf65-401d-9e27-d9f54ba652ad,3895107,384,29231218700,29231219000
concurrency_n10_20260613_002350_kafka_feed8_rep1,kafka,sb-events-n10-feed8-rep1,6ccc1db9-5a31-4dea-910a-977754782773,3895107,384,29231246000,29231246300
concurrency_n10_20260613_002350_kafka_feed8_rep1,kafka,sb-events-n10-feed8-rep1,9e91c070-24d3-4fe7-949f-83e113f520ec,3895052,384,29236764600,29236765700
concurrency_n10_20260613_002350_kafka_feed8_rep1,kafka,sb-events-n10-feed8-rep1,e4fc3ae0-4ab9-410d-94a0-32504edb24fd,3895052,384,29244933300,29244934200
concurrency_n10_20260613_002350_kafka_feed8_rep1,kafka,sb-events-n10-feed8-rep1,49d4f100-098b-4654-82c5-780c8126e40b,3895121,385,29247741100,29247741500
concurrency_n10_20260613_002350_kafka_feed8_rep1,kafka,sb-events-n10-feed8-rep1,9f35d52f-bd21-46a3-b4b5-6c4043b57c87,3895121,385,29254681000,29254681200
concurrency_n10_20260613_002350_kafka_feed8_rep1,kafka,sb-events-n10-feed8-rep1,829aae74-41b8-4d04-9794-6e6620d40ca9,3895107,385,29261201800,29261202200
concurrency_n10_20260613_002350_kafka_feed8_rep1,kafka,sb-events-n10-feed8-rep1,122ecdd6-a166-41d6-bce2-294162b4cd54,3895107,385,29271336500,29271336900
concurrency_n10_20260613_002350_kafka_feed8_rep1,kafka,sb-events-n10-feed8-rep1,f050fb4b-4418-43cc-9c3d-94127b27624c,3895107,385,29271378800,29271379100
concurrency_n10_20260613_002350_kafka_feed8_rep1,kafka,sb-events-n10-feed8-rep1,3570f419-5029-45ff-925c-ce5ec23dbb24,3895052,385,29279580400,29279581000
concurrency_n10_20260613_002350_kafka_feed8_rep1,kafka,sb-events-n10-feed8-rep1,fc6ad4f7-4a80-4f85-864c-700a0efceee8,3895113,385,29286928000,29286928400
concurrency_n10_20260613_002350_kafka_feed8_rep1,kafka,sb-events-n10-feed8-rep1,eab2cf06-4a07-4aa6-8b95-8a93cc0e3ac5,3895086,385,29286968900,29286969100
concurrency_n10_20260613_002350_kafka_feed8_rep1,kafka,sb-events-n10-feed8-rep1,6c8c9f26-d33b-4bc0-b63c-8e3ea2ff8587,3895107,386,29292862300,29292862800
concurrency_n10_20260613_002350_kafka_feed8_rep1,kafka,sb-events-n10-feed8-rep1,597c5d97-fb51-4886-a0ff-c5230090abbf,3895134,386,29296716000,29296717000
concurrency_n10_20260613_002350_kafka_feed8_rep1,kafka,sb-events-n10-feed8-rep1,96400684-614d-4589-a40f-957378435605,3895134,386,29296796700,29296797100
concurrency_n10_20260613_002350_kafka_feed8_rep1,kafka,sb-events-n10-feed8-rep1,d64a401e-b7ba-490e-8d7b-550d85b01524,3895052,386,29306065600,29306066000
concurrency_n10_20260613_002350_kafka_feed8_rep1,kafka,sb-events-n10-feed8-rep1,00d33c4c-624c-45e1-959b-21ede95483f2,3895113,386,29315403200,29315403700
concurrency_n10_20260613_002350_kafka_feed8_rep1,kafka,sb-events-n10-feed8-rep1,7d6fb5b2-01ba-4a33-a27e-4023ad29c37c,3895113,386,29315441100,29315441300
concurrency_n10_20260613_002350_kafka_feed8_rep1,kafka,sb-events-n10-feed8-rep1,d570893c-47a4-43a1-95f4-7b16543b9f2a,3895067,387,29320926300,29320926800
concurrency_n10_20260613_002350_kafka_feed8_rep1,kafka,sb-events-n10-feed8-rep1,fe32e0d4-2a33-42f4-ba80-5b8cab554efa,3895113,386,29320967200,29320967400
concurrency_n10_20260613_002350_kafka_feed8_rep1,kafka,sb-events-n10-feed8-rep1,8249e17a-6fc6-4af8-8d8a-10ea80b0e22e,3895134,387,29320991000,29320991300
concurrency_n10_20260613_002350_kafka_feed8_rep1,kafka,sb-events-n10-feed8-rep1,2154b166-8b00-45a6-b1bf-d8f805198128,3895052,387,29327330000,29327330700
concurrency_n10_20260613_002350_kafka_feed8_rep1,kafka,sb-events-n10-feed8-rep1,cac05379-37e8-4c29-9857-deb1cd6a7e4e,3895052,387,29334483300,29334483900
concurrency_n10_20260613_002350_kafka_feed8_rep1,kafka,sb-events-n10-feed8-rep1,bf419a09-0892-4eb4-9295-4c861317ce1a,3895086,387,29343827200,29343827600
concurrency_n10_20260613_002350_kafka_feed8_rep1,kafka,sb-events-n10-feed8-rep1,43834af9-8068-404c-b7f9-bc4c08738a45,3895113,387,29343862700,29343862900
concurrency_n10_20260613_002350_kafka_feed8_rep1,kafka,sb-events-n10-feed8-rep1,ced92bf1-3900-4565-bb11-5886a9deb43a,3895113,387,29352033400,29352033800
concurrency_n10_20260613_002350_kafka_feed8_rep1,kafka,sb-events-n10-feed8-rep1,3743afc5-6da5-469d-8d4f-1b7132f4d1cb,3895113,387,29363033100,29363033700
concurrency_n10_20260613_002350_kafka_feed8_rep1,kafka,sb-events-n10-feed8-rep1,89c63012-2c91-4efa-85c1-ad21eccdfc66,3895067,388,29375267300,29375267700
concurrency_n10_20260613_002350_kafka_feed8_rep1,kafka,sb-events-n10-feed8-rep1,855076b4-513b-4756-8d91-7e7fae34e22b,3895060,388,29375308800,29375309000
concurrency_n10_20260613_002350_kafka_feed8_rep1,kafka,sb-events-n10-feed8-rep1,576591a0-e6c0-44b4-ba76-924a1fa37440,3895067,388,29382058800,29382059300
concurrency_n10_20260613_002350_kafka_feed8_rep1,kafka,sb-events-n10-feed8-rep1,8b0f70fb-18e8-4a18-a575-608dcd3153f9,3895052,388,29390493800,29390494300
concurrency_n10_20260613_002350_kafka_feed8_rep1,kafka,sb-events-n10-feed8-rep1,1cdbf528-796c-47d9-bc87-2dc866f1541c,3895052,388,29397638200,29397638700
concurrency_n10_20260613_002350_kafka_feed8_rep1,kafka,sb-events-n10-feed8-rep1,ae9184b1-0af1-4e9a-bf4c-7b5ddbcd5041,3895086,388,29410273700,29410274000
concurrency_n10_20260613_002350_kafka_feed8_rep1,kafka,sb-events-n10-feed8-rep1,e6b67cf4-dc02-4efb-bf8c-9821f3aa96c7,3895086,388,29410310300,29410310500
concurrency_n10_20260613_002350_kafka_feed8_rep1,kafka,sb-events-n10-feed8-rep1,a5f2e6a7-5bca-4a3b-8e50-ef5cd209b1d5,3895113,388,29416991300,29416991800
concurrency_n10_20260613_002350_kafka_feed8_rep1,kafka,sb-events-n10-feed8-rep1,d8f71229-bb53-458c-8bd0-8a2a548e0a16,3895113,388,29427237400,29427238000
concurrency_n10_20260613_002350_kafka_feed8_rep1,kafka,sb-events-n10-feed8-rep1,ed46d6ad-ab02-4265-a8f1-55d8cae1b7a8,3895113,388,29437574600,29437575200
concurrency_n10_20260613_002350_kafka_feed8_rep1,kafka,sb-events-n10-feed8-rep1,29aa34c6-d899-4a5c-bf12-0ba3077d10c4,3895107,389,29437625100,29437625500
concurrency_n10_20260613_002350_kafka_feed8_rep1,kafka,sb-events-n10-feed8-rep1,1be0feb6-7510-4191-b006-3e6b704e421a,3895134,389,29442744600,29442745100
concurrency_n10_20260613_002350_kafka_feed8_rep1,kafka,sb-events-n10-feed8-rep1,5809628b-316e-401f-9cd3-c324cafcc6a0,3895134,389,29454626100,29454626600
concurrency_n10_20260613_002350_kafka_feed8_rep1,kafka,sb-events-n10-feed8-rep1,f2775365-28f1-4f87-8552-f0fceb99d718,3895134,389,29462260500,29462261000
concurrency_n10_20260613_002350_kafka_feed8_rep1,kafka,sb-events-n10-feed8-rep1,466eccdb-c941-4f75-aff1-2944b1a59e3d,3895052,389,29462332600,29462332900
concurrency_n10_20260613_002350_kafka_feed8_rep1,kafka,sb-events-n10-feed8-rep1,3fa131e1-45d8-46a9-83a5-534566af8763,3895052,389,29468484500,29468485000
concurrency_n10_20260613_002350_kafka_feed8_rep1,kafka,sb-events-n10-feed8-rep1,face3922-6f90-4a44-8993-bdc2ce7d7a0c,3895113,389,29479950900,29479951300
concurrency_n10_20260613_002350_kafka_feed8_rep1,kafka,sb-events-n10-feed8-rep1,c7a75758-4957-42c9-9cd6-910ce7952557,3895113,389,29488127200,29488127500
concurrency_n10_20260613_002350_kafka_feed8_rep1,kafka,sb-events-n10-feed8-rep1,98485b3f-72d1-4494-aded-d8c1d7b57be5,3895113,389,29488169400,29488169700
concurrency_n10_20260613_002350_kafka_feed8_rep1,kafka,sb-events-n10-feed8-rep1,a8df0d7e-5406-4f17-8070-ea921609460f,3895113,389,29493131800,29493132100
concurrency_n10_20260613_002350_kafka_feed8_rep1,kafka,sb-events-n10-feed8-rep1,ca25cfa9-39ed-419f-978e-737eb8321fba,3895060,390,29498365800,29498366400
concurrency_n10_20260613_002350_kafka_feed8_rep1,kafka,sb-events-n10-feed8-rep1,5ebedaa7-4228-4dd1-bb2f-7b44914a3028,3895060,390,29503979300,29503979700
concurrency_n10_20260613_002350_kafka_feed8_rep1,kafka,sb-events-n10-feed8-rep1,adc6b847-abc1-4e9e-a5a6-ad44f825f339,3895060,390,29512509300,29512509700
concurrency_n10_20260613_002350_kafka_feed8_rep1,kafka,sb-events-n10-feed8-rep1,4a6a2c08-a9b8-43d7-b214-bbb473b55464,3895121,390,29517512100,29517512600
concurrency_n10_20260613_002350_kafka_feed8_rep1,kafka,sb-events-n10-feed8-rep1,06dfe816-f41b-4691-85ac-5a1497f4e5d7,3895107,390,29517706300,29517706700
concurrency_n10_20260613_002350_kafka_feed8_rep1,kafka,sb-events-n10-feed8-rep1,cd0b7eba-d989-4051-a319-8c15974e16e5,3895107,390,29528376500,29528376800
concurrency_n10_20260613_002350_kafka_feed8_rep1,kafka,sb-events-n10-feed8-rep1,c605a570-c317-4bcd-a935-3aac355ff451,3895107,390,29528423500,29528423800
concurrency_n10_20260613_002350_kafka_feed8_rep1,kafka,sb-events-n10-feed8-rep1,5a9615d0-3ce1-4bd1-a1cb-9225e36960cf,3895107,390,29528449800,29528450100
concurrency_n10_20260613_002350_kafka_feed8_rep1,kafka,sb-events-n10-feed8-rep1,c2c67e7a-c0ba-487c-ad53-721769bd1366,3895107,390,29536415100,29536415600
concurrency_n10_20260613_002350_kafka_feed8_rep1,kafka,sb-events-n10-feed8-rep1,0c16687b-8a31-4a7b-b921-629b596d9c0b,3895134,390,29536465000,29536465300
concurrency_n10_20260613_002350_kafka_feed8_rep1,kafka,sb-events-n10-feed8-rep1,9cea225a-2bd2-4f90-a253-c82de6a2a277,3895086,390,29542271800,29542272200
concurrency_n10_20260613_002350_kafka_feed8_rep1,kafka,sb-events-n10-feed8-rep1,f22266fd-345a-4d52-8390-69c13ff3df92,3895121,391,29546338500,29546338900
concurrency_n10_20260613_002350_kafka_feed8_rep1,kafka,sb-events-n10-feed8-rep1,74af8288-7af8-4890-9b8f-7dfdadd3096b,3895121,391,29552500100,29552500600
concurrency_n10_20260613_002350_kafka_feed8_rep1,kafka,sb-events-n10-feed8-rep1,ecfb9c44-43b4-4c53-b333-77fce2c87424,3895121,391,29556965200,29556965600
concurrency_n10_20260613_002350_kafka_feed8_rep1,kafka,sb-events-n10-feed8-rep1,99b13928-880a-4f5f-91e8-55fed8c94697,3895067,391,29569741300,29569741900
concurrency_n10_20260613_002350_kafka_feed8_rep1,kafka,sb-events-n10-feed8-rep1,cf1f3507-3298-4acb-b2fc-3dd68b5aad26,3895052,391,29574912300,29574912900
concurrency_n10_20260613_002350_kafka_feed8_rep1,kafka,sb-events-n10-feed8-rep1,156dd670-c9e9-4baa-b62f-210633d22ef8,3895113,391,29583524600,29583524900
concurrency_n10_20260613_002350_kafka_feed8_rep1,kafka,sb-events-n10-feed8-rep1,99802a02-f8eb-45b7-8163-542209fe37ba,3895060,392,29592650100,29592650800
concurrency_n10_20260613_002350_kafka_feed8_rep1,kafka,sb-events-n10-feed8-rep1,04544407-6d65-426c-beda-75a2272bae05,3895113,391,29592918000,29592918400
concurrency_n10_20260613_002350_kafka_feed8_rep1,kafka,sb-events-n10-feed8-rep1,8f745c57-d8d5-4a9f-a886-3419c3b7ba12,3895067,392,29596649300,29596649800
concurrency_n10_20260613_002350_kafka_feed8_rep1,kafka,sb-events-n10-feed8-rep1,c785f8c2-9b40-4f83-ad99-64a28ce336a5,3895067,392,29603186900,29603187200
concurrency_n10_20260613_002350_kafka_feed8_rep1,kafka,sb-events-n10-feed8-rep1,70a044a3-43de-4a36-9cad-c6b756635e1a,3895067,392,29612595000,29612595600
concurrency_n10_20260613_002350_kafka_feed8_rep1,kafka,sb-events-n10-feed8-rep1,965eebf2-d755-4266-aea4-f63d4e8fb4c0,3895074,393,29622382400,29622382700
concurrency_n10_20260613_002350_kafka_feed8_rep1,kafka,sb-events-n10-feed8-rep1,e57b0598-a6c7-47f9-ac4e-e877e1b5aae9,3895086,392,29622427400,29622427700
concurrency_n10_20260613_002350_kafka_feed8_rep1,kafka,sb-events-n10-feed8-rep1,81180a03-2a2d-43d1-a344-632731073498,3895113,392,29622455400,29622455600
concurrency_n10_20260613_002350_kafka_feed8_rep1,kafka,sb-events-n10-feed8-rep1,71771fbd-fbb7-4241-9a8f-22412a8c4f1e,3895067,393,29628364100,29628364500
concurrency_n10_20260613_002350_kafka_feed8_rep1,kafka,sb-events-n10-feed8-rep1,f16b7f89-76f5-40d3-91a0-24a1ef7fcb5f,3895067,393,29651472900,29651473300
concurrency_n10_20260613_002350_kafka_feed8_rep1,kafka,sb-events-n10-feed8-rep1,7b38db38-233e-4b05-a520-94630ca5b7ef,3895067,393,29651520200,29651520400
concurrency_n10_20260613_002350_kafka_feed8_rep1,kafka,sb-events-n10-feed8-rep1,3b25b250-2e85-47f0-8e03-1415a70d9b79,3895067,393,29651548700,29651548900
concurrency_n10_20260613_002350_kafka_feed8_rep1,kafka,sb-events-n10-feed8-rep1,ea6911ea-57bc-4377-83ee-cd2ff0785554,3895134,393,29655369400,29655370000
concurrency_n10_20260613_002350_kafka_feed8_rep1,kafka,sb-events-n10-feed8-rep1,0e78543b-a433-434f-8af2-7633bb374aae,3895134,393,29655409800,29655410000
concurrency_n10_20260613_002350_kafka_feed8_rep1,kafka,sb-events-n10-feed8-rep1,995d9ac5-8f9b-4cb1-8e08-a6d523581b89,3895134,393,29655431400,29655431600
concurrency_n10_20260613_002350_kafka_feed8_rep1,kafka,sb-events-n10-feed8-rep1,08c3259d-c0ce-4c66-9aee-62de255259ae,3895052,393,29665039700,29665040200
concurrency_n10_20260613_002350_kafka_feed8_rep1,kafka,sb-events-n10-feed8-rep1,e83fa094-3a61-44d6-91a1-934566d0a705,3895052,393,29672376600,29672377200
concurrency_n10_20260613_002350_kafka_feed8_rep1,kafka,sb-events-n10-feed8-rep1,4b481aa6-01b0-43d8-b6d2-9c3747c607cc,3895086,393,29678145000,29678145400
concurrency_n10_20260613_002350_kafka_feed8_rep1,kafka,sb-events-n10-feed8-rep1,af16f8d4-8c23-4448-9f47-b220ed27e58c,3895086,393,29678186000,29678186200
concurrency_n10_20260613_002350_kafka_feed8_rep1,kafka,sb-events-n10-feed8-rep1,606feb67-4c77-4c55-966c-b4e03d37bf36,3895113,393,29692813100,29692813700
concurrency_n10_20260613_002350_kafka_feed8_rep1,kafka,sb-events-n10-feed8-rep1,7530778b-6d23-40d8-a3d7-d8a9cb508770,3895113,393,29692866900,29692867100
concurrency_n10_20260613_002350_kafka_feed8_rep1,kafka,sb-events-n10-feed8-rep1,8988d33c-96c5-4c37-b694-9f38d6adda38,3895113,393,29692888900,29692889200
concurrency_n10_20260613_002350_kafka_feed8_rep1,kafka,sb-events-n10-feed8-rep1,8a0e2c23-dd3d-479f-9422-93a351b99f04,3895074,394,29707713500,29707714000
concurrency_n10_20260613_002350_kafka_feed8_rep1,kafka,sb-events-n10-feed8-rep1,59fd0264-a24b-45f6-90be-cc8881654cd7,3895060,394,29707766000,29707766400
concurrency_n10_20260613_002350_kafka_feed8_rep1,kafka,sb-events-n10-feed8-rep1,d7dcb70e-7560-429f-9a14-0fe22b9a0177,3895074,394,29714039800,29714040300
concurrency_n10_20260613_002350_kafka_feed8_rep1,kafka,sb-events-n10-feed8-rep1,9984bc9b-2636-43a5-addf-166a3119b365,3895074,394,29714081700,29714082000
concurrency_n10_20260613_002350_kafka_feed8_rep1,kafka,sb-events-n10-feed8-rep1,4fb0398f-7ba0-4be8-9b71-3b477e2658eb,3895074,394,29720898200,29720898600
concurrency_n10_20260613_002350_kafka_feed8_rep1,kafka,sb-events-n10-feed8-rep1,538b3ce6-4345-4a59-bfbe-5c2a8375a917,3895067,394,29733271300,29733271800
concurrency_n10_20260613_002350_kafka_feed8_rep1,kafka,sb-events-n10-feed8-rep1,5cb2e6b1-53e9-4034-bcfb-d36b13f62b4b,3895067,394,29733312500,29733312700
concurrency_n10_20260613_002350_kafka_feed8_rep1,kafka,sb-events-n10-feed8-rep1,135cce3a-70e2-48e3-adf8-43f2c4adee78,3895134,394,29741018300,29741018600
concurrency_n10_20260613_002350_kafka_feed8_rep1,kafka,sb-events-n10-feed8-rep1,a14fe2cd-eb83-46ca-970d-37eeb6ba141f,3895067,394,29741057800,29741058000
concurrency_n10_20260613_002350_kafka_feed8_rep1,kafka,sb-events-n10-feed8-rep1,f8b5d10a-0456-4332-9da3-dcbe962f74bf,3895134,394,29752134600,29752135000
concurrency_n10_20260613_002350_kafka_feed8_rep1,kafka,sb-events-n10-feed8-rep1,cbd19fb2-1303-4a76-a81e-b80bf03fe011,3895086,394,29752187900,29752188100
concurrency_n10_20260613_002350_kafka_feed8_rep1,kafka,sb-events-n10-feed8-rep1,f6881f8d-2c17-49b2-b0d4-33427d87ef5c,3895113,394,29759520800,29759521100
concurrency_n10_20260613_002350_kafka_feed8_rep1,kafka,sb-events-n10-feed8-rep1,6cee4a6c-88fa-4349-b524-334a8368ecd5,3895113,394,29759561300,29759561600
concurrency_n10_20260613_002350_kafka_feed8_rep1,kafka,sb-events-n10-feed8-rep1,1dd3fe13-43ab-4c39-98f1-d9403db2353e,3895074,395,29759584000,29759584200
concurrency_n10_20260613_002350_kafka_feed8_rep1,kafka,sb-events-n10-feed8-rep1,dfcb9333-6143-4f80-ba39-621cbedb0597,3895067,395,29770110100,29770110500
concurrency_n10_20260613_002350_kafka_feed8_rep1,kafka,sb-events-n10-feed8-rep1,b1c14719-ff1d-4c2c-aed3-bbbf83b838f8,3895067,395,29770228400,29770228800
concurrency_n10_20260613_002350_kafka_feed8_rep1,kafka,sb-events-n10-feed8-rep1,dc010f7d-c0d1-42ba-a88e-315dcbc075a7,3895086,395,29785489800,29785490100
concurrency_n10_20260613_002350_kafka_feed8_rep1,kafka,sb-events-n10-feed8-rep1,ec3f69f7-c69b-44db-b573-3cde53fbd730,3895095,396,29785533900,29785534200
concurrency_n10_20260613_002350_kafka_feed8_rep1,kafka,sb-events-n10-feed8-rep1,c50d721c-be65-4eda-bc7f-067bb1947653,3895060,396,29795260500,29795260800
concurrency_n10_20260613_002350_kafka_feed8_rep1,kafka,sb-events-n10-feed8-rep1,2c6a54f1-b280-4672-9ad7-cccacf2b8bb8,3895060,396,29795298500,29795298700
concurrency_n10_20260613_002350_kafka_feed8_rep1,kafka,sb-events-n10-feed8-rep1,f57745b2-2c27-4f2f-8cb3-f369b5d2484f,3895052,396,29802647600,29802648300
concurrency_n10_20260613_002350_kafka_feed8_rep1,kafka,sb-events-n10-feed8-rep1,2c1397d2-8aa5-40f5-98c6-e6148ccbe8aa,3895086,396,29802693300,29802693500
concurrency_n10_20260613_002350_kafka_feed8_rep1,kafka,sb-events-n10-feed8-rep1,b5ace099-c920-4ae8-944a-7f6b88515489,3895086,396,29811174600,29811175800
concurrency_n10_20260613_002350_kafka_feed8_rep1,kafka,sb-events-n10-feed8-rep1,0ee60138-b4a1-4c81-8673-5f829c14e56c,3895086,396,29820453000,29820453400
concurrency_n10_20260613_002350_kafka_feed8_rep1,kafka,sb-events-n10-feed8-rep1,8be1f93d-cca7-4c97-8299-972dfe8ea383,3895086,396,29820568400,29820568900
concurrency_n10_20260613_002350_kafka_feed8_rep1,kafka,sb-events-n10-feed8-rep1,343d7db0-931b-4748-851f-27006a202cbb,3895113,396,29825842500,29825843100
concurrency_n10_20260613_002350_kafka_feed8_rep1,kafka,sb-events-n10-feed8-rep1,515cfb63-2081-491b-a7c3-7dcd73641d39,3895113,396,29834143700,29834144400
concurrency_n10_20260613_002350_kafka_feed8_rep1,kafka,sb-events-n10-feed8-rep1,119ca6ba-49bc-4d4f-a57c-7497f0f8b54b,3895113,396,29842071600,29842072700
concurrency_n10_20260613_002350_kafka_feed8_rep1,kafka,sb-events-n10-feed8-rep1,f4c96189-c3e2-4491-9e97-bb2016985024,3895052,397,29856942800,29856943200
concurrency_n10_20260613_002350_kafka_feed8_rep1,kafka,sb-events-n10-feed8-rep1,32d9fc40-b95c-4d4a-9574-8340ff444e67,3895052,397,29856986700,29856986900
concurrency_n10_20260613_002350_kafka_feed8_rep1,kafka,sb-events-n10-feed8-rep1,20a73b74-427d-481b-a977-93197096c055,3895086,397,29857011600,29857011800
concurrency_n10_20260613_002350_kafka_feed8_rep1,kafka,sb-events-n10-feed8-rep1,abfa9add-3515-4c1f-b8e2-cfd721c11038,3895086,397,29857033600,29857033900
concurrency_n10_20260613_002350_kafka_feed8_rep1,kafka,sb-events-n10-feed8-rep1,ddf54fc4-f7d9-4b4a-a86f-7383cd65ba86,3895113,397,29868797500,29868797900
concurrency_n10_20260613_002350_kafka_feed8_rep1,kafka,sb-events-n10-feed8-rep1,948b1c2e-4813-475c-98ca-bf65b0cfba10,3895095,398,29879801400,29879801800
concurrency_n10_20260613_002350_kafka_feed8_rep1,kafka,sb-events-n10-feed8-rep1,9281c676-2991-4438-a848-0ccfd62c9713,3895095,398,29888741700,29888742100
concurrency_n10_20260613_002350_kafka_feed8_rep1,kafka,sb-events-n10-feed8-rep1,df8c1d00-5a23-43ea-8c97-c2d64c2bb5dd,3895095,398,29888789100,29888789500
concurrency_n10_20260613_002350_kafka_feed8_rep1,kafka,sb-events-n10-feed8-rep1,7f860392-a215-442d-a67e-4d294f09a4e2,3895060,398,29888816500,29888816800
concurrency_n10_20260613_002350_kafka_feed8_rep1,kafka,sb-events-n10-feed8-rep1,9ced370b-38a8-4454-a1c2-6311bfe928f1,3895060,398,29900671900,29900672200
concurrency_n10_20260613_002350_kafka_feed8_rep1,kafka,sb-events-n10-feed8-rep1,f1c25842-30f0-4443-99d9-b8a529e0aacb,3895134,398,29914398300,29914398600
concurrency_n10_20260613_002350_kafka_feed8_rep1,kafka,sb-events-n10-feed8-rep1,f2b67d17-7a41-4ad5-a4e8-4a273d22ae16,3895052,398,29914446900,29914447100
concurrency_n10_20260613_002350_kafka_feed8_rep1,kafka,sb-events-n10-feed8-rep1,abdf9f97-cb84-4f39-8a1f-ddf7d8ee4284,3895086,398,29914466200,29914466400
concurrency_n10_20260613_002350_kafka_feed8_rep1,kafka,sb-events-n10-feed8-rep1,1283c691-c5df-4c07-8d13-7504482421f5,3895086,398,29925945100,29925945700
concurrency_n10_20260613_002350_kafka_feed8_rep1,kafka,sb-events-n10-feed8-rep1,93a04759-8e10-4a79-98df-d2fef09c6629,3895113,398,29933169100,29933169500
concurrency_n10_20260613_002350_kafka_feed8_rep1,kafka,sb-events-n10-feed8-rep1,bbb3c276-5665-44e2-b52f-e71aefcf8e3a,3895113,398,29933223100,29933223400
concurrency_n10_20260613_002350_kafka_feed8_rep1,kafka,sb-events-n10-feed8-rep1,3f2f9851-45a7-4ebe-ad2a-78269daa75df,3895113,398,29943549800,29943550200
concurrency_n10_20260613_002350_kafka_feed8_rep1,kafka,sb-events-n10-feed8-rep1,501f6ca5-6a86-4ce4-9cfc-f6e0187c9d55,3895113,398,29953785800,29953786200
concurrency_n10_20260613_002350_kafka_feed8_rep1,kafka,sb-events-n10-feed8-rep1,07053e4c-e128-4431-96aa-0681e7f1d3c2,3895095,399,29953829500,29953829700
concurrency_n10_20260613_002350_kafka_feed8_rep1,kafka,sb-events-n10-feed8-rep1,3c5d079f-7af2-4cb8-9202-a047b2ba45e1,3895095,399,29958452200,29958452700
concurrency_n10_20260613_002350_kafka_feed8_rep1,kafka,sb-events-n10-feed8-rep1,e4ddc354-2d7a-45f1-8e30-f2030a95a5d4,3895095,399,29964060800,29964061400
concurrency_n10_20260613_002350_kafka_feed8_rep1,kafka,sb-events-n10-feed8-rep1,ab3be832-0318-4cac-90ba-84998d6bae03,3895060,399,29970644800,29970645200
concurrency_n10_20260613_002350_kafka_feed8_rep1,kafka,sb-events-n10-feed8-rep1,39796723-ae18-471d-82e7-83152b15fe67,3895134,399,29977986800,29977987300
concurrency_n10_20260613_002350_kafka_feed8_rep1,kafka,sb-events-n10-feed8-rep1,69524811-4918-4785-923d-78184f785804,3895052,399,29983492600,29983493100
concurrency_n10_20260613_002350_kafka_feed8_rep1,kafka,sb-events-n10-feed8-rep1,083f6173-25b6-441c-8b33-3415bb3fbd58,3895052,399,29991049400,29991049900
concurrency_n10_20260613_002350_kafka_feed8_rep1,kafka,sb-events-n10-feed8-rep1,3b938f84-998e-4a6d-b5d2-be210f99c5bd,3895086,399,29991088500,29991088800
concurrency_n10_20260613_002350_kafka_feed8_rep1,kafka,sb-events-n10-feed8-rep1,6f7be7ee-0d66-4d3e-bca1-fc751e66a6b9,3895086,399,29996646800,29996647200
concurrency_n10_20260613_002350_kafka_feed8_rep1,kafka,sb-events-n10-feed8-rep1,5380a23f-506b-4881-85f6-72a110685a23,3895113,399,30006415900,30006416300
concurrency_n10_20260613_002350_kafka_feed8_rep1,kafka,sb-events-n10-feed8-rep1,0c6aae5f-d6e7-4e3f-958d-ff741ef7213f,3895113,399,30006452800,30006453000
concurrency_n10_20260613_002350_kafka_feed8_rep1,kafka,sb-events-n10-feed8-rep1,7982b5d9-4599-4b38-9351-c02f47d75634,3895113,399,30013426000,30013426400
concurrency_n10_20260613_002350_kafka_feed8_rep1,kafka,sb-events-n10-feed8-rep1,88112df4-66e0-4a8a-8d7b-ea5419b04530,3895113,399,30013464200,30013464400
concurrency_n10_20260613_002350_kafka_feed8_rep1,kafka,sb-events-n10-feed8-rep1,e182ad3e-5a33-4704-b958-75a7bac9b3a1,3895060,400,30020073400,30020074000
concurrency_n10_20260613_002350_kafka_feed8_rep1,kafka,sb-events-n10-feed8-rep1,ef3078a5-3393-48b0-8afb-796cff80c5a0,3895060,400,30024266600,30024267100
concurrency_n10_20260613_002350_kafka_feed8_rep1,kafka,sb-events-n10-feed8-rep1,eba2e6e8-636d-45f0-a8ce-0f0bd1d57411,3895052,400,30034591400,30034592000
concurrency_n10_20260613_002350_kafka_feed8_rep1,kafka,sb-events-n10-feed8-rep1,474ab2df-3a03-4e71-b8ec-bbdf568286d7,3895060,400,30034638700,30034638900
concurrency_n10_20260613_002350_kafka_feed8_rep1,kafka,sb-events-n10-feed8-rep1,41f9512b-ca4f-49d7-8b8d-4a8999004a4d,3895052,400,30039750500,30039750800
concurrency_n10_20260613_002350_kafka_feed8_rep1,kafka,sb-events-n10-feed8-rep1,9eb51b15-3167-43e5-90ca-ca7b9be4372a,3895052,400,30050623900,30050624400
concurrency_n10_20260613_002350_kafka_feed8_rep1,kafka,sb-events-n10-feed8-rep1,52f12bc7-1f6f-4e45-bafd-d9a5aac3c720,3895113,400,30050668600,30050668800
concurrency_n10_20260613_002350_kafka_feed8_rep1,kafka,sb-events-n10-feed8-rep1,f044af23-bafc-40e0-a29a-ccb8a12270a2,3895113,400,30050692900,30050693200
concurrency_n10_20260613_002350_kafka_feed8_rep1,kafka,sb-events-n10-feed8-rep1,2687b66f-9cee-4ec4-9576-3ff4bdcceb52,3895086,401,30060337700,30060338000
concurrency_n10_20260613_002350_kafka_feed8_rep1,kafka,sb-events-n10-feed8-rep1,11f7ce84-24b4-475a-b143-83db518ce7d3,3895095,402,30069748200,30069748500
concurrency_n10_20260613_002350_kafka_feed8_rep1,kafka,sb-events-n10-feed8-rep1,6997db3a-ca3c-43da-bca2-16b9a922f6d8,3895095,402,30069840700,30069841100
concurrency_n10_20260613_002350_kafka_feed8_rep1,kafka,sb-events-n10-feed8-rep1,d2cfd8cf-c66c-4e29-9c67-b49258151b2a,3895095,402,30080841000,30080841500
concurrency_n10_20260613_002350_kafka_feed8_rep1,kafka,sb-events-n10-feed8-rep1,059fd091-ff2b-4556-a70b-0e68acc6b0cf,3895052,402,30089850000,30089850500
concurrency_n10_20260613_002350_kafka_feed8_rep1,kafka,sb-events-n10-feed8-rep1,6088b9ad-bddd-45ba-8d07-3e78feb5654a,3895052,403,30098477300,30098477900
concurrency_n10_20260613_002350_kafka_feed8_rep1,kafka,sb-events-n10-feed8-rep1,22881a06-05be-4bf0-8518-2681eb9797a3,3895052,402,30098554200,30098554600
concurrency_n10_20260613_002350_kafka_feed8_rep1,kafka,sb-events-n10-feed8-rep1,fdf94033-542d-4292-95c2-cb787c750b62,3895086,403,30111345400,30111345900
concurrency_n10_20260613_002350_kafka_feed8_rep1,kafka,sb-events-n10-feed8-rep1,ec99ce1c-a4c8-4148-aa55-3bfe856b5836,3895086,403,30111407700,30111408100
concurrency_n10_20260613_002350_kafka_feed8_rep1,kafka,sb-events-n10-feed8-rep1,4a816579-df56-4ce5-b878-8d40f203cb52,3895113,403,30117370000,30117370500
concurrency_n10_20260613_002350_kafka_feed8_rep1,kafka,sb-events-n10-feed8-rep1,192e9df3-dac7-415f-8997-939d4d5b0f65,3895052,404,30119893600,30119894000
concurrency_n10_20260613_002350_kafka_feed8_rep1,kafka,sb-events-n10-feed8-rep1,923738ee-fc49-4531-abda-89a58219a128,3895086,404,30126139300,30126140500
concurrency_n10_20260613_002350_kafka_feed8_rep1,kafka,sb-events-n10-feed8-rep1,1bc603e2-bad1-46d7-8749-cc2556e31806,3895052,404,30126225200,30126225600
concurrency_n10_20260613_002350_kafka_feed8_rep1,kafka,sb-events-n10-feed8-rep1,2ecae5af-88bb-4062-af1e-2d24dc92d5f0,3895052,405,30130210800,30130211200
concurrency_n10_20260613_002350_kafka_feed8_rep1,kafka,sb-events-n10-feed8-rep1,1df1b344-254f-4242-bbff-259be52f2f9f,3895052,405,30144872100,30144872400
concurrency_n10_20260613_002350_kafka_feed8_rep1,kafka,sb-events-n10-feed8-rep1,1402a0f6-df9a-4a15-a85b-50a0ee7f1aa1,3895086,405,30153234900,30153235300
concurrency_n10_20260613_002350_kafka_feed8_rep1,kafka,sb-events-n10-feed8-rep1,f7cfe3a3-fa88-45b1-9e4a-ad8c92ba7d88,3895086,405,30153276200,30153276400
concurrency_n10_20260613_002350_kafka_feed8_rep1,kafka,sb-events-n10-feed8-rep1,34634858-227c-475b-b5c0-af15cc75c55a,3895113,405,30169543900,30169544700
concurrency_n10_20260613_002350_kafka_feed8_rep1,kafka,sb-events-n10-feed8-rep1,3b2bd1ac-8290-44b8-b954-ec2bab80ca29,3895113,405,30169816800,30169817200
concurrency_n10_20260613_002350_kafka_feed8_rep1,kafka,sb-events-n10-feed8-rep1,5ad79794-5352-47c6-ada3-96c1ef072a85,3895052,406,30178023300,30178023600
concurrency_n10_20260613_002350_kafka_feed8_rep1,kafka,sb-events-n10-feed8-rep1,da545246-60fd-4a0d-9d5d-5d3ca007b671,3895052,406,30178123500,30178123800
concurrency_n10_20260613_002350_kafka_feed8_rep1,kafka,sb-events-n10-feed8-rep1,ea396394-e219-4728-a86d-bb5b1ee852d5,3895052,406,30185158000,30185158400
concurrency_n10_20260613_002350_kafka_feed8_rep1,kafka,sb-events-n10-feed8-rep1,be47d88f-1996-48a0-8925-9f8edaa3ca68,3895086,406,30185204700,30185205000
concurrency_n10_20260613_002350_kafka_feed8_rep1,kafka,sb-events-n10-feed8-rep1,9466e7b4-8e45-4458-a5de-965a57e52aa8,3895113,406,30196484600,30196485100
concurrency_n10_20260613_002350_kafka_feed8_rep1,kafka,sb-events-n10-feed8-rep1,277885fb-01ce-483f-8d09-45be01ab9779,3895052,407,30205668800,30205669400
concurrency_n10_20260613_002350_kafka_feed8_rep1,kafka,sb-events-n10-feed8-rep1,def9f373-446b-4c52-93fe-6dfd8eb38e67,3895052,407,30213226000,30213226200
concurrency_n10_20260613_002350_kafka_feed8_rep1,kafka,sb-events-n10-feed8-rep1,8caecad9-5b7d-4c78-8088-c858e00b900d,3895052,407,30213261400,30213261600
concurrency_n10_20260613_002350_kafka_feed8_rep1,kafka,sb-events-n10-feed8-rep1,937de409-0477-4d40-8549-5681da2d0fd4,3895086,407,30220366800,30220367400
concurrency_n10_20260613_002350_kafka_feed8_rep1,kafka,sb-events-n10-feed8-rep1,0629b250-600d-423c-858d-2830bccad9ff,3895052,407,30227255400,30227256000
concurrency_n10_20260613_002350_kafka_feed8_rep1,kafka,sb-events-n10-feed8-rep1,fe6a69dc-8631-4c8a-8b09-61f474215e37,3895086,407,30245394700,30245395100
concurrency_n10_20260613_002350_kafka_feed8_rep1,kafka,sb-events-n10-feed8-rep1,32919933-6bb8-4faa-b18e-ad93184393bf,3895060,408,30245442000,30245442200
concurrency_n10_20260613_002350_kafka_feed8_rep1,kafka,sb-events-n10-feed8-rep1,507db774-d073-4767-ab0a-dbac0356c04c,3895086,408,30245471200,30245471300
concurrency_n10_20260613_002350_kafka_feed8_rep1,kafka,sb-events-n10-feed8-rep1,4d8f7de9-ba91-4892-a377-88cebd92d43b,3895086,408,30257304300,30257304700
concurrency_n10_20260613_002350_kafka_feed8_rep1,kafka,sb-events-n10-feed8-rep1,45d54390-55ed-4ec7-9ed0-3ef10a22a272,3895086,408,30257340400,30257340500
concurrency_n10_20260613_002350_kafka_feed8_rep1,kafka,sb-events-n10-feed8-rep1,c4dc179a-2949-41ca-8758-676ccc586d70,3895113,408,30257360300,30257360400
concurrency_n10_20260613_002350_kafka_feed8_rep1,kafka,sb-events-n10-feed8-rep1,7a1cae44-d611-4898-8e6a-0e6ab7ad3571,3895052,409,30263439700,30263440200
concurrency_n10_20260613_002350_kafka_feed8_rep1,kafka,sb-events-n10-feed8-rep1,0dc483af-2a22-4957-bcfa-4206c244b3db,3895113,408,30263484800,30263485100
concurrency_n10_20260613_002350_kafka_feed8_rep1,kafka,sb-events-n10-feed8-rep1,91059f5d-e167-45b7-a8ea-df5f6428998b,3895086,409,30269631900,30269632400
concurrency_n10_20260613_002350_kafka_feed8_rep1,kafka,sb-events-n10-feed8-rep1,2577a998-31d8-46a6-b78f-0bb1f75e62a6,3895086,409,30276849100,30276849800
concurrency_n10_20260613_002350_kafka_feed8_rep1,kafka,sb-events-n10-feed8-rep1,296aac38-e333-4822-a17e-1cf241ca8a48,3895086,409,30287891000,30287892500
concurrency_n10_20260613_002350_kafka_feed8_rep1,kafka,sb-events-n10-feed8-rep1,f80cc3e5-f190-499e-a88d-4db8d2eeb8b8,3895113,409,30292823100,30292823500
concurrency_n10_20260613_002350_kafka_feed8_rep1,kafka,sb-events-n10-feed8-rep1,9e692d8d-e162-4e14-bd3b-822eb58cf8d7,3895060,410,30307816900,30307817300
concurrency_n10_20260613_002350_kafka_feed8_rep1,kafka,sb-events-n10-feed8-rep1,f85e321f-816d-4b6c-8b0a-c051a766519e,3895060,410,30315434600,30315435000
concurrency_n10_20260613_002350_kafka_feed8_rep1,kafka,sb-events-n10-feed8-rep1,32302554-dcc1-4615-b9b5-4186c5c1b65a,3895052,410,30321777800,30321778300
concurrency_n10_20260613_002350_kafka_feed8_rep1,kafka,sb-events-n10-feed8-rep1,35af85ca-d396-423b-a75f-c7315989a22d,3895052,410,30321819700,30321819900
concurrency_n10_20260613_002350_kafka_feed8_rep1,kafka,sb-events-n10-feed8-rep1,86a2b8f2-6c9e-46e1-9a0b-cd9c358f43c9,3895052,410,30341103800,30341104500
concurrency_n10_20260613_002350_kafka_feed8_rep1,kafka,sb-events-n10-feed8-rep1,d8557160-f77d-4a4f-8d2a-dba2bae4f47b,3895086,410,30341211000,30341211400
concurrency_n10_20260613_002350_kafka_feed8_rep1,kafka,sb-events-n10-feed8-rep1,f63cf3f3-4dcb-4f72-9c59-848dcb4c981a,3895060,411,30341242000,30341242200
concurrency_n10_20260613_002350_kafka_feed8_rep1,kafka,sb-events-n10-feed8-rep1,b2b16ddc-9dbc-492c-9700-8dd09543424d,3895134,411,30352659800,30352660200
concurrency_n10_20260613_002350_kafka_feed8_rep1,kafka,sb-events-n10-feed8-rep1,d808606f-b088-4c1c-be2c-97e3e1c127d4,3895113,411,30352704200,30352704400
concurrency_n10_20260613_002350_kafka_feed8_rep1,kafka,sb-events-n10-feed8-rep1,5570ecf6-6ef2-4490-a64e-a26ae4565a05,3895113,411,30358084000,30358085000
concurrency_n10_20260613_002350_kafka_feed8_rep1,kafka,sb-events-n10-feed8-rep1,cbfece8b-528d-48bb-a985-fd5e64780757,3895060,412,30358124700,30358124900
concurrency_n10_20260613_002350_kafka_feed8_rep1,kafka,sb-events-n10-feed8-rep1,b0ca91fc-29bf-4b75-ab11-9b00df600132,3895107,412,30382115700,30382116100
concurrency_n10_20260613_002350_kafka_feed8_rep1,kafka,sb-events-n10-feed8-rep1,f0fe5375-7028-4044-af07-74a9d95bc1e7,3895134,412,30382158200,30382158400
concurrency_n10_20260613_002350_kafka_feed8_rep1,kafka,sb-events-n10-feed8-rep1,f1137b6b-87e8-4a2e-89f9-13eb6ec76570,3895134,412,30382181400,30382181500
concurrency_n10_20260613_002350_kafka_feed8_rep1,kafka,sb-events-n10-feed8-rep1,049eb390-d5d2-43ac-babd-9bc5b3977429,3895134,412,30388057400,30388057800
concurrency_n10_20260613_002350_kafka_feed8_rep1,kafka,sb-events-n10-feed8-rep1,9d177173-1ff5-49c7-85c1-9005c1cb85aa,3895052,412,30394710000,30394710300
concurrency_n10_20260613_002350_kafka_feed8_rep1,kafka,sb-events-n10-feed8-rep1,536d3016-2a58-45a2-abe7-7510d2fe82c6,3895052,412,30402647900,30402648300
concurrency_n10_20260613_002350_kafka_feed8_rep1,kafka,sb-events-n10-feed8-rep1,61eb9978-041a-4c5d-b84a-e83858aba17a,3895086,412,30402700000,30402700300
concurrency_n10_20260613_002350_kafka_feed8_rep1,kafka,sb-events-n10-feed8-rep1,9c2bfa0e-c0d4-4914-8233-9b3fc007a35f,3895086,412,30411371800,30411372600
concurrency_n10_20260613_002350_kafka_feed8_rep1,kafka,sb-events-n10-feed8-rep1,623277a1-75db-403a-92c9-c0afe097a0f3,3895060,413,30418024500,30418025300
concurrency_n10_20260613_002350_kafka_feed8_rep1,kafka,sb-events-n10-feed8-rep1,3a8dfce1-23cb-4ebc-9475-506109bebf1c,3895060,413,30426220400,30426220800
concurrency_n10_20260613_002350_kafka_feed8_rep1,kafka,sb-events-n10-feed8-rep1,e7efbe5c-3cff-4ea4-8ced-a3f2c2aa0ba3,3895060,413,30434044600,30434045000
concurrency_n10_20260613_002350_kafka_feed8_rep1,kafka,sb-events-n10-feed8-rep1,bd65f10d-e0f0-4aa8-b643-123d11239e92,3895134,413,30447471100,30447471400
concurrency_n10_20260613_002350_kafka_feed8_rep1,kafka,sb-events-n10-feed8-rep1,c1326634-36dc-4bb6-9ed6-814ed105a095,3895134,413,30447511100,30447511300
concurrency_n10_20260613_002350_kafka_feed8_rep1,kafka,sb-events-n10-feed8-rep1,2e924e2e-9f8a-4c8b-8a00-68c186e8eaa9,3895134,413,30455512400,30455512700
concurrency_n10_20260613_002350_kafka_feed8_rep1,kafka,sb-events-n10-feed8-rep1,44290f3c-3ec2-4fa9-b500-4e7a5186c44e,3895113,413,30468649300,30468650000
concurrency_n10_20260613_002350_kafka_feed8_rep1,kafka,sb-events-n10-feed8-rep1,68e72920-b8ea-4477-80de-6b48608ab973,3895113,413,30468690600,30468690800
concurrency_n10_20260613_002350_kafka_feed8_rep1,kafka,sb-events-n10-feed8-rep1,949a886f-d69a-4509-9346-4e83b5bd4fcf,3895052,414,30479128200,30479128600
concurrency_n10_20260613_002350_kafka_feed8_rep1,kafka,sb-events-n10-feed8-rep1,ff3547ec-2170-4976-8933-a4cb58199080,3895095,414,30479209400,30479209600
concurrency_n10_20260613_002350_kafka_feed8_rep1,kafka,sb-events-n10-feed8-rep1,47e31b83-14fc-4b14-b1fe-b65017d691b0,3895060,414,30479245100,30479245300
concurrency_n10_20260613_002350_kafka_feed8_rep1,kafka,sb-events-n10-feed8-rep1,c736668c-4114-4f71-8581-04840b78fdfc,3895052,414,30485297800,30485298400
concurrency_n10_20260613_002350_kafka_feed8_rep1,kafka,sb-events-n10-feed8-rep1,d463709b-a7e4-4719-8e7c-f345637a5086,3895086,414,30499681900,30499682300
concurrency_n10_20260613_002350_kafka_feed8_rep1,kafka,sb-events-n10-feed8-rep1,25532f19-4415-4291-b9b3-a4e73494a1f8,3895086,414,30499723100,30499723200
concurrency_n10_20260613_002350_kafka_feed8_rep1,kafka,sb-events-n10-feed8-rep1,870f203a-1731-4591-8a35-35776163afba,3895052,414,30499744400,30499744500
concurrency_n10_20260613_002350_kafka_feed8_rep1,kafka,sb-events-n10-feed8-rep1,2f085a92-1363-4974-966b-dc892d14e8be,3895086,414,30509867700,30509868500
concurrency_n10_20260613_002350_kafka_feed8_rep1,kafka,sb-events-n10-feed8-rep1,d8a02821-cb11-450b-9e91-1109a9f8f97a,3895086,414,30517956900,30517957400
concurrency_n10_20260613_002350_kafka_feed8_rep1,kafka,sb-events-n10-feed8-rep1,8e99eef9-a763-462c-9e35-b3b54c78ba71,3895086,414,30524435100,30524435700
concurrency_n10_20260613_002350_kafka_feed8_rep1,kafka,sb-events-n10-feed8-rep1,6812f850-269c-4d05-8b62-b71b943c402f,3895107,415,30524479200,30524479400
concurrency_n10_20260613_002350_kafka_feed8_rep1,kafka,sb-events-n10-feed8-rep1,99ca80d7-67b1-4dd3-9ef6-984960943ae8,3895107,415,30530535800,30530536300
concurrency_n10_20260613_002350_kafka_feed8_rep1,kafka,sb-events-n10-feed8-rep1,b75d8a21-2eb8-4647-a613-33815d403e6a,3895134,415,30544872700,30544873100
concurrency_n10_20260613_002350_kafka_feed8_rep1,kafka,sb-events-n10-feed8-rep1,253dcb35-7257-46a0-a08b-249d8b51fbd9,3895134,415,30556370300,30556370800
concurrency_n10_20260613_002350_kafka_feed8_rep1,kafka,sb-events-n10-feed8-rep1,379d9ace-6e36-4c40-817b-a6f32834f83e,3895052,415,30556412800,30556413000
concurrency_n10_20260613_002350_kafka_feed8_rep1,kafka,sb-events-n10-feed8-rep1,6147588e-d8a3-4a36-ad8b-e69fcd874daa,3895052,415,30556434500,30556434600
concurrency_n10_20260613_002350_kafka_feed8_rep1,kafka,sb-events-n10-feed8-rep1,beabc681-2cf8-475a-bb3c-00b7f3b7c2ae,3895052,415,30556455000,30556455100
concurrency_n10_20260613_002350_kafka_feed8_rep1,kafka,sb-events-n10-feed8-rep1,0b4043ea-bec1-4b19-b6ab-d972a45b8598,3895086,415,30560123300,30560123600
concurrency_n10_20260613_002350_kafka_feed8_rep1,kafka,sb-events-n10-feed8-rep1,21d2c8a0-b595-4272-9dfc-75e88c9941e1,3895086,415,30560161800,30560162000
concurrency_n10_20260613_002350_kafka_feed8_rep1,kafka,sb-events-n10-feed8-rep1,0692e024-b42d-4dcf-bfc6-20a8aa424b12,3895113,415,30566924300,30566924700
concurrency_n10_20260613_002350_kafka_feed8_rep1,kafka,sb-events-n10-feed8-rep1,b630e6ee-951f-40bf-91b7-f4e0be85557b,3895095,416,30566962700,30566962900
concurrency_n10_20260613_002350_kafka_feed8_rep1,kafka,sb-events-n10-feed8-rep1,acbad204-8bb9-4133-bd15-3ca49cf3d0ff,3895095,416,30572276700,30572277300
concurrency_n10_20260613_002350_kafka_feed8_rep1,kafka,sb-events-n10-feed8-rep1,77733bfd-5fe1-4fc9-9c9f-9196f8190a56,3895121,416,30582918300,30582918800
concurrency_n10_20260613_002350_kafka_feed8_rep1,kafka,sb-events-n10-feed8-rep1,9bd4cae3-7820-4dd3-9240-d120514b0bc7,3895060,416,30587797700,30587798200
concurrency_n10_20260613_002350_kafka_feed8_rep1,kafka,sb-events-n10-feed8-rep1,f8ca4154-43b3-48ed-b553-1cf184ec1038,3895060,416,30596576900,30596577500
concurrency_n10_20260613_002350_kafka_feed8_rep1,kafka,sb-events-n10-feed8-rep1,feec5db4-0f06-4355-8a54-70eb4f6b6dc3,3895060,416,30606802700,30606803100
concurrency_n10_20260613_002350_kafka_feed8_rep1,kafka,sb-events-n10-feed8-rep1,65e1d14d-aa22-4c4c-b1ce-1537efd7439d,3895060,416,30606846000,30606846200
concurrency_n10_20260613_002350_kafka_feed8_rep1,kafka,sb-events-n10-feed8-rep1,b34b9ac5-3ae8-40ba-9a82-3869f19685e6,3895060,416,30606868400,30606868500
concurrency_n10_20260613_002350_kafka_feed8_rep1,kafka,sb-events-n10-feed8-rep1,908f957e-04f1-48fb-8e99-287395ea1faa,3895052,416,30614591700,30614592300
concurrency_n10_20260613_002350_kafka_feed8_rep1,kafka,sb-events-n10-feed8-rep1,a55fbea5-23f7-4ebe-b0a3-0317649ece33,3895052,416,30614632600,30614632900
concurrency_n10_20260613_002350_kafka_feed8_rep1,kafka,sb-events-n10-feed8-rep1,fbe5b36f-ffec-4d50-a29c-b27c8ca90566,3895113,416,30622601900,30622602300
concurrency_n10_20260613_002350_kafka_feed8_rep1,kafka,sb-events-n10-feed8-rep1,bbda0fd5-ae9d-49a1-8b96-adbc5fb7e2de,3895113,416,30628509400,30628509900
concurrency_n10_20260613_002350_kafka_feed8_rep1,kafka,sb-events-n10-feed8-rep1,77203fc8-8554-443f-ad87-073950296d0f,3895113,416,30628550100,30628550300
concurrency_n10_20260613_002350_kafka_feed8_rep1,kafka,sb-events-n10-feed8-rep1,f602af13-6e83-4f6c-9be4-43b87393fb88,3895095,417,30641258600,30641259000
concurrency_n10_20260613_002350_kafka_feed8_rep1,kafka,sb-events-n10-feed8-rep1,c8a4f65e-de16-4a55-8fea-5000bb592df9,3895095,417,30650932600,30650933000
concurrency_n10_20260613_002350_kafka_feed8_rep1,kafka,sb-events-n10-feed8-rep1,7c182b15-333f-4814-a1c6-d792e20b8ccc,3895121,417,30650970500,30650970800
concurrency_n10_20260613_002350_kafka_feed8_rep1,kafka,sb-events-n10-feed8-rep1,5138cd1b-110a-4921-b1a7-c909e6d0595d,3895121,417,30650990600,30650990800
concurrency_n10_20260613_002350_kafka_feed8_rep1,kafka,sb-events-n10-feed8-rep1,06b004be-3024-46a5-b7d6-bfde9decffc6,3895121,417,30651010500,30651010700
concurrency_n10_20260613_002350_kafka_feed8_rep1,kafka,sb-events-n10-feed8-rep1,79751425-951b-446f-b337-7b354c42acaf,3895107,417,30655130100,30655130600
concurrency_n10_20260613_002350_kafka_feed8_rep1,kafka,sb-events-n10-feed8-rep1,475f9dcb-bb4b-40c5-a86a-34371bdd6335,3895067,417,30656287500,30656287900
concurrency_n10_20260613_002350_kafka_feed8_rep1,kafka,sb-events-n10-feed8-rep1,bee45a1b-7555-4637-bb99-33137194ec5a,3895107,417,30666364100,30666364500
concurrency_n10_20260613_002350_kafka_feed8_rep1,kafka,sb-events-n10-feed8-rep1,358ad0b5-866d-4ca3-a08d-9d5ff6090d45,3895113,417,30675091700,30675092100
concurrency_n10_20260613_002350_kafka_feed8_rep1,kafka,sb-events-n10-feed8-rep1,257932ed-8347-4039-8c47-79fce70b8520,3895113,417,30675133800,30675134000
concurrency_n10_20260613_002350_kafka_feed8_rep1,kafka,sb-events-n10-feed8-rep1,47de5d62-d762-4704-9e04-0d1a9266c1d8,3895095,418,30681433000,30681433400
concurrency_n10_20260613_002350_kafka_feed8_rep1,kafka,sb-events-n10-feed8-rep1,8f596fd2-0f57-4e26-a29e-c10996f42f74,3895067,418,30681536800,30681537200
concurrency_n10_20260613_002350_kafka_feed8_rep1,kafka,sb-events-n10-feed8-rep1,55b6a5e4-4628-4e20-907f-615515236ec7,3895107,418,30687202300,30687202600
concurrency_n10_20260613_002350_kafka_feed8_rep1,kafka,sb-events-n10-feed8-rep1,506ab386-496b-4e13-b497-02c06a45148a,3895107,418,30695846100,30695846600
concurrency_n10_20260613_002350_kafka_feed8_rep1,kafka,sb-events-n10-feed8-rep1,19832783-f5f6-41ce-ba88-d0b2b263d71f,3895113,418,30703434500,30703434800
concurrency_n10_20260613_002350_kafka_feed8_rep1,kafka,sb-events-n10-feed8-rep1,77982580-78a9-484f-a647-0224cba818e8,3895095,419,30703470200,30703470400
concurrency_n10_20260613_002350_kafka_feed8_rep1,kafka,sb-events-n10-feed8-rep1,7e115206-e835-4e32-8de9-0edc67fe7bf7,3895052,418,30703492300,30703492500
concurrency_n10_20260613_002350_kafka_feed8_rep1,kafka,sb-events-n10-feed8-rep1,b9184c86-7d6a-44d1-b147-574784daa4f5,3895095,419,30714520400,30714520800
concurrency_n10_20260613_002350_kafka_feed8_rep1,kafka,sb-events-n10-feed8-rep1,efbc0cd9-0b72-41cc-a5ec-f62779fd6aca,3895052,419,30719809200,30719809600
concurrency_n10_20260613_002350_kafka_feed8_rep1,kafka,sb-events-n10-feed8-rep1,3338f79f-b203-4dc7-83e2-98c37ca8e12f,3895052,419,30728886300,30728886700
concurrency_n10_20260613_002350_kafka_feed8_rep1,kafka,sb-events-n10-feed8-rep1,d7db4f40-1535-4d73-a2f3-a27c78963c8b,3895113,420,30734472700,30734473400
concurrency_n10_20260613_002350_kafka_feed8_rep1,kafka,sb-events-n10-feed8-rep1,b727a896-9cdc-4334-ab9b-9237d0b76848,3895067,420,30734523300,30734523500
concurrency_n10_20260613_002350_kafka_feed8_rep1,kafka,sb-events-n10-feed8-rep1,40cf82a5-f894-407d-927a-6998d56f06da,3895095,421,30747244800,30747245100
concurrency_n10_20260613_002350_kafka_feed8_rep1,kafka,sb-events-n10-feed8-rep1,10b10ad8-6ae8-4988-83e9-bec12af31813,3895107,421,30747285500,30747285700
concurrency_n10_20260613_002350_kafka_feed8_rep1,kafka,sb-events-n10-feed8-rep1,015aa0ed-4f76-44fb-9aa5-208f77af020b,3895113,420,30747381100,30747381300
concurrency_n10_20260613_002350_kafka_feed8_rep1,kafka,sb-events-n10-feed8-rep1,9877fe33-ba1b-4830-81d9-b393db345d2c,3895107,421,30752597600,30752598100
concurrency_n10_20260613_002350_kafka_feed8_rep1,kafka,sb-events-n10-feed8-rep1,f68b6b3e-82e4-4c96-a859-9bd2f822111b,3895113,421,30763156500,30763157000
concurrency_n10_20260613_002350_kafka_feed8_rep1,kafka,sb-events-n10-feed8-rep1,e6867187-7dcc-4683-b53d-39f1dbde94fa,3895107,421,30763199100,30763199300
concurrency_n10_20260613_002350_kafka_feed8_rep1,kafka,sb-events-n10-feed8-rep1,ed40601f-a3a5-4d32-a87b-ff24e0302022,3895113,421,30769667500,30769667800
concurrency_n10_20260613_002350_kafka_feed8_rep1,kafka,sb-events-n10-feed8-rep1,d4556014-5256-4e1e-9a08-39c118c98ca6,3895113,421,30769707000,30769707300
concurrency_n10_20260613_002350_kafka_feed8_rep1,kafka,sb-events-n10-feed8-rep1,8529bde3-983c-4025-8ba6-848af3117801,3895095,422,30780851700,30780852100
concurrency_n10_20260613_002350_kafka_feed8_rep1,kafka,sb-events-n10-feed8-rep1,5adeab2c-b652-4898-972d-0086e866cc09,3895095,422,30787518700,30787519000
concurrency_n10_20260613_002350_kafka_feed8_rep1,kafka,sb-events-n10-feed8-rep1,87e4711a-1ca3-4370-8bb9-3a00caab8c51,3895067,422,30787556800,30787557100
concurrency_n10_20260613_002350_kafka_feed8_rep1,kafka,sb-events-n10-feed8-rep1,b26a8a32-8c02-4a46-b785-68a3b34e4e67,3895067,422,30793711300,30793711700
concurrency_n10_20260613_002350_kafka_feed8_rep1,kafka,sb-events-n10-feed8-rep1,e09f814d-e43c-42ee-882c-6d000acf6c73,3895067,422,30800919300,30800920000
concurrency_n10_20260613_002350_kafka_feed8_rep1,kafka,sb-events-n10-feed8-rep1,c6a68a89-8e28-4787-8071-ee2238f7ec12,3895052,422,30808458300,30808458600
concurrency_n10_20260613_002350_kafka_feed8_rep1,kafka,sb-events-n10-feed8-rep1,bca77d47-f9f8-4766-a34a-08c172eda3d0,3895095,423,30814312900,30814313500
concurrency_n10_20260613_002350_kafka_feed8_rep1,kafka,sb-events-n10-feed8-rep1,5d544481-3697-4ed7-a614-f9fb9c1edfb8,3895113,422,30814371100,30814371500
concurrency_n10_20260613_002350_kafka_feed8_rep1,kafka,sb-events-n10-feed8-rep1,7fc08a97-ce61-4425-a1eb-646252e6271c,3895052,423,30827054700,30827055000
concurrency_n10_20260613_002350_kafka_feed8_rep1,kafka,sb-events-n10-feed8-rep1,84383b5d-c08c-4020-9b5e-aa636c93380a,3895052,423,30833934600,30833935300
concurrency_n10_20260613_002350_kafka_feed8_rep1,kafka,sb-events-n10-feed8-rep1,f25310be-8808-45cf-857a-24465bb05552,3895095,424,30841063700,30841064000
concurrency_n10_20260613_002350_kafka_feed8_rep1,kafka,sb-events-n10-feed8-rep1,fbb22634-7438-4151-b9b1-0b834c52ed57,3895095,424,30850045200,30850045700
concurrency_n10_20260613_002350_kafka_feed8_rep1,kafka,sb-events-n10-feed8-rep1,c5a7dbce-13fb-43cc-9479-381d93382113,3895121,424,30855552000,30855552400
concurrency_n10_20260613_002350_kafka_feed8_rep1,kafka,sb-events-n10-feed8-rep1,e002fe65-6625-4378-b5fd-1f8f4795d3ea,3895060,424,30863490100,30863490500
concurrency_n10_20260613_002350_kafka_feed8_rep1,kafka,sb-events-n10-feed8-rep1,84c3bc58-acea-4433-a077-bb93b993e54b,3895067,424,30863529900,30863530200
concurrency_n10_20260613_002350_kafka_feed8_rep1,kafka,sb-events-n10-feed8-rep1,1bf883fe-4aac-4e50-8ad4-b5911f1b9233,3895067,424,30869246600,30869246900
concurrency_n10_20260613_002350_kafka_feed8_rep1,kafka,sb-events-n10-feed8-rep1,b12df8ae-5e7d-43a2-b8fc-04658119dd5f,3895107,424,30875862000,30875862500
concurrency_n10_20260613_002350_kafka_feed8_rep1,kafka,sb-events-n10-feed8-rep1,9285db92-2f24-4ad4-8435-b60db43df8ee,3895067,424,30875899500,30875899700
concurrency_n10_20260613_002350_kafka_feed8_rep1,kafka,sb-events-n10-feed8-rep1,6d8088a4-2f31-4bbd-a6f1-865d876a4f1b,3895107,424,30880621500,30880621900
concurrency_n10_20260613_002350_kafka_feed8_rep1,kafka,sb-events-n10-feed8-rep1,e03b541a-0128-4a89-a779-ec9e04af45f2,3895095,425,30888959000,30888959500
concurrency_n10_20260613_002350_kafka_feed8_rep1,kafka,sb-events-n10-feed8-rep1,d406f4e2-df35-4eab-9aaa-ccb6a52802ae,3895095,425,30895744900,30895745300
concurrency_n10_20260613_002350_kafka_feed8_rep1,kafka,sb-events-n10-feed8-rep1,38bd0c04-893f-4c29-9619-699c2924da1c,3895060,425,30903116100,30903116500
concurrency_n10_20260613_002350_kafka_feed8_rep1,kafka,sb-events-n10-feed8-rep1,fd39eb14-b6ea-432b-a902-c9553ce0bc59,3895067,425,30907937400,30907938000
concurrency_n10_20260613_002350_kafka_feed8_rep1,kafka,sb-events-n10-feed8-rep1,57f01443-fba4-49b5-b44a-65824bf6fa3f,3895067,425,30912360100,30912360600
concurrency_n10_20260613_002350_kafka_feed8_rep1,kafka,sb-events-n10-feed8-rep1,45e701be-e227-45fb-b099-b50b01715efa,3895113,425,30918875700,30918876100
concurrency_n10_20260613_002350_kafka_feed8_rep1,kafka,sb-events-n10-feed8-rep1,ce661350-9ba1-4054-9861-89dbd8320148,3895095,426,30925064100,30925064700
concurrency_n10_20260613_002350_kafka_feed8_rep1,kafka,sb-events-n10-feed8-rep1,177113c4-7f09-49b2-8275-501bbab8296b,3895121,426,30930933300,30930933800
concurrency_n10_20260613_002350_kafka_feed8_rep1,kafka,sb-events-n10-feed8-rep1,8c0a0745-671c-4ff3-94a5-67e1588a7133,3895121,426,30930979100,30930979500
concurrency_n10_20260613_002350_kafka_feed8_rep1,kafka,sb-events-n10-feed8-rep1,637250a5-80b7-442b-96f3-e6dd79f6435b,3895107,426,30935443400,30935443800
concurrency_n10_20260613_002350_kafka_feed8_rep1,kafka,sb-events-n10-feed8-rep1,dd28b9b3-01c4-4d13-a89a-9d4dfa958bf0,3895107,426,30946710000,30946710600
concurrency_n10_20260613_002350_kafka_feed8_rep1,kafka,sb-events-n10-feed8-rep1,8ae6bdb2-c24b-4ed0-983c-e939993c6742,3895113,426,30954410000,30954410500
concurrency_n10_20260613_002350_kafka_feed8_rep1,kafka,sb-events-n10-feed8-rep1,3deee1c7-7081-4932-afe5-029c6365c89e,3895052,426,30954454900,30954455300
concurrency_n10_20260613_002350_kafka_feed8_rep1,kafka,sb-events-n10-feed8-rep1,6edc63ff-2dda-4fc8-ba14-ae9912b3209e,3895113,426,30962181200,30962181700
concurrency_n10_20260613_002350_kafka_feed8_rep1,kafka,sb-events-n10-feed8-rep1,c92066a9-da65-499a-bd0a-e88faacd1e16,3895113,426,30962222000,30962222200
concurrency_n10_20260613_002350_kafka_feed8_rep1,kafka,sb-events-n10-feed8-rep1,db9d84fd-432f-4f42-b473-d4b609bf7918,3895095,427,30969836300,30969836700
concurrency_n10_20260613_002350_kafka_feed8_rep1,kafka,sb-events-n10-feed8-rep1,48b2c580-fcfb-42ea-b767-e9832aa833dd,3895107,427,30977374600,30977375100
concurrency_n10_20260613_002350_kafka_feed8_rep1,kafka,sb-events-n10-feed8-rep1,fb60ad6e-542e-4749-a9be-645d710a0c12,3895095,427,30977431600,30977431800
concurrency_n10_20260613_002350_kafka_feed8_rep1,kafka,sb-events-n10-feed8-rep1,0a603bab-8f62-4b61-a69e-89540ece0633,3895052,427,30982967600,30982968100
concurrency_n10_20260613_002350_kafka_feed8_rep1,kafka,sb-events-n10-feed8-rep1,ea0c80fe-688f-4973-ace6-d2ce2684a1d8,3895095,428,30990350700,30990351200
concurrency_n10_20260613_002350_kafka_feed8_rep1,kafka,sb-events-n10-feed8-rep1,2fa6a61d-2459-4a0f-b59f-4886fe4f5ea0,3895052,427,30990398300,30990398600
concurrency_n10_20260613_002350_kafka_feed8_rep1,kafka,sb-events-n10-feed8-rep1,4bb72644-890a-40bb-bcba-ce5cd5eed663,3895095,428,30996440500,30996440900
concurrency_n10_20260613_002350_kafka_feed8_rep1,kafka,sb-events-n10-feed8-rep1,def67e64-947f-422a-853c-70648bdf0bfc,3895113,428,31000994700,31000995300
concurrency_n10_20260613_002350_kafka_feed8_rep1,kafka,sb-events-n10-feed8-rep1,11f4dd85-d69a-4211-b9be-7e11aa409a6d,3895113,428,31007758900,31007759300
concurrency_n10_20260613_002350_kafka_feed8_rep1,kafka,sb-events-n10-feed8-rep1,b66a86fd-1b53-4985-b277-9512f9a82a1d,3895095,429,31021582700,31021583100
concurrency_n10_20260613_002350_kafka_feed8_rep1,kafka,sb-events-n10-feed8-rep1,e3332417-1d5d-4f0b-860a-8177361a7898,3895095,429,31027304200,31027304700
concurrency_n10_20260613_002350_kafka_feed8_rep1,kafka,sb-events-n10-feed8-rep1,fdad131f-38c4-4a0d-ac58-0a8bfc15a8ef,3895121,429,31027360200,31027360500
concurrency_n10_20260613_002350_kafka_feed8_rep1,kafka,sb-events-n10-feed8-rep1,8db5b84a-4efe-4569-99d8-5fdbe4823787,3895067,429,31032599300,31032600500
concurrency_n10_20260613_002350_kafka_feed8_rep1,kafka,sb-events-n10-feed8-rep1,034a278a-8f57-4670-8cf0-1b6dabc19014,3895107,429,31038378400,31038379000
concurrency_n10_20260613_002350_kafka_feed8_rep1,kafka,sb-events-n10-feed8-rep1,dfd27999-52a4-42b8-a6e5-424cb70e1484,3895107,429,31042166100,31042166400
concurrency_n10_20260613_002350_kafka_feed8_rep1,kafka,sb-events-n10-feed8-rep1,f96ae738-f917-46ca-9d54-9b60a348efb3,3895113,429,31053098700,31053099200
concurrency_n10_20260613_002350_kafka_feed8_rep1,kafka,sb-events-n10-feed8-rep1,ce31adac-f711-4460-a18e-e56195878998,3895113,429,31053142900,31053143200
concurrency_n10_20260613_002350_kafka_feed8_rep1,kafka,sb-events-n10-feed8-rep1,262e08cf-dc35-4ef4-a9a2-6cc6df40b750,3895060,430,31059487800,31059488400
concurrency_n10_20260613_002350_kafka_feed8_rep1,kafka,sb-events-n10-feed8-rep1,055732f8-40e1-47fb-a7ee-fd5a32d596d8,3895095,430,31059528600,31059528800
concurrency_n10_20260613_002350_kafka_feed8_rep1,kafka,sb-events-n10-feed8-rep1,c19ac7f5-1244-40b2-a581-211b2f547dfb,3895067,430,31064892200,31064892900
concurrency_n10_20260613_002350_kafka_feed8_rep1,kafka,sb-events-n10-feed8-rep1,9db4ba45-346b-4c43-ac9b-5404abb4bad5,3895067,430,31064939500,31064939900
concurrency_n10_20260613_002350_kafka_feed8_rep1,kafka,sb-events-n10-feed8-rep1,144bfef4-ffc4-4f45-9ae2-1b0a02eb9661,3895107,430,31068959100,31068959500
concurrency_n10_20260613_002350_kafka_feed8_rep1,kafka,sb-events-n10-feed8-rep1,1d710c2e-cbc2-432b-9bf8-43caf966b015,3895113,430,31079107500,31079108200
concurrency_n10_20260613_002350_kafka_feed8_rep1,kafka,sb-events-n10-feed8-rep1,4a6581a9-0412-4587-8dc0-4ffe46c29171,3895095,431,31085263700,31085264500
concurrency_n10_20260613_002350_kafka_feed8_rep1,kafka,sb-events-n10-feed8-rep1,6f6abba1-714f-4452-95ed-dd6cc46b399b,3895121,431,31092897200,31092897900
concurrency_n10_20260613_002350_kafka_feed8_rep1,kafka,sb-events-n10-feed8-rep1,32187eb7-eedb-4e12-a898-a7d56d3b68a6,3895095,431,31092997200,31092997600
concurrency_n10_20260613_002350_kafka_feed8_rep1,kafka,sb-events-n10-feed8-rep1,bb21425a-e4f4-4be2-8056-cf17dd2b881e,3895121,431,31103633800,31103634300
concurrency_n10_20260613_002350_kafka_feed8_rep1,kafka,sb-events-n10-feed8-rep1,9354de97-1691-4640-b8dc-a3a4aac7f3f2,3895060,431,31116992200,31116992700
concurrency_n10_20260613_002350_kafka_feed8_rep1,kafka,sb-events-n10-feed8-rep1,ac1f6adf-b947-4def-8356-a26808cfdd55,3895060,431,31117094800,31117095200
concurrency_n10_20260613_002350_kafka_feed8_rep1,kafka,sb-events-n10-feed8-rep1,54cc941c-73bd-49d2-96ac-b1524e6e9c73,3895067,431,31124898100,31124899000
concurrency_n10_20260613_002350_kafka_feed8_rep1,kafka,sb-events-n10-feed8-rep1,e3014085-76db-4cd3-996c-114a6765ff2b,3895060,431,31124943500,31124943800
concurrency_n10_20260613_002350_kafka_feed8_rep1,kafka,sb-events-n10-feed8-rep1,e3632c7d-6f54-4e9e-9d94-3e205aa61725,3895060,431,31125018900,31125019100
concurrency_n10_20260613_002350_kafka_feed8_rep1,kafka,sb-events-n10-feed8-rep1,e8d5b618-cd87-489d-ba58-f5bc4dc905f4,3895107,431,31132323700,31132324300
concurrency_n10_20260613_002350_kafka_feed8_rep1,kafka,sb-events-n10-feed8-rep1,4479164d-0996-42af-9f05-6b6463406836,3895107,431,31132380100,31132380400
concurrency_n10_20260613_002350_kafka_feed8_rep1,kafka,sb-events-n10-feed8-rep1,8676e2f7-a190-45a5-811d-d2ec168d652b,3895107,431,31145990000,31145990200
concurrency_n10_20260613_002350_kafka_feed8_rep1,kafka,sb-events-n10-feed8-rep1,f2705ddd-761e-4696-add2-9450c946b2d2,3895107,431,31146033100,31146033300
concurrency_n10_20260613_002350_kafka_feed8_rep1,kafka,sb-events-n10-feed8-rep1,8fa44da0-9f33-4997-a61a-cd790ade4ac0,3895107,431,31158685400,31158685800
concurrency_n10_20260613_002350_kafka_feed8_rep1,kafka,sb-events-n10-feed8-rep1,5ac3b939-8489-44ae-8196-d90c071a4e2b,3895113,431,31158735700,31158736100
concurrency_n10_20260613_002350_kafka_feed8_rep1,kafka,sb-events-n10-feed8-rep1,b3e61b06-ad2b-4430-b01f-2bae1332dc42,3895113,431,31163982700,31163983200
concurrency_n10_20260613_002350_kafka_feed8_rep1,kafka,sb-events-n10-feed8-rep1,96005594-9251-40b6-8a5a-9336a35101e4,3895113,431,31173008100,31173008700
concurrency_n10_20260613_002350_kafka_feed8_rep1,kafka,sb-events-n10-feed8-rep1,88d4aea8-b87a-4fd2-b153-f3537ba33b68,3895095,432,31183411200,31183412100
concurrency_n10_20260613_002350_kafka_feed8_rep1,kafka,sb-events-n10-feed8-rep1,c1fa473a-9e1c-4633-a285-8c1741fb4574,3895095,432,31188661500,31188661900
concurrency_n10_20260613_002350_kafka_feed8_rep1,kafka,sb-events-n10-feed8-rep1,9bbddf36-ac73-4aa3-a031-94e75138231f,3895095,432,31188699800,31188700100
concurrency_n10_20260613_002350_kafka_feed8_rep1,kafka,sb-events-n10-feed8-rep1,c7dde75e-004e-46b4-a795-8a30d801b6bb,3895060,432,31195644200,31195644700
concurrency_n10_20260613_002350_kafka_feed8_rep1,kafka,sb-events-n10-feed8-rep1,129db130-d09b-4e91-a358-7ac06bac952e,3895067,432,31205658200,31205658800
concurrency_n10_20260613_002350_kafka_feed8_rep1,kafka,sb-events-n10-feed8-rep1,df18bfeb-46df-479c-a423-b135de585619,3895060,432,31205710100,31205710500
concurrency_n10_20260613_002350_kafka_feed8_rep1,kafka,sb-events-n10-feed8-rep1,48add514-4b91-4a5b-94f3-9870629eb0aa,3895113,432,31216032200,31216032900
concurrency_n10_20260613_002350_kafka_feed8_rep1,kafka,sb-events-n10-feed8-rep1,b1ab7cf7-adff-4370-914b-ba4be232fd2e,3895095,433,31230770400,31230771100
concurrency_n10_20260613_002350_kafka_feed8_rep1,kafka,sb-events-n10-feed8-rep1,493545a5-6aa4-4023-9420-46007b1a3ce8,3895095,433,31230821100,31230821400
concurrency_n10_20260613_002350_kafka_feed8_rep1,kafka,sb-events-n10-feed8-rep1,b49dcd3c-6f29-40c3-87a1-111f4b10edcc,3895067,433,31242968900,31242969800
concurrency_n10_20260613_002350_kafka_feed8_rep1,kafka,sb-events-n10-feed8-rep1,b7adec60-6c24-4fa4-85f1-e8d69d928fc4,3895067,433,31243012800,31243013000
concurrency_n10_20260613_002350_kafka_feed8_rep1,kafka,sb-events-n10-feed8-rep1,5dc3eb73-6e81-4402-903c-91723503a97b,3895113,433,31243034900,31243035100
concurrency_n10_20260613_002350_kafka_feed8_rep1,kafka,sb-events-n10-feed8-rep1,848557c8-e3b0-4304-8e75-0f092d5f538b,3895113,433,31243768900,31243769300
concurrency_n10_20260613_002350_kafka_feed8_rep1,kafka,sb-events-n10-feed8-rep1,b96fac13-833d-4317-bdd8-27039d4efe4c,3895121,434,31243793400,31243793600
concurrency_n10_20260613_002350_kafka_feed8_rep1,kafka,sb-events-n10-feed8-rep1,7411ec5f-a392-46c2-b39a-a6ce300040ce,3895134,434,31254647600,31254648300
concurrency_n10_20260613_002350_kafka_feed8_rep1,kafka,sb-events-n10-feed8-rep1,2785f3be-29b1-4860-9818-3d324c7c8513,3895067,434,31254696200,31254696500
concurrency_n10_20260613_002350_kafka_feed8_rep1,kafka,sb-events-n10-feed8-rep1,4b2ad3a7-763e-40ec-920b-ecc3295c0b46,3895121,435,31264642700,31264643100
concurrency_n10_20260613_002350_kafka_feed8_rep1,kafka,sb-events-n10-feed8-rep1,d69457d5-e8ea-465a-b7bd-fb5f43c24a86,3895121,435,31264684000,31264684200
concurrency_n10_20260613_002350_kafka_feed8_rep1,kafka,sb-events-n10-feed8-rep1,355b84ac-ece7-446f-8ebd-0c8ed6bdef6b,3895095,435,31264705700,31264705800
concurrency_n10_20260613_002350_kafka_feed8_rep1,kafka,sb-events-n10-feed8-rep1,d9c29d58-b124-4bfd-ab19-425feb9af87e,3895067,435,31270835000,31270835500
concurrency_n10_20260613_002350_kafka_feed8_rep1,kafka,sb-events-n10-feed8-rep1,094fe689-aadc-4af2-ae32-ef2095f0332c,3895060,435,31271016000,31271016400
concurrency_n10_20260613_002350_kafka_feed8_rep1,kafka,sb-events-n10-feed8-rep1,727c58ca-fe98-4f29-ab91-bc46259c9b71,3895067,435,31279644600,31279645100
concurrency_n10_20260613_002350_kafka_feed8_rep1,kafka,sb-events-n10-feed8-rep1,ed0b9f44-e15b-427c-8d2b-d97f55fdc7c7,3895086,435,31285094600,31285094900
concurrency_n10_20260613_002350_kafka_feed8_rep1,kafka,sb-events-n10-feed8-rep1,16a56046-af8d-4ba3-b3dc-43de66273854,3895113,435,31290049200,31290049500
concurrency_n10_20260613_002350_kafka_feed8_rep1,kafka,sb-events-n10-feed8-rep1,475b1c6c-47d5-4a80-9b4c-72f2fcb41fd7,3895095,436,31297338600,31297339000
concurrency_n10_20260613_002350_kafka_feed8_rep1,kafka,sb-events-n10-feed8-rep1,16e5ad03-7768-454a-804c-08564ee079f7,3895060,436,31306068700,31306069300
concurrency_n10_20260613_002350_kafka_feed8_rep1,kafka,sb-events-n10-feed8-rep1,3bd62e95-05b6-4e65-9231-39e838eb8842,3895060,436,31312619100,31312619500
concurrency_n10_20260613_002350_kafka_feed8_rep1,kafka,sb-events-n10-feed8-rep1,f44ae8ce-cef1-43b4-9e4a-4b72af18ec99,3895134,436,31317405000,31317405600
concurrency_n10_20260613_002350_kafka_feed8_rep1,kafka,sb-events-n10-feed8-rep1,ef287494-52f4-4aca-906e-c1edce19b58f,3895086,436,31323658800,31323659300
concurrency_n10_20260613_002350_kafka_feed8_rep1,kafka,sb-events-n10-feed8-rep1,5c4bb60c-b1ec-43bd-859f-01a372519ccf,3895086,436,31331675500,31331676200
concurrency_n10_20260613_002350_kafka_feed8_rep1,kafka,sb-events-n10-feed8-rep1,8197e381-d8c3-4fb0-b801-b3ba90fd20c9,3895086,436,31343021400,31343021700
concurrency_n10_20260613_002350_kafka_feed8_rep1,kafka,sb-events-n10-feed8-rep1,5dfbc264-25d2-487c-9d6d-f52626ebe7fc,3895113,436,31346412400,31346412800
concurrency_n10_20260613_002350_kafka_feed8_rep1,kafka,sb-events-n10-feed8-rep1,0157e06e-c1f4-45e2-a345-3750b06b9a5c,3895113,436,31351687100,31351687500
concurrency_n10_20260613_002350_kafka_feed8_rep1,kafka,sb-events-n10-feed8-rep1,1f541b89-a6a6-4c92-ba55-71f3897550dd,3895113,436,31351731800,31351732000
concurrency_n10_20260613_002350_kafka_feed8_rep1,kafka,sb-events-n10-feed8-rep1,6498dc6b-e7de-41bf-b7f0-cf3bf49be188,3895113,436,31359088200,31359088700
concurrency_n10_20260613_002350_kafka_feed8_rep1,kafka,sb-events-n10-feed8-rep1,4549fc3e-e957-4689-839b-57471879a085,3895113,436,31366044800,31366045300
concurrency_n10_20260613_002350_kafka_feed8_rep1,kafka,sb-events-n10-feed8-rep1,da84b5d9-2277-482a-9361-1c1aa276c423,3895095,437,31366096800,31366097100
concurrency_n10_20260613_002350_kafka_feed8_rep1,kafka,sb-events-n10-feed8-rep1,a2940536-baaa-4a93-b5f2-41362dd74f23,3895095,437,31373262700,31373263200
concurrency_n10_20260613_002350_kafka_feed8_rep1,kafka,sb-events-n10-feed8-rep1,5fc6d303-5356-4b7c-b25a-8710ac89d84c,3895067,437,31379157600,31379158100
concurrency_n10_20260613_002350_kafka_feed8_rep1,kafka,sb-events-n10-feed8-rep1,caef0d3c-5341-4407-976e-c3670c999ab1,3895113,437,31387391000,31387391500
concurrency_n10_20260613_002350_kafka_feed8_rep1,kafka,sb-events-n10-feed8-rep1,32389334-659a-4a79-afea-97290dcd3df4,3895121,438,31393618200,31393618700
concurrency_n10_20260613_002350_kafka_feed8_rep1,kafka,sb-events-n10-feed8-rep1,a12e9638-29c2-4c16-9b05-d506cace3264,3895067,438,31406613500,31406613800
concurrency_n10_20260613_002350_kafka_feed8_rep1,kafka,sb-events-n10-feed8-rep1,f5ee6a62-e25d-4aa7-af17-199665116373,3895067,438,31416675900,31416676500
concurrency_n10_20260613_002350_kafka_feed8_rep1,kafka,sb-events-n10-feed8-rep1,561d6113-04f3-4452-b671-9032cd80905e,3895067,438,31426228700,31426229200
concurrency_n10_20260613_002350_kafka_feed8_rep1,kafka,sb-events-n10-feed8-rep1,49dbe2f4-0751-4108-ad6e-e588b879fa5a,3895086,438,31426288000,31426288400
concurrency_n10_20260613_002350_kafka_feed8_rep1,kafka,sb-events-n10-feed8-rep1,c0c196e8-3953-48d2-a1f4-b528b36b3bbe,3895086,438,31433579600,31433580000
concurrency_n10_20260613_002350_kafka_feed8_rep1,kafka,sb-events-n10-feed8-rep1,b57676ce-ceb6-42b5-b9c8-4c3e8fd7a167,3895086,438,31440834300,31440834800
concurrency_n10_20260613_002350_kafka_feed8_rep1,kafka,sb-events-n10-feed8-rep1,15db4ee9-576c-4602-b829-3a8b0029ae3f,3895086,438,31453905700,31453906200
concurrency_n10_20260613_002350_kafka_feed8_rep1,kafka,sb-events-n10-feed8-rep1,81ae327d-bfe8-4ecc-9e13-f01f8eb015b5,3895086,438,31453947100,31453947300
concurrency_n10_20260613_002350_kafka_feed8_rep1,kafka,sb-events-n10-feed8-rep1,ac0e8f91-6935-42c6-8b8a-415d168f3db6,3895086,438,31453971100,31453971400
concurrency_n10_20260613_002350_kafka_feed8_rep1,kafka,sb-events-n10-feed8-rep1,a7c6e74a-6d6c-41a4-ae44-9e7612576432,3895113,438,31462089500,31462090300
concurrency_n10_20260613_002350_kafka_feed8_rep1,kafka,sb-events-n10-feed8-rep1,54786c23-e3f1-4fd0-87b7-62544a2c615b,3895113,438,31468151400,31468152100
concurrency_n10_20260613_002350_kafka_feed8_rep1,kafka,sb-events-n10-feed8-rep1,58c9c29f-825e-4ae5-adc2-4c56c42203fc,3895113,438,31478998600,31478999000
concurrency_n10_20260613_002350_kafka_feed8_rep1,kafka,sb-events-n10-feed8-rep1,eed8e254-afe5-4087-b88b-b654514686d1,3895095,439,31479043900,31479044200
concurrency_n10_20260613_002350_kafka_feed8_rep1,kafka,sb-events-n10-feed8-rep1,6c3262eb-6358-4c82-9bc6-d19b80892428,3895134,439,31485736200,31485736600
concurrency_n10_20260613_002350_kafka_feed8_rep1,kafka,sb-events-n10-feed8-rep1,b57a80f6-6577-4585-8c4f-aa9d856fb34c,3895113,439,31492575800,31492576200
concurrency_n10_20260613_002350_kafka_feed8_rep1,kafka,sb-events-n10-feed8-rep1,b4021d8d-2596-4e17-b9ad-1fce31aa26c1,3895113,439,31492616900,31492617100
concurrency_n10_20260613_002350_kafka_feed8_rep1,kafka,sb-events-n10-feed8-rep1,bf0c578a-acae-46b9-86d2-5fe7717aedf5,3895060,440,31513011000,31513011600
concurrency_n10_20260613_002350_kafka_feed8_rep1,kafka,sb-events-n10-feed8-rep1,1cac3f24-2470-474a-955f-69cb2e1055e9,3895107,440,31523557100,31523557800
concurrency_n10_20260613_002350_kafka_feed8_rep1,kafka,sb-events-n10-feed8-rep1,7f8fbb4a-859a-4498-a068-acc86d0f8856,3895067,440,31523605100,31523605500
concurrency_n10_20260613_002350_kafka_feed8_rep1,kafka,sb-events-n10-feed8-rep1,17c63ed8-3b9b-4cc4-a909-7f32a08c6b19,3895134,440,31523636400,31523636600
concurrency_n10_20260613_002350_kafka_feed8_rep1,kafka,sb-events-n10-feed8-rep1,276b4ddc-bfde-471c-bdd8-a63cbf06dc06,3895086,440,31529475600,31529475900
concurrency_n10_20260613_002350_kafka_feed8_rep1,kafka,sb-events-n10-feed8-rep1,573ccd99-4c73-4985-95ff-fc4a86a4537e,3895134,440,31529514200,31529514500
concurrency_n10_20260613_002350_kafka_feed8_rep1,kafka,sb-events-n10-feed8-rep1,155c2683-3f85-4202-b794-c50d7bfa9001,3895095,441,31537650700,31537651100
concurrency_n10_20260613_002350_kafka_feed8_rep1,kafka,sb-events-n10-feed8-rep1,7bb6ab27-9e46-4f44-a939-cd2ac5b39d0f,3895095,441,31543414000,31543414400
concurrency_n10_20260613_002350_kafka_feed8_rep1,kafka,sb-events-n10-feed8-rep1,debe42e1-fcee-4d18-99c0-f55cb04cda73,3895060,441,31549237500,31549237800
concurrency_n10_20260613_002350_kafka_feed8_rep1,kafka,sb-events-n10-feed8-rep1,b095329c-74b5-413f-b09c-1ba29e158ce4,3895060,441,31557058000,31557058400
concurrency_n10_20260613_002350_kafka_feed8_rep1,kafka,sb-events-n10-feed8-rep1,10ee04cb-590d-4be1-929a-6e72ad04d538,3895086,441,31563684000,31563684300
concurrency_n10_20260613_002350_kafka_feed8_rep1,kafka,sb-events-n10-feed8-rep1,d0793566-ef87-45a9-b8df-39566408c616,3895086,441,31569995500,31569996400
concurrency_n10_20260613_002350_kafka_feed8_rep1,kafka,sb-events-n10-feed8-rep1,2603eb58-dc66-440e-80b4-a21ab04676c6,3895086,441,31581085100,31581085600
concurrency_n10_20260613_002350_kafka_feed8_rep1,kafka,sb-events-n10-feed8-rep1,f7cdedca-990f-4f4b-b29b-f4848481672b,3895086,441,31594387800,31594388300
concurrency_n10_20260613_002350_kafka_feed8_rep1,kafka,sb-events-n10-feed8-rep1,a4fdb17e-ae9b-4d1b-bd4c-96772d2bd8db,3895113,441,31594431500,31594431800
concurrency_n10_20260613_002350_kafka_feed8_rep1,kafka,sb-events-n10-feed8-rep1,3c7cf69a-6dcf-4920-a925-b6747887a9de,3895107,442,31624619400,31624619900
concurrency_n10_20260613_002350_kafka_feed8_rep1,kafka,sb-events-n10-feed8-rep1,e1b42cb7-e3de-4d0a-89d9-228422727114,3895060,442,31624710100,31624710400
concurrency_n10_20260613_002350_kafka_feed8_rep1,kafka,sb-events-n10-feed8-rep1,57655f7e-e071-4ff5-9255-f63989011827,3895060,442,31624732700,31624732900
concurrency_n10_20260613_002350_kafka_feed8_rep1,kafka,sb-events-n10-feed8-rep1,25b4bb1b-a95f-497f-96ee-bb64921c9241,3895060,442,31624752400,31624752500
concurrency_n10_20260613_002350_kafka_feed8_rep1,kafka,sb-events-n10-feed8-rep1,4d7ee021-7a0f-4d1e-81b4-c422c174a305,3895067,442,31636339400,31636340100
concurrency_n10_20260613_002350_kafka_feed8_rep1,kafka,sb-events-n10-feed8-rep1,177f1a1c-3da7-4345-a27b-c65a62441aab,3895067,442,31636387000,31636387200
concurrency_n10_20260613_002350_kafka_feed8_rep1,kafka,sb-events-n10-feed8-rep1,1effce85-49bb-4ab0-bcfb-fcd223cba3fc,3895095,443,31648003600,31648004000
concurrency_n10_20260613_002350_kafka_feed8_rep1,kafka,sb-events-n10-feed8-rep1,2a0b6c1b-2a44-482b-a32f-4d2fbd509c18,3895107,443,31648088300,31648088700
concurrency_n10_20260613_002350_kafka_feed8_rep1,kafka,sb-events-n10-feed8-rep1,ee6ed7de-6d67-46a2-8359-071f55d1ce89,3895067,443,31648117300,31648117500
concurrency_n10_20260613_002350_kafka_feed8_rep1,kafka,sb-events-n10-feed8-rep1,f0f3d4a7-55e4-4d2c-862d-0acf8e3da349,3895113,443,31654476800,31654477200
concurrency_n10_20260613_002350_kafka_feed8_rep1,kafka,sb-events-n10-feed8-rep1,518de82b-2508-4cef-8269-46b7984156f9,3895113,443,31661948100,31661948600
concurrency_n10_20260613_002350_kafka_feed8_rep1,kafka,sb-events-n10-feed8-rep1,0fc33c40-b147-4f24-b714-5f4dbb757486,3895095,444,31662029300,31662029600
concurrency_n10_20260613_002350_kafka_feed8_rep1,kafka,sb-events-n10-feed8-rep1,71576952-6aed-4168-87a4-24973b5e67f0,3895095,444,31676871500,31676871800
concurrency_n10_20260613_002350_kafka_feed8_rep1,kafka,sb-events-n10-feed8-rep1,3a7824d3-4c69-41ce-94ee-d85fcf98d6da,3895095,444,31676909300,31676909500
concurrency_n10_20260613_002350_kafka_feed8_rep1,kafka,sb-events-n10-feed8-rep1,8d259d1b-bd1a-4df7-b250-34e8b7170759,3895095,444,31686792500,31686793000
concurrency_n10_20260613_002350_kafka_feed8_rep1,kafka,sb-events-n10-feed8-rep1,bcd3a0d5-2ef8-4d48-8c44-e09faf4294c3,3895060,444,31686835300,31686835600
concurrency_n10_20260613_002350_kafka_feed8_rep1,kafka,sb-events-n10-feed8-rep1,c9afc7e1-31a4-42c6-9646-6119671515aa,3895060,444,31695655500,31695655800
concurrency_n10_20260613_002350_kafka_feed8_rep1,kafka,sb-events-n10-feed8-rep1,88c91ca2-6f51-434a-8971-ab00ddba38d8,3895060,444,31701877600,31701878400
concurrency_n10_20260613_002350_kafka_feed8_rep1,kafka,sb-events-n10-feed8-rep1,d2467e7b-3c5e-4492-a63c-c016097205cc,3895060,444,31710317700,31710318500
concurrency_n10_20260613_002350_kafka_feed8_rep1,kafka,sb-events-n10-feed8-rep1,09f08457-c39f-419b-8a8b-9c9c7b1ecda2,3895060,444,31717489700,31717490100
concurrency_n10_20260613_002350_kafka_feed8_rep1,kafka,sb-events-n10-feed8-rep1,b26de741-6a30-4fdf-98c7-a80234e5975a,3895107,444,31727430300,31727430700
concurrency_n10_20260613_002350_kafka_feed8_rep1,kafka,sb-events-n10-feed8-rep1,2f12dc48-365a-4eca-8d94-b275e81ded91,3895107,444,31727473900,31727474200
concurrency_n10_20260613_002350_kafka_feed8_rep1,kafka,sb-events-n10-feed8-rep1,6d943e3e-6499-44b7-9cd5-c831c1fa6629,3895067,444,31733510700,31733511000
concurrency_n10_20260613_002350_kafka_feed8_rep1,kafka,sb-events-n10-feed8-rep1,a6927531-98e9-40bf-9e33-fa40496a5479,3895067,444,31739311200,31739311600
concurrency_n10_20260613_002350_kafka_feed8_rep1,kafka,sb-events-n10-feed8-rep1,a56a5487-a30d-4bce-9d39-e18176eac0c3,3895052,444,31747833200,31747835200
concurrency_n10_20260613_002350_kafka_feed8_rep1,kafka,sb-events-n10-feed8-rep1,b02147ff-b3d7-4747-84ef-d7fecc8baeac,3895086,444,31755753500,31755754000
concurrency_n10_20260613_002350_kafka_feed8_rep1,kafka,sb-events-n10-feed8-rep1,3cad9bbc-9a2a-4132-8e77-3cf66a96fea8,3895086,444,31765126200,31765126600
concurrency_n10_20260613_002350_kafka_feed8_rep1,kafka,sb-events-n10-feed8-rep1,a79b49c8-c067-465b-b890-e50c04066741,3895113,444,31765264500,31765264900
concurrency_n10_20260613_002350_kafka_feed8_rep1,kafka,sb-events-n10-feed8-rep1,33573fe4-ca0b-4d01-a4ef-dfd2ce95d02c,3895095,445,31772673500,31772674200
concurrency_n10_20260613_002350_kafka_feed8_rep1,kafka,sb-events-n10-feed8-rep1,63e90760-224f-4519-b23e-41e6b13b4aa6,3895095,445,31779167700,31779168200
concurrency_n10_20260613_002350_kafka_feed8_rep1,kafka,sb-events-n10-feed8-rep1,e3cfe80e-4ff1-43d7-a56a-fe23b604fb1c,3895107,445,31779214500,31779214900
concurrency_n10_20260613_002350_kafka_feed8_rep1,kafka,sb-events-n10-feed8-rep1,67b6eee6-1a6c-414b-859e-e9552b97162f,3895052,445,31785976500,31785976900
concurrency_n10_20260613_002350_kafka_feed8_rep1,kafka,sb-events-n10-feed8-rep1,f794a632-b01a-468d-86e1-d5a33b3b317e,3895052,445,31790206800,31790207800
concurrency_n10_20260613_002350_kafka_feed8_rep1,kafka,sb-events-n10-feed8-rep1,7e58146c-c2f1-4e76-965e-bde41aea3e81,3895113,445,31796678000,31796678400
concurrency_n10_20260613_002350_kafka_feed8_rep1,kafka,sb-events-n10-feed8-rep1,0a504cc0-a156-4160-b8f1-dc7020285481,3895113,445,31804723700,31804724100
concurrency_n10_20260613_002350_kafka_feed8_rep1,kafka,sb-events-n10-feed8-rep1,5b9a7afb-6b47-49d5-b840-78c95925ff49,3895107,446,31804783000,31804783300
concurrency_n10_20260613_002350_kafka_feed8_rep1,kafka,sb-events-n10-feed8-rep1,94180027-9028-41f3-a97a-cd3b67ec8efa,3895134,446,31814101400,31814102100
concurrency_n10_20260613_002350_kafka_feed8_rep1,kafka,sb-events-n10-feed8-rep1,c56ec238-7803-47ad-a1d3-83bf87822b02,3895067,446,31814222800,31814223100
concurrency_n10_20260613_002350_kafka_feed8_rep1,kafka,sb-events-n10-feed8-rep1,e0efa831-1ceb-49cb-9cf9-6589869b1111,3895067,446,31827017200,31827017600
concurrency_n10_20260613_002350_kafka_feed8_rep1,kafka,sb-events-n10-feed8-rep1,64846ece-ecc0-49f6-84be-e3a1ace0bbfb,3895067,446,31827065400,31827065700
concurrency_n10_20260613_002350_kafka_feed8_rep1,kafka,sb-events-n10-feed8-rep1,9e50d3ef-cdb2-497b-818f-60a89ee23984,3895052,446,31837997100,31837997800
concurrency_n10_20260613_002350_kafka_feed8_rep1,kafka,sb-events-n10-feed8-rep1,7340cb89-e992-4aef-be64-69a5420c269a,3895095,447,31838102900,31838103200
concurrency_n10_20260613_002350_kafka_feed8_rep1,kafka,sb-events-n10-feed8-rep1,8d218582-118e-4010-aa9f-e2e8613a5855,3895086,446,31838131900,31838132100
concurrency_n10_20260613_002350_kafka_feed8_rep1,kafka,sb-events-n10-feed8-rep1,7adad092-34df-4101-9529-7d1dd104ad7f,3895052,447,31842895800,31842896300
concurrency_n10_20260613_002350_kafka_feed8_rep1,kafka,sb-events-n10-feed8-rep1,cddefb72-3ac3-4f11-8ad2-5963d94d80ea,3895052,447,31842931700,31842932000
concurrency_n10_20260613_002350_kafka_feed8_rep1,kafka,sb-events-n10-feed8-rep1,42a9d4e3-706d-44d3-ad3a-6702f506c9e1,3895095,448,31847262900,31847263700
concurrency_n10_20260613_002350_kafka_feed8_rep1,kafka,sb-events-n10-feed8-rep1,552cf4d8-4502-453b-89cc-a363d4503b0e,3895095,448,31852878700,31852879200
concurrency_n10_20260613_002350_kafka_feed8_rep1,kafka,sb-events-n10-feed8-rep1,f5544cfe-d1ae-4458-9692-70479c5a6bd2,3895060,448,31852917900,31852918100
concurrency_n10_20260613_002350_kafka_feed8_rep1,kafka,sb-events-n10-feed8-rep1,88d60541-4798-46d5-911f-a76c449216d1,3895060,448,31858045300,31858045800
concurrency_n10_20260613_002350_kafka_feed8_rep1,kafka,sb-events-n10-feed8-rep1,53c7bd50-e63f-4986-92c8-96d46b0bee1e,3895107,448,31862424400,31862424700
concurrency_n10_20260613_002350_kafka_feed8_rep1,kafka,sb-events-n10-feed8-rep1,3fef340a-10e5-4aa5-9498-1ee928305247,3895134,448,31868916600,31868917200
concurrency_n10_20260613_002350_kafka_feed8_rep1,kafka,sb-events-n10-feed8-rep1,644d5c7c-d1a5-47b6-a392-8d411b65c8f7,3895134,448,31879608800,31879609200
concurrency_n10_20260613_002350_kafka_feed8_rep1,kafka,sb-events-n10-feed8-rep1,56af3623-eca9-4c7f-bb3d-d6f6cf090c46,3895095,449,31880291600,31880292000
concurrency_n10_20260613_002350_kafka_feed8_rep1,kafka,sb-events-n10-feed8-rep1,4e097fd0-0828-426e-ba77-6229b2827935,3895107,449,31887995600,31887996000
concurrency_n10_20260613_002350_kafka_feed8_rep1,kafka,sb-events-n10-feed8-rep1,1e1dff02-7f8b-4fe3-910a-d8a1c77727b2,3895107,449,31888302100,31888302600
concurrency_n10_20260613_002350_kafka_feed8_rep1,kafka,sb-events-n10-feed8-rep1,02215165-9da4-4b41-bf1d-63d6acc70a50,3895107,449,31892921900,31892922300
concurrency_n10_20260613_002350_kafka_feed8_rep1,kafka,sb-events-n10-feed8-rep1,a0a2797a-8bde-4965-9733-fdbbbe9811e1,3895134,449,31897055300,31897055700
concurrency_n10_20260613_002350_kafka_feed8_rep1,kafka,sb-events-n10-feed8-rep1,74edf329-d572-4e4d-936f-b40fbce66eaf,3895134,449,31902746000,31902746500
concurrency_n10_20260613_002350_kafka_feed8_rep1,kafka,sb-events-n10-feed8-rep1,36c45fb0-4255-408e-83c0-7e9fc96f4eb6,3895095,450,31927784000,31927784400
concurrency_n10_20260613_002350_kafka_feed8_rep1,kafka,sb-events-n10-feed8-rep1,08c08b0f-630c-456b-9807-1f7d2ec90f27,3895060,450,31944206600,31944207200
concurrency_n10_20260613_002350_kafka_feed8_rep1,kafka,sb-events-n10-feed8-rep1,49346d04-d903-4d6f-9b19-ba4d0c15bad9,3895095,450,31944263300,31944263600
concurrency_n10_20260613_002350_kafka_feed8_rep1,kafka,sb-events-n10-feed8-rep1,9dbcf854-370c-4043-a227-e38e0584c5da,3895060,450,31944295800,31944296100
concurrency_n10_20260613_002350_kafka_feed8_rep1,kafka,sb-events-n10-feed8-rep1,1188c5b0-8e22-4da4-bd75-5b22c768cda7,3895113,450,31949662400,31949663000
concurrency_n10_20260613_002350_kafka_feed8_rep1,kafka,sb-events-n10-feed8-rep1,fc4349d2-e788-428b-90c0-1e2377a2b7e0,3895095,451,31949705200,31949705500
concurrency_n10_20260613_002350_kafka_feed8_rep1,kafka,sb-events-n10-feed8-rep1,bed10191-2c1a-4e39-bdcd-620d7cdad94f,3895095,451,31956190300,31956190800
concurrency_n10_20260613_002350_kafka_feed8_rep1,kafka,sb-events-n10-feed8-rep1,de745f07-6097-4825-aa95-2a29ba630c59,3895095,451,31968668900,31968669500
concurrency_n10_20260613_002350_kafka_feed8_rep1,kafka,sb-events-n10-feed8-rep1,059c0a6c-bf54-44ed-8d54-64e34ce75ec7,3895060,451,31979183400,31979183700
concurrency_n10_20260613_002350_kafka_feed8_rep1,kafka,sb-events-n10-feed8-rep1,5ebcc4a3-1ee4-4aa1-b7a5-5afbc8b92bd4,3895060,451,31979222200,31979222400
concurrency_n10_20260613_002350_kafka_feed8_rep1,kafka,sb-events-n10-feed8-rep1,40d656d8-7897-4e5d-8e1b-32e1b6fa4e58,3895060,451,31979241400,31979241600
concurrency_n10_20260613_002350_kafka_feed8_rep1,kafka,sb-events-n10-feed8-rep1,6706f68a-0fd9-496d-9e79-95e1fd03802c,3895107,451,31989009900,31989010500
concurrency_n10_20260613_002350_kafka_feed8_rep1,kafka,sb-events-n10-feed8-rep1,4f96086a-c6d5-48ae-af92-e337a80f8fba,3895107,451,31989072600,31989073100
concurrency_n10_20260613_002350_kafka_feed8_rep1,kafka,sb-events-n10-feed8-rep1,aed875e2-a9c3-4c15-a27f-d91682808df8,3895134,451,31994331600,31994332000
concurrency_n10_20260613_002350_kafka_feed8_rep1,kafka,sb-events-n10-feed8-rep1,fd4c2cc6-6ba7-4e63-99f0-836376096ff9,3895134,451,32004085600,32004086000
concurrency_n10_20260613_002350_kafka_feed8_rep1,kafka,sb-events-n10-feed8-rep1,34f32635-5565-4445-a686-f240c391ae22,3895113,451,32009986000,32009986500
concurrency_n10_20260613_002350_kafka_feed8_rep1,kafka,sb-events-n10-feed8-rep1,d0985595-3ebf-44b3-b8a1-40f7dc855881,3895095,452,32014772300,32014772600
concurrency_n10_20260613_002350_kafka_feed8_rep1,kafka,sb-events-n10-feed8-rep1,562401df-4355-4944-8719-51a612c1a9e4,3895095,452,32027902100,32027902400
concurrency_n10_20260613_002350_kafka_feed8_rep1,kafka,sb-events-n10-feed8-rep1,cdb30149-43dd-46d2-92c4-3dc2397ef658,3895052,452,32027941500,32027941700
concurrency_n10_20260613_002350_kafka_feed8_rep1,kafka,sb-events-n10-feed8-rep1,2988f030-9c1f-4b43-a9ef-bb40ccd30baf,3895107,452,32027961400,32027961500
concurrency_n10_20260613_002350_kafka_feed8_rep1,kafka,sb-events-n10-feed8-rep1,05b640b0-13b9-48c3-b52d-679bc686e685,3895113,452,32045254800,32045255400
concurrency_n10_20260613_002350_kafka_feed8_rep1,kafka,sb-events-n10-feed8-rep1,c8ce5549-a9a7-4f14-8b52-b83cc42f3648,3895113,452,32045300200,32045300400
concurrency_n10_20260613_002350_kafka_feed8_rep1,kafka,sb-events-n10-feed8-rep1,814fb2d7-1214-492b-a557-424d881a39b9,3895095,453,32045327200,32045327500
concurrency_n10_20260613_002350_kafka_feed8_rep1,kafka,sb-events-n10-feed8-rep1,66d6548d-fbc0-4b16-bbf4-d750db45eef9,3895095,453,32056059800,32056060100
concurrency_n10_20260613_002350_kafka_feed8_rep1,kafka,sb-events-n10-feed8-rep1,46ffd64a-4a1f-4599-b3e3-8042b4b734fe,3895095,453,32056098600,32056098800
concurrency_n10_20260613_002350_kafka_feed8_rep1,kafka,sb-events-n10-feed8-rep1,2d4f6202-ddf8-4c7d-b4c6-7865d1ee2d9a,3895095,453,32056119600,32056119900
concurrency_n10_20260613_002350_kafka_feed8_rep1,kafka,sb-events-n10-feed8-rep1,607c5b51-d7ec-438d-93ef-ebf85683ee29,3895074,453,32060164500,32060165200
concurrency_n10_20260613_002350_kafka_feed8_rep1,kafka,sb-events-n10-feed8-rep1,c3f11a7d-9340-497b-b55d-694fa591352f,3895052,453,32067637400,32067637800
concurrency_n10_20260613_002350_kafka_feed8_rep1,kafka,sb-events-n10-feed8-rep1,9aaf638b-090b-4334-8cb2-e4d9b159468c,3895095,454,32080209900,32080210500
concurrency_n10_20260613_002350_kafka_feed8_rep1,kafka,sb-events-n10-feed8-rep1,221fe015-6903-4898-9281-e04ad1b39ff0,3895095,454,32080265400,32080265700
concurrency_n10_20260613_002350_kafka_feed8_rep1,kafka,sb-events-n10-feed8-rep1,d7ba7e07-c73e-423b-84f1-70abd62a92b9,3895095,454,32086856700,32086857000
concurrency_n10_20260613_002350_kafka_feed8_rep1,kafka,sb-events-n10-feed8-rep1,a939137f-bea7-4c25-b7d4-cbbe6b8a0871,3895074,454,32092547800,32092548300
concurrency_n10_20260613_002350_kafka_feed8_rep1,kafka,sb-events-n10-feed8-rep1,a61a8556-cb94-4b66-bd46-faf3a7e21f96,3895074,454,32096775400,32096775900
concurrency_n10_20260613_002350_kafka_feed8_rep1,kafka,sb-events-n10-feed8-rep1,55f30dc9-0b28-4fad-a716-611d02ca20f6,3895107,454,32113286500,32113286900
concurrency_n10_20260613_002350_kafka_feed8_rep1,kafka,sb-events-n10-feed8-rep1,0b3025ce-3cd4-4898-ad5c-a207b61c6fa0,3895107,454,32123229700,32123230200
concurrency_n10_20260613_002350_kafka_feed8_rep1,kafka,sb-events-n10-feed8-rep1,f2ededc6-6bc7-4ec7-b0e9-c711011e1672,3895052,454,32123320000,32123320400
concurrency_n10_20260613_002350_kafka_feed8_rep1,kafka,sb-events-n10-feed8-rep1,dd4a183d-6153-4d52-8dbf-9478194bba81,3895052,454,32123358400,32123358900
concurrency_n10_20260613_002350_kafka_feed8_rep1,kafka,sb-events-n10-feed8-rep1,a8a72c19-64a7-4275-912e-ef6b5f09a1f7,3895095,455,32137659300,32137659900
concurrency_n10_20260613_002350_kafka_feed8_rep1,kafka,sb-events-n10-feed8-rep1,3f500bae-930c-4345-852e-c3aa1f1c4ab2,3895095,455,32145570200,32145570600
concurrency_n10_20260613_002350_kafka_feed8_rep1,kafka,sb-events-n10-feed8-rep1,26d91e47-0723-4830-b97b-9df16efd50ec,3895074,455,32145694700,32145695000
concurrency_n10_20260613_002350_kafka_feed8_rep1,kafka,sb-events-n10-feed8-rep1,1a555a66-cc7a-4994-a8c7-8aafdaf302f5,3895060,455,32155254300,32155254700
concurrency_n10_20260613_002350_kafka_feed8_rep1,kafka,sb-events-n10-feed8-rep1,caef69b5-9e37-4445-b866-fcf687c3e390,3895060,455,32160911200,32160911700
concurrency_n10_20260613_002350_kafka_feed8_rep1,kafka,sb-events-n10-feed8-rep1,4da864ef-2e5e-4a17-857e-dff8921feadf,3895052,455,32160952700,32160952900
concurrency_n10_20260613_002350_kafka_feed8_rep1,kafka,sb-events-n10-feed8-rep1,ea192fda-5da8-47b1-9bfb-0e70fec60b62,3895107,455,32160974300,32160974500
concurrency_n10_20260613_002350_kafka_feed8_rep1,kafka,sb-events-n10-feed8-rep1,4b618b31-6291-411b-b4c1-4aee61c4f5fa,3895052,455,32167286100,32167286500
concurrency_n10_20260613_002350_kafka_feed8_rep1,kafka,sb-events-n10-feed8-rep1,e3715e70-0150-4c42-b6f5-5fc67e792b5c,3895095,456,32175892400,32175892900
concurrency_n10_20260613_002350_kafka_feed8_rep1,kafka,sb-events-n10-feed8-rep1,e9d549aa-6725-4174-93bf-3d3fa63e74bb,3895095,456,32187117900,32187118500
concurrency_n10_20260613_002350_kafka_feed8_rep1,kafka,sb-events-n10-feed8-rep1,d0f4abbd-6eb7-4821-8b4f-d17041acec3b,3895121,456,32187164000,32187164200
concurrency_n10_20260613_002350_kafka_feed8_rep1,kafka,sb-events-n10-feed8-rep1,df68f0b4-6ffa-4f02-8711-7859862b0ec0,3895095,456,32187195200,32187195600
concurrency_n10_20260613_002350_kafka_feed8_rep1,kafka,sb-events-n10-feed8-rep1,b1d291fe-7aee-4867-a98f-2689070334d8,3895074,456,32197815800,32197816300
concurrency_n10_20260613_002350_kafka_feed8_rep1,kafka,sb-events-n10-feed8-rep1,ed5ace9b-d57f-4e11-ab3f-0434c560a8cf,3895074,456,32211106700,32211107100
concurrency_n10_20260613_002350_kafka_feed8_rep1,kafka,sb-events-n10-feed8-rep1,0af350f2-0e16-4edd-8330-da25fb192a18,3895134,456,32211150400,32211150600
concurrency_n10_20260613_002350_kafka_feed8_rep1,kafka,sb-events-n10-feed8-rep1,206d1fc9-724f-407b-bd2e-f7229d50f9c2,3895107,456,32211171100,32211171200
concurrency_n10_20260613_002350_kafka_feed8_rep1,kafka,sb-events-n10-feed8-rep1,6aee31be-f0a9-4a1f-a9d5-0e49c287c868,3895107,456,32211190500,32211190600
concurrency_n10_20260613_002350_kafka_feed8_rep1,kafka,sb-events-n10-feed8-rep1,b337407f-efd0-435a-94a6-83a6c2bb3954,3895052,456,32222559300,32222559700
concurrency_n10_20260613_002350_kafka_feed8_rep1,kafka,sb-events-n10-feed8-rep1,7b77ded3-e0cc-48e7-8dea-d345a900cc2f,3895095,457,32228463900,32228464300
concurrency_n10_20260613_002350_kafka_feed8_rep1,kafka,sb-events-n10-feed8-rep1,b56165c6-a538-4491-a5aa-b4fae53fbbd9,3895052,456,32228503500,32228503700
concurrency_n10_20260613_002350_kafka_feed8_rep1,kafka,sb-events-n10-feed8-rep1,8e9297e9-7710-444e-b0a0-d4baedd59a14,3895095,457,32236184900,32236185300
concurrency_n10_20260613_002350_kafka_feed8_rep1,kafka,sb-events-n10-feed8-rep1,5327bb35-e325-4f4a-932b-5af3b43aa66b,3895095,457,32242171900,32242172400
concurrency_n10_20260613_002350_kafka_feed8_rep1,kafka,sb-events-n10-feed8-rep1,e97f8dff-6503-43fa-9166-9e4d0887fdf9,3895074,457,32249369200,32249369700
concurrency_n10_20260613_002350_kafka_feed8_rep1,kafka,sb-events-n10-feed8-rep1,2d15aee8-4df9-4656-af9c-720bf6dfc649,3895052,457,32255103200,32255103800
concurrency_n10_20260613_002350_kafka_feed8_rep1,kafka,sb-events-n10-feed8-rep1,62649c3a-5540-4243-8052-9ae849db85f5,3895052,457,32260762900,32260763500
concurrency_n10_20260613_002350_kafka_feed8_rep1,kafka,sb-events-n10-feed8-rep1,f10cc719-391f-424d-aae8-efd754f59dd7,3895121,458,32268771600,32268772300
concurrency_n10_20260613_002350_kafka_feed8_rep1,kafka,sb-events-n10-feed8-rep1,a4934cc2-8ef4-495c-bc4e-df3cf2b212da,3895074,458,32273784200,32273784600
concurrency_n10_20260613_002350_kafka_feed8_rep1,kafka,sb-events-n10-feed8-rep1,c5c5e7b2-54dc-4971-a74c-bd2bdf94793f,3895074,458,32280947200,32280947800
concurrency_n10_20260613_002350_kafka_feed8_rep1,kafka,sb-events-n10-feed8-rep1,32f8e637-c16d-4b4c-b85d-fc95990dfa4f,3895134,458,32285981500,32285981900
concurrency_n10_20260613_002350_kafka_feed8_rep1,kafka,sb-events-n10-feed8-rep1,a4c7a862-88ed-4f34-9dd8-e1713bb51715,3895107,458,32286022300,32286022500
concurrency_n10_20260613_002350_kafka_feed8_rep1,kafka,sb-events-n10-feed8-rep1,8bec23da-7750-41a3-8251-f36c0b885996,3895134,458,32291193500,32291194100
concurrency_n10_20260613_002350_kafka_feed8_rep1,kafka,sb-events-n10-feed8-rep1,4a08e193-2786-43e0-9ffe-56c78618f834,3895052,458,32298095300,32298096100
concurrency_n10_20260613_002350_kafka_feed8_rep1,kafka,sb-events-n10-feed8-rep1,5d97f886-bb28-4ff2-b012-ebe08e1b7273,3895095,459,32303351600,32303352000
concurrency_n10_20260613_002350_kafka_feed8_rep1,kafka,sb-events-n10-feed8-rep1,92a75d72-f624-4425-90b8-1d5e6def39ad,3895095,459,32311818300,32311818700
concurrency_n10_20260613_002350_kafka_feed8_rep1,kafka,sb-events-n10-feed8-rep1,238c7763-291c-4d40-9337-187234311381,3895121,459,32311861500,32311861800
concurrency_n10_20260613_002350_kafka_feed8_rep1,kafka,sb-events-n10-feed8-rep1,afaf9839-b81b-4a1d-a69b-53fb5b774396,3895060,459,32317408400,32317408800
concurrency_n10_20260613_002350_kafka_feed8_rep1,kafka,sb-events-n10-feed8-rep1,88bde0c4-1921-4b8c-b860-2210237f7120,3895095,460,32323550700,32323551100
concurrency_n10_20260613_002350_kafka_feed8_rep1,kafka,sb-events-n10-feed8-rep1,2e6acea9-1c64-4bd5-82b4-2fe1bce0b813,3895095,460,32324105400,32324105700
concurrency_n10_20260613_002350_kafka_feed8_rep1,kafka,sb-events-n10-feed8-rep1,d523accf-3f1d-43e3-8dcc-a353fe988df8,3895095,460,32331065600,32331066000
concurrency_n10_20260613_002350_kafka_feed8_rep1,kafka,sb-events-n10-feed8-rep1,239092b2-14e5-4575-9a63-5bcc238710a3,3895121,460,32337035200,32337036100
concurrency_n10_20260613_002350_kafka_feed8_rep1,kafka,sb-events-n10-feed8-rep1,c367e51f-e64a-4726-b766-ec4ff7d2b14a,3895074,460,32342448000,32342448600
concurrency_n10_20260613_002350_kafka_feed8_rep1,kafka,sb-events-n10-feed8-rep1,2d762f47-0fa3-4b48-98ec-51f41b3c9354,3895121,460,32342490600,32342490800
concurrency_n10_20260613_002350_kafka_feed8_rep1,kafka,sb-events-n10-feed8-rep1,c87070a8-07a6-4fee-983f-aa48d673713a,3895074,460,32351818200,32351818700
concurrency_n10_20260613_002350_kafka_feed8_rep1,kafka,sb-events-n10-feed8-rep1,4c8b961c-84f8-4d34-8a2b-761b7a844729,3895052,460,32358801700,32358802200
concurrency_n10_20260613_002350_kafka_feed8_rep1,kafka,sb-events-n10-feed8-rep1,b733fd23-9b01-495b-8bb0-7d1ecd1f931c,3895052,460,32358848300,32358848500
concurrency_n10_20260613_002350_kafka_feed8_rep1,kafka,sb-events-n10-feed8-rep1,c0fa9213-52b9-498c-9e8c-c1d0dc23e151,3895095,461,32364204000,32364204400
concurrency_n10_20260613_002350_kafka_feed8_rep1,kafka,sb-events-n10-feed8-rep1,84185410-7e7a-4bde-9167-c77472da6f02,3895121,461,32364254900,32364255300
concurrency_n10_20260613_002350_kafka_feed8_rep1,kafka,sb-events-n10-feed8-rep1,516a4d87-898d-4d5d-b215-ac49cabeefa6,3895121,461,32371082700,32371082900
concurrency_n10_20260613_002350_kafka_feed8_rep1,kafka,sb-events-n10-feed8-rep1,6f369506-eb4a-44eb-8e9b-1b97d4df5f1e,3895060,461,32376243300,32376243800
concurrency_n10_20260613_002350_kafka_feed8_rep1,kafka,sb-events-n10-feed8-rep1,2ed079cf-316c-49f9-81e1-3ef4be51a781,3895060,461,32376289000,32376289200
concurrency_n10_20260613_002350_kafka_feed8_rep1,kafka,sb-events-n10-feed8-rep1,31b4ac75-15c9-4c9c-b364-e3b4249615d8,3895134,461,32383839600,32383840100
concurrency_n10_20260613_002350_kafka_feed8_rep1,kafka,sb-events-n10-feed8-rep1,425142a0-9e3d-4c06-bc82-c5251ab9110b,3895052,461,32389688900,32389689400
concurrency_n10_20260613_002350_kafka_feed8_rep1,kafka,sb-events-n10-feed8-rep1,7c0caa0a-62f0-4167-9cae-d99bbd90617c,3895052,461,32395609500,32395610000
concurrency_n10_20260613_002350_kafka_feed8_rep1,kafka,sb-events-n10-feed8-rep1,a56f2177-d30d-4033-99e5-8e4fa235d870,3895095,462,32400578200,32400578700
concurrency_n10_20260613_002350_kafka_feed8_rep1,kafka,sb-events-n10-feed8-rep1,efbee4a5-cc43-4c7a-acd9-b8d078139a3c,3895095,462,32400633300,32400633600
concurrency_n10_20260613_002350_kafka_feed8_rep1,kafka,sb-events-n10-feed8-rep1,c707d2c3-2f14-4efb-a685-161f4f1d5ee1,3895134,462,32406150800,32406151100
concurrency_n10_20260613_002350_kafka_feed8_rep1,kafka,sb-events-n10-feed8-rep1,95ec2cfc-f259-442a-adce-3f7490b89318,3895134,462,32414351400,32414352000
concurrency_n10_20260613_002350_kafka_feed8_rep1,kafka,sb-events-n10-feed8-rep1,1598f6b4-5117-4eda-9474-56753863ddc2,3895107,463,32425907400,32425908000
concurrency_n10_20260613_002350_kafka_feed8_rep1,kafka,sb-events-n10-feed8-rep1,195d0d2e-c14e-4d70-ae08-02f9b7131881,3895060,463,32425954800,32425955100
concurrency_n10_20260613_002350_kafka_feed8_rep1,kafka,sb-events-n10-feed8-rep1,b8910a8d-b569-46d5-ad56-8aeab8e0839f,3895107,463,32431998900,32431999200
concurrency_n10_20260613_002350_kafka_feed8_rep1,kafka,sb-events-n10-feed8-rep1,7f1ca876-71ed-4c9a-b4a6-6922cbbc8a49,3895107,463,32439195100,32439195400
concurrency_n10_20260613_002350_kafka_feed8_rep1,kafka,sb-events-n10-feed8-rep1,7ca4fd65-7e82-4736-adf4-1896bf70d78b,3895134,463,32439238700,32439239000
concurrency_n10_20260613_002350_kafka_feed8_rep1,kafka,sb-events-n10-feed8-rep1,2d2a9c85-0a00-4122-af37-aefab19aa857,3895121,464,32448560900,32448561400
concurrency_n10_20260613_002350_kafka_feed8_rep1,kafka,sb-events-n10-feed8-rep1,b84ab3e0-39fb-4518-b0ad-68526de7580d,3895121,464,32467106800,32467107400
concurrency_n10_20260613_002350_kafka_feed8_rep1,kafka,sb-events-n10-feed8-rep1,deaa61aa-7e2d-476e-a1b3-c29f40339989,3895060,464,32467409000,32467409500
concurrency_n10_20260613_002350_kafka_feed8_rep1,kafka,sb-events-n10-feed8-rep1,1a96bfcb-690c-4dd0-a894-ac96b30fe16b,3895121,464,32467520300,32467520800
concurrency_n10_20260613_002350_kafka_feed8_rep1,kafka,sb-events-n10-feed8-rep1,6431f2ce-702c-4ba2-8db4-37f2bd00ac89,3895060,464,32472389900,32472390300
concurrency_n10_20260613_002350_kafka_feed8_rep1,kafka,sb-events-n10-feed8-rep1,61278b66-9180-45e5-bb3e-c71d04dbcef1,3895134,464,32472441900,32472442300
concurrency_n10_20260613_002350_kafka_feed8_rep1,kafka,sb-events-n10-feed8-rep1,bb29f3c7-efe6-4b30-9d42-8a14bf33dc2f,3895134,464,32472477900,32472478200
concurrency_n10_20260613_002350_kafka_feed8_rep1,kafka,sb-events-n10-feed8-rep1,b61ef879-a5f5-4c92-bd8f-b8e2ad5a36bf,3895052,464,32477954100,32477954500
concurrency_n10_20260613_002350_kafka_feed8_rep1,kafka,sb-events-n10-feed8-rep1,1f6af878-619a-4af7-8f43-67c0d2456b67,3895121,465,32488335100,32488335400
concurrency_n10_20260613_002350_kafka_feed8_rep1,kafka,sb-events-n10-feed8-rep1,c449a2d1-d78f-4f78-8ab2-c382e1ff6859,3895052,465,32488373700,32488374000
concurrency_n10_20260613_002350_kafka_feed8_rep1,kafka,sb-events-n10-feed8-rep1,3551b7d1-4569-4b22-90e3-c6d14cacf651,3895052,465,32498623500,32498624200
concurrency_n10_20260613_002350_kafka_feed8_rep1,kafka,sb-events-n10-feed8-rep1,303979a2-5837-4cc5-9ad1-3182030f82ac,3895074,466,32509669800,32509670200
concurrency_n10_20260613_002350_kafka_feed8_rep1,kafka,sb-events-n10-feed8-rep1,013d4600-06a8-465f-bb35-4f44f2a423b2,3895074,466,32518101900,32518102300
concurrency_n10_20260613_002350_kafka_feed8_rep1,kafka,sb-events-n10-feed8-rep1,f028e4d5-c6b7-48a4-9770-794e2dc738cd,3895074,466,32518141500,32518141800
concurrency_n10_20260613_002350_kafka_feed8_rep1,kafka,sb-events-n10-feed8-rep1,e364364e-9cac-47ee-9ea2-c7e33822f265,3895060,466,32518163400,32518163600
concurrency_n10_20260613_002350_kafka_feed8_rep1,kafka,sb-events-n10-feed8-rep1,4e0fe5a3-8297-4116-b4d7-bf851fd0018c,3895060,466,32534878200,32534878900
concurrency_n10_20260613_002350_kafka_feed8_rep1,kafka,sb-events-n10-feed8-rep1,0af34aca-a254-4d7d-8ad5-ca72409977cf,3895060,466,32534921600,32534921800
concurrency_n10_20260613_002350_kafka_feed8_rep1,kafka,sb-events-n10-feed8-rep1,b3ad3de4-6d68-4620-8f9d-18471494634b,3895060,466,32534945600,32534945800
concurrency_n10_20260613_002350_kafka_feed8_rep1,kafka,sb-events-n10-feed8-rep1,63e6fa05-2c2d-470c-8275-6b8ceb496a4a,3895134,466,32549750400,32549751000
concurrency_n10_20260613_002350_kafka_feed8_rep1,kafka,sb-events-n10-feed8-rep1,1b98f1a5-d346-455f-9529-27247914498c,3895134,466,32549796700,32549796900
concurrency_n10_20260613_002350_kafka_feed8_rep1,kafka,sb-events-n10-feed8-rep1,a43c9bfe-f0d8-48d5-b593-c35fbbaa8d07,3895052,466,32562615000,32562615600
concurrency_n10_20260613_002350_kafka_feed8_rep1,kafka,sb-events-n10-feed8-rep1,409b6135-4860-4196-a410-db4c43ac388a,3895052,466,32562657100,32562657300
concurrency_n10_20260613_002350_kafka_feed8_rep1,kafka,sb-events-n10-feed8-rep1,0ee4dc5e-490f-44ef-9c59-4a579a982af0,3895086,466,32562712100,32562712500
concurrency_n10_20260613_002350_kafka_feed8_rep1,kafka,sb-events-n10-feed8-rep1,ac957123-6287-4181-9ddf-f91054f88fca,3895052,466,32562758800,32562759100
concurrency_n10_20260613_002350_kafka_feed8_rep1,kafka,sb-events-n10-feed8-rep1,ae6fca84-8fba-476a-a300-aa9d23f581cf,3895134,467,32574336400,32574336800
concurrency_n10_20260613_002350_kafka_feed8_rep1,kafka,sb-events-n10-feed8-rep1,645b5472-b788-45fa-8455-62ba983607bb,3895134,467,32582131100,32582131900
concurrency_n10_20260613_002350_kafka_feed8_rep1,kafka,sb-events-n10-feed8-rep1,ae87be5f-b4b9-4fcf-b6d4-db27833ed71e,3895134,467,32582181700,32582181900
concurrency_n10_20260613_002350_kafka_feed8_rep1,kafka,sb-events-n10-feed8-rep1,84e1b20c-faa3-4218-bb1a-d82a46ce45a4,3895086,467,32590954500,32590955100
concurrency_n10_20260613_002350_kafka_feed8_rep1,kafka,sb-events-n10-feed8-rep1,4c2acb78-bee3-4df6-bbcb-7a2df1dc374a,3895052,467,32590999600,32590999900
concurrency_n10_20260613_002350_kafka_feed8_rep1,kafka,sb-events-n10-feed8-rep1,bd3bb747-07a6-41e7-a9e0-9b8907f415aa,3895074,468,32602418400,32602418900
concurrency_n10_20260613_002350_kafka_feed8_rep1,kafka,sb-events-n10-feed8-rep1,d37e9558-faa8-4cce-8bcb-fbd8c48cf9cf,3895060,468,32611161200,32611161600
concurrency_n10_20260613_002350_kafka_feed8_rep1,kafka,sb-events-n10-feed8-rep1,5409a951-4b20-4108-a97a-36a24c36cb89,3895060,468,32611197700,32611197900
concurrency_n10_20260613_002350_kafka_feed8_rep1,kafka,sb-events-n10-feed8-rep1,30ef8b1c-6588-4e1e-bcf4-0d3c0a45c139,3895060,468,32611217100,32611217300
concurrency_n10_20260613_002350_kafka_feed8_rep1,kafka,sb-events-n10-feed8-rep1,275defc8-f603-4d1d-b38a-f7b1899bdca9,3895086,468,32611235800,32611235900
concurrency_n10_20260613_002350_kafka_feed8_rep1,kafka,sb-events-n10-feed8-rep1,16426f2c-7c8e-441a-a259-6347e0334371,3895086,468,32620884800,32620885200
concurrency_n10_20260613_002350_kafka_feed8_rep1,kafka,sb-events-n10-feed8-rep1,ce7e48a5-3f4f-4e84-a140-2689cd1f7712,3895052,468,32636003300,32636004600
concurrency_n10_20260613_002350_kafka_feed8_rep1,kafka,sb-events-n10-feed8-rep1,bba80fb6-c872-411c-a2d2-d1c418948a2e,3895052,468,32636043200,32636043400
concurrency_n10_20260613_002350_kafka_feed8_rep1,kafka,sb-events-n10-feed8-rep1,fa568f8a-62e2-45cb-b62c-69e3b2cacda4,3895121,469,32643562800,32643563200
concurrency_n10_20260613_002350_kafka_feed8_rep1,kafka,sb-events-n10-feed8-rep1,80e8922d-98e3-4bc8-bcaf-156829157039,3895060,469,32643606900,32643607100
concurrency_n10_20260613_002350_kafka_feed8_rep1,kafka,sb-events-n10-feed8-rep1,a9def167-8157-42a4-96f3-e4b278ed2525,3895121,469,32643632000,32643632300
concurrency_n10_20260613_002350_kafka_feed8_rep1,kafka,sb-events-n10-feed8-rep1,ebfd9584-3fec-4468-b6c9-2b135766992e,3895121,469,32643659600,32643659900
concurrency_n10_20260613_002350_kafka_feed8_rep1,kafka,sb-events-n10-feed8-rep1,c9b74997-4a4f-4774-a1af-bf540a8a9b8b,3895060,469,32649910400,32649911100
concurrency_n10_20260613_002350_kafka_feed8_rep1,kafka,sb-events-n10-feed8-rep1,b434c3de-f024-4a7b-9f87-a737b201d788,3895086,469,32657599200,32657599600
concurrency_n10_20260613_002350_kafka_feed8_rep1,kafka,sb-events-n10-feed8-rep1,68ee32a6-8016-4c53-b5a2-6df329c71f4c,3895134,469,32657642900,32657643100
concurrency_n10_20260613_002350_kafka_feed8_rep1,kafka,sb-events-n10-feed8-rep1,7f21e78e-001c-4e28-b353-a1175416b591,3895052,469,32662966000,32662966400
concurrency_n10_20260613_002350_kafka_feed8_rep1,kafka,sb-events-n10-feed8-rep1,df41d240-b258-46b6-9a06-bb7dd255ee20,3895052,469,32663017300,32663017600
concurrency_n10_20260613_002350_kafka_feed8_rep1,kafka,sb-events-n10-feed8-rep1,96c175b8-81bc-4f63-b47d-ee2fe7c7e8ff,3895121,470,32666931800,32666932200
concurrency_n10_20260613_002350_kafka_feed8_rep1,kafka,sb-events-n10-feed8-rep1,4b0b32e6-dd8d-41ea-8863-b654c344fa3d,3895121,470,32666969500,32666969700
concurrency_n10_20260613_002350_kafka_feed8_rep1,kafka,sb-events-n10-feed8-rep1,5362354e-6dbb-40e7-9ae8-6d34557bd7c7,3895121,470,32676386900,32676387400
concurrency_n10_20260613_002350_kafka_feed8_rep1,kafka,sb-events-n10-feed8-rep1,ed2e75e9-5843-4f97-b711-64b6bf43ecda,3895074,470,32689176000,32689176500
concurrency_n10_20260613_002350_kafka_feed8_rep1,kafka,sb-events-n10-feed8-rep1,f1a74c60-c0cd-467b-ac77-18a6169d4b7b,3895074,470,32689221000,32689221300
concurrency_n10_20260613_002350_kafka_feed8_rep1,kafka,sb-events-n10-feed8-rep1,a795d859-ddcc-42d7-9ce1-dd700c073a65,3895067,470,32698359700,32698362500
concurrency_n10_20260613_002350_kafka_feed8_rep1,kafka,sb-events-n10-feed8-rep1,5292885e-2105-49ba-91e7-7f6279241aa9,3895074,470,32698471200,32698471500
concurrency_n10_20260613_002350_kafka_feed8_rep1,kafka,sb-events-n10-feed8-rep1,1d0a36b8-9678-4f8f-b24a-c000fa11ba73,3895067,470,32698502200,32698502600
concurrency_n10_20260613_002350_kafka_feed8_rep1,kafka,sb-events-n10-feed8-rep1,83e68a0d-c4c4-4fc7-97dc-eb7f181765b9,3895086,470,32710412700,32710413300
concurrency_n10_20260613_002350_kafka_feed8_rep1,kafka,sb-events-n10-feed8-rep1,af95cc8d-e342-4dc0-9da9-bb69cc894f5d,3895067,470,32710458000,32710458200
concurrency_n10_20260613_002350_kafka_feed8_rep1,kafka,sb-events-n10-feed8-rep1,143e3880-b96d-4361-9887-8cea825d687d,3895086,470,32710558200,32710558400
concurrency_n10_20260613_002350_kafka_feed8_rep1,kafka,sb-events-n10-feed8-rep1,b28f6401-5433-4435-b1f4-17cf164072f7,3895052,470,32719097900,32719098300
concurrency_n10_20260613_002350_kafka_feed8_rep1,kafka,sb-events-n10-feed8-rep1,3fd1b5d6-f4a7-405d-be71-58f35782e15c,3895052,470,32719138100,32719138300
concurrency_n10_20260613_002350_kafka_feed8_rep1,kafka,sb-events-n10-feed8-rep1,f23fcdfa-3dcf-4322-8d2e-f19f1e6c8d62,3895121,471,32729728900,32729729500
concurrency_n10_20260613_002350_kafka_feed8_rep1,kafka,sb-events-n10-feed8-rep1,2ad11371-a3df-4044-86dd-dc92f137f9f8,3895074,471,32729776700,32729777100
concurrency_n10_20260613_002350_kafka_feed8_rep1,kafka,sb-events-n10-feed8-rep1,a26597e5-95eb-4963-a281-76f61140468d,3895121,471,32729811300,32729811600
concurrency_n10_20260613_002350_kafka_feed8_rep1,kafka,sb-events-n10-feed8-rep1,d89e977a-5af4-45cb-a248-6144e037ff02,3895067,471,32733699300,32733699700
concurrency_n10_20260613_002350_kafka_feed8_rep1,kafka,sb-events-n10-feed8-rep1,70544f47-c38c-43dc-a3c3-d5811c80fe81,3895134,471,32733737500,32733737700
concurrency_n10_20260613_002350_kafka_feed8_rep1,kafka,sb-events-n10-feed8-rep1,0628e032-a67c-461e-81b6-eb7ad1ca851f,3895134,471,32739047800,32739048200
concurrency_n10_20260613_002350_kafka_feed8_rep1,kafka,sb-events-n10-feed8-rep1,f31a81ec-4289-4c9e-a352-8a8ecf402f40,3895134,471,32745564400,32745565400
concurrency_n10_20260613_002350_kafka_feed8_rep1,kafka,sb-events-n10-feed8-rep1,564b992f-a93b-47e2-a3c8-58f58a03c64c,3895086,471,32750914800,32750915400
concurrency_n10_20260613_002350_kafka_feed8_rep1,kafka,sb-events-n10-feed8-rep1,0e75662f-3fdf-48d0-80d9-e67fcfafc207,3895052,471,32767663500,32767664100
concurrency_n10_20260613_002350_kafka_feed8_rep1,kafka,sb-events-n10-feed8-rep1,98b78ad0-eb59-4eb0-8829-c9320b3eebae,3895067,472,32776141500,32776142000
concurrency_n10_20260613_002350_kafka_feed8_rep1,kafka,sb-events-n10-feed8-rep1,ea660348-9477-44af-a655-fcaed91d91f8,3895067,472,32776194300,32776194700
concurrency_n10_20260613_002350_kafka_feed8_rep1,kafka,sb-events-n10-feed8-rep1,5438d909-eb08-4a8c-9503-c7bdd8f341b0,3895086,472,32783058400,32783059000
concurrency_n10_20260613_002350_kafka_feed8_rep1,kafka,sb-events-n10-feed8-rep1,5a1224f9-cee7-481f-b467-6d6c61240bd0,3895074,473,32783097600,32783097800
concurrency_n10_20260613_002350_kafka_feed8_rep1,kafka,sb-events-n10-feed8-rep1,736ddb9b-44e9-4a00-b625-037a699bbbda,3895074,473,32788011200,32788011500
concurrency_n10_20260613_002350_kafka_feed8_rep1,kafka,sb-events-n10-feed8-rep1,9c22693c-1a75-479c-a62b-ad9b8d7102f5,3895134,473,32793506300,32793507000
concurrency_n10_20260613_002350_kafka_feed8_rep1,kafka,sb-events-n10-feed8-rep1,033ce2f9-2f53-430a-ba21-b9765bb014d3,3895134,473,32793554300,32793554500
concurrency_n10_20260613_002350_kafka_feed8_rep1,kafka,sb-events-n10-feed8-rep1,f4eea71a-2476-4f0c-8802-c9fe7503a3eb,3895086,473,32799968000,32799968400
concurrency_n10_20260613_002350_kafka_feed8_rep1,kafka,sb-events-n10-feed8-rep1,96e8d159-a7c9-4e88-8221-cc6182130e2c,3895086,473,32807318400,32807318700
concurrency_n10_20260613_002350_kafka_feed8_rep1,kafka,sb-events-n10-feed8-rep1,763d58f2-630f-42e6-84f6-858bc0a94324,3895067,474,32807360300,32807360500
concurrency_n10_20260613_002350_kafka_feed8_rep1,kafka,sb-events-n10-feed8-rep1,0744fba3-56cb-428d-bf40-a354a2b63441,3895067,474,32812922300,32812922800
concurrency_n10_20260613_002350_kafka_feed8_rep1,kafka,sb-events-n10-feed8-rep1,916a9bb1-597a-466a-a634-35a877e27113,3895067,474,32817020900,32817021800
concurrency_n10_20260613_002350_kafka_feed8_rep1,kafka,sb-events-n10-feed8-rep1,fc654822-aa94-435d-a06c-7894b15c0bde,3895086,474,32820875900,32820877200
concurrency_n10_20260613_002350_kafka_feed8_rep1,kafka,sb-events-n10-feed8-rep1,832afd0b-9588-4cc4-8963-9ecc26783b76,3895086,474,32826738400,32826738700
concurrency_n10_20260613_002350_kafka_feed8_rep1,kafka,sb-events-n10-feed8-rep1,2cc8e083-9ca4-42e3-99e5-e3a2ee2ee57e,3895060,475,32826847300,32826847600
concurrency_n10_20260613_002350_kafka_feed8_rep1,kafka,sb-events-n10-feed8-rep1,b7aa1457-1911-4c54-86d1-eeba7711879a,3895067,475,32833607500,32833608000
concurrency_n10_20260613_002350_kafka_feed8_rep1,kafka,sb-events-n10-feed8-rep1,90c97a83-0af0-422d-bb6b-ac616a0e970c,3895067,475,32840111700,32840112100
concurrency_n10_20260613_002350_kafka_feed8_rep1,kafka,sb-events-n10-feed8-rep1,d09e1dad-7cbf-4ef4-b81e-5bfe0b54a46c,3895060,476,32848248000,32848248500
concurrency_n10_20260613_002350_kafka_feed8_rep1,kafka,sb-events-n10-feed8-rep1,f6e716c5-a169-4919-9d7e-ed4c2e6999f6,3895134,475,32848285200,32848285500
concurrency_n10_20260613_002350_kafka_feed8_rep1,kafka,sb-events-n10-feed8-rep1,14c258e3-87a9-4477-8737-28fe88293009,3895060,476,32854967400,32854967900
concurrency_n10_20260613_002350_kafka_feed8_rep1,kafka,sb-events-n10-feed8-rep1,8974c6d2-f53a-48ed-9034-774ad8eb6a0d,3895060,476,32855013900,32855014200
concurrency_n10_20260613_002350_kafka_feed8_rep1,kafka,sb-events-n10-feed8-rep1,8848ed44-1708-4b22-9b9a-65f860954a94,3895067,476,32864957800,32864958300
concurrency_n10_20260613_002350_kafka_feed8_rep1,kafka,sb-events-n10-feed8-rep1,a8ae1297-c18b-48d8-8655-2179adf257c6,3895134,476,32873442000,32873442600
concurrency_n10_20260613_002350_kafka_feed8_rep1,kafka,sb-events-n10-feed8-rep1,117e1f76-6ab5-43de-9ce6-aed027465ea8,3895086,476,32873486800,32873487100
concurrency_n10_20260613_002350_kafka_feed8_rep1,kafka,sb-events-n10-feed8-rep1,972ab2c7-5124-4546-881b-68c14ae1221e,3895060,477,32880155500,32880155800
concurrency_n10_20260613_002350_kafka_feed8_rep1,kafka,sb-events-n10-feed8-rep1,ae535027-1a9b-460d-afb7-ca950e5f6454,3895060,477,32885652100,32885652700
concurrency_n10_20260613_002350_kafka_feed8_rep1,kafka,sb-events-n10-feed8-rep1,8532b186-9a6a-4a44-a560-98874af82849,3895060,477,32895418400,32895418800
concurrency_n10_20260613_002350_kafka_feed8_rep1,kafka,sb-events-n10-feed8-rep1,8be3754f-352d-4b91-bea2-1ee0c8bcfee6,3895067,477,32902011600,32902011900
concurrency_n10_20260613_002350_kafka_feed8_rep1,kafka,sb-events-n10-feed8-rep1,244dfe20-6f6e-4563-bb81-bd9571da46cc,3895067,477,32902051000,32902051200
concurrency_n10_20260613_002350_kafka_feed8_rep1,kafka,sb-events-n10-feed8-rep1,373dc7bd-d13d-460b-9ad3-78036b35a08c,3895134,477,32908948100,32908948600
concurrency_n10_20260613_002350_kafka_feed8_rep1,kafka,sb-events-n10-feed8-rep1,6b49f0b1-0667-49fc-9bd5-b77c657d113e,3895134,477,32917597500,32917598300
concurrency_n10_20260613_002350_kafka_feed8_rep1,kafka,sb-events-n10-feed8-rep1,953250cd-ee87-42f7-8410-b94cce63746a,3895134,477,32922326700,32922327100
concurrency_n10_20260613_002350_kafka_feed8_rep1,kafka,sb-events-n10-feed8-rep1,7d4c9d22-2c9b-41d1-94c9-5a0adeb7353e,3895086,477,32926705000,32926705300
concurrency_n10_20260613_002350_kafka_feed8_rep1,kafka,sb-events-n10-feed8-rep1,d2a3b47f-7400-4125-a313-daa4691f910e,3895086,477,32930671500,32930672000
concurrency_n10_20260613_002350_kafka_feed8_rep1,kafka,sb-events-n10-feed8-rep1,ddde6ce4-3882-4c5f-8ff4-ec7aad5e9cea,3895060,478,32938856300,32938856600
concurrency_n10_20260613_002350_kafka_feed8_rep1,kafka,sb-events-n10-feed8-rep1,370792a4-6940-42de-99a4-331696d204f2,3895060,478,32947257600,32947258000
concurrency_n10_20260613_002350_kafka_feed8_rep1,kafka,sb-events-n10-feed8-rep1,f7ee8391-8962-4fd7-a136-65b296f2d8cf,3895134,478,32960031300,32960032300
concurrency_n10_20260613_002350_kafka_feed8_rep1,kafka,sb-events-n10-feed8-rep1,8a1a4c5a-cfb0-428e-b323-174a4864193c,3895134,478,32960080700,32960081100
concurrency_n10_20260613_002350_kafka_feed8_rep1,kafka,sb-events-n10-feed8-rep1,53f7dfa9-747e-4181-82ac-41ca2bc3822c,3895121,479,32960117200,32960117500
concurrency_n10_20260613_002350_kafka_feed8_rep1,kafka,sb-events-n10-feed8-rep1,aedad7e5-5109-43e5-9b0d-81cfdf493ec6,3895107,479,32969113400,32969113800
concurrency_n10_20260613_002350_kafka_feed8_rep1,kafka,sb-events-n10-feed8-rep1,16f91cec-0a01-42f4-8808-b253d5027be9,3895134,479,32974064800,32974065300
concurrency_n10_20260613_002350_kafka_feed8_rep1,kafka,sb-events-n10-feed8-rep1,908f0f79-14ce-4dc5-ac04-dc1ce7df95c4,3895134,479,32974168500,32974168900
concurrency_n10_20260613_002350_kafka_feed8_rep1,kafka,sb-events-n10-feed8-rep1,29b69ac5-f3de-4f44-8a84-890f758f85d5,3895134,479,32974199700,32974200100
concurrency_n10_20260613_002350_kafka_feed8_rep1,kafka,sb-events-n10-feed8-rep1,89a798fc-4ca8-4ef3-b77b-b4067a3072e7,3895074,480,32983756600,32983757300
concurrency_n10_20260613_002350_kafka_feed8_rep1,kafka,sb-events-n10-feed8-rep1,c6d9a786-6fdb-4837-b172-c7206bc135b3,3895086,480,32999796100,32999796700
concurrency_n10_20260613_002350_kafka_feed8_rep1,kafka,sb-events-n10-feed8-rep1,c42ddc13-8e10-4684-99d7-5725503214d8,3895086,480,33004991900,33004992500
concurrency_n10_20260613_002350_kafka_feed8_rep1,kafka,sb-events-n10-feed8-rep1,24b86b4b-a054-4249-b219-ee01b5b9c20d,3895086,480,33005036800,33005037100
concurrency_n10_20260613_002350_kafka_feed8_rep1,kafka,sb-events-n10-feed8-rep1,7ef27699-3aca-4001-a41e-b73a91fafcfd,3895113,480,33010625300,33010626200
concurrency_n10_20260613_002350_kafka_feed8_rep1,kafka,sb-events-n10-feed8-rep1,dbeb1fe3-ad84-404e-9f8d-0c1b827c1318,3895121,481,33016826400,33016827000
concurrency_n10_20260613_002350_kafka_feed8_rep1,kafka,sb-events-n10-feed8-rep1,74ec5700-b779-47b1-85cd-96b1b98339f2,3895121,481,33016884100,33016884500
concurrency_n10_20260613_002350_kafka_feed8_rep1,kafka,sb-events-n10-feed8-rep1,13b8dcbe-a434-4e86-971f-b214f2ea3e2e,3895134,481,33027291000,33027291500
concurrency_n10_20260613_002350_kafka_feed8_rep1,kafka,sb-events-n10-feed8-rep1,3f5ddab5-27ce-47e8-af7e-336e770db44f,3895074,482,33043290700,33043291300
concurrency_n10_20260613_002350_kafka_feed8_rep1,kafka,sb-events-n10-feed8-rep1,e2642e4c-ef25-4f71-9c1d-41ca3d90afb0,3895074,482,33043336800,33043337400
concurrency_n10_20260613_002350_kafka_feed8_rep1,kafka,sb-events-n10-feed8-rep1,4aacddba-d73e-4d40-ab6b-a9f793127492,3895134,481,33043369700,33043369900
concurrency_n10_20260613_002350_kafka_feed8_rep1,kafka,sb-events-n10-feed8-rep1,f4bf9f3e-fa6e-47a3-ad62-2932f0db7659,3895060,482,33051205100,33051205500
concurrency_n10_20260613_002350_kafka_feed8_rep1,kafka,sb-events-n10-feed8-rep1,285cf6ae-4c95-4012-99f8-f22d78055627,3895060,482,33051245200,33051245400
concurrency_n10_20260613_002350_kafka_feed8_rep1,kafka,sb-events-n10-feed8-rep1,95238892-450f-4835-8948-5655fb7d2a1d,3895107,482,33059450600,33059451100
concurrency_n10_20260613_002350_kafka_feed8_rep1,kafka,sb-events-n10-feed8-rep1,837fea5f-21ea-4230-bbbd-6453627b552d,3895060,482,33059491100,33059491300
concurrency_n10_20260613_002350_kafka_feed8_rep1,kafka,sb-events-n10-feed8-rep1,8993f7b5-53ef-4450-abf1-fc158962b361,3895107,482,33068236400,33068236900
concurrency_n10_20260613_002350_kafka_feed8_rep1,kafka,sb-events-n10-feed8-rep1,0adc0c81-8baf-494a-95bc-290b2e78c770,3895113,482,33072387300,33072387700
concurrency_n10_20260613_002350_kafka_feed8_rep1,kafka,sb-events-n10-feed8-rep1,b76bd532-c731-40f2-a89d-54e54004daa3,3895113,482,33080482300,33080482900
concurrency_n10_20260613_002350_kafka_feed8_rep1,kafka,sb-events-n10-feed8-rep1,ca7748eb-3897-4456-b2ef-1f825740617b,3895121,483,33092621800,33092622200
concurrency_n10_20260613_002350_kafka_feed8_rep1,kafka,sb-events-n10-feed8-rep1,ceb3caa1-56d5-4fed-a5f7-845b5dfabc79,3895113,482,33092664100,33092664300
concurrency_n10_20260613_002350_kafka_feed8_rep1,kafka,sb-events-n10-feed8-rep1,664c8602-ba21-44c4-a57e-03ca8bfbd2a3,3895086,483,33099535300,33099536000
concurrency_n10_20260613_002350_kafka_feed8_rep1,kafka,sb-events-n10-feed8-rep1,92836f1b-71fd-43d3-aa9a-0311e4a62d38,3895113,483,33099684300,33099684600
concurrency_n10_20260613_002350_kafka_feed8_rep1,kafka,sb-events-n10-feed8-rep1,8da412b2-81d6-413b-8752-bb248389a056,3895107,483,33099728700,33099729100
concurrency_n10_20260613_002350_kafka_feed8_rep1,kafka,sb-events-n10-feed8-rep1,047e3d1d-965e-451e-9e8d-46e9bfcf3e56,3895121,484,33106356200,33106356600
concurrency_n10_20260613_002350_kafka_feed8_rep1,kafka,sb-events-n10-feed8-rep1,87d38202-5915-49d4-86be-09ae2f7ab10b,3895121,484,33113546200,33113546800
concurrency_n10_20260613_002350_kafka_feed8_rep1,kafka,sb-events-n10-feed8-rep1,c3bfecfb-e856-4a3c-ba74-a055a8619542,3895074,484,33113584400,33113584700
concurrency_n10_20260613_002350_kafka_feed8_rep1,kafka,sb-events-n10-feed8-rep1,a76d4db8-b7c8-4e40-bdf5-cf6c0cb201b4,3895060,484,33121527200,33121527800
concurrency_n10_20260613_002350_kafka_feed8_rep1,kafka,sb-events-n10-feed8-rep1,951e7ac9-28e8-49ac-b093-c767b98fe62f,3895134,484,33132198500,33132198900
concurrency_n10_20260613_002350_kafka_feed8_rep1,kafka,sb-events-n10-feed8-rep1,c778d902-0701-4e35-a2a4-5948422bd79f,3895121,485,33132263600,33132264700
concurrency_n10_20260613_002350_kafka_feed8_rep1,kafka,sb-events-n10-feed8-rep1,b1af8396-df2a-4b40-ae2c-691eea7b965b,3895074,485,33146173400,33146174000
concurrency_n10_20260613_002350_kafka_feed8_rep1,kafka,sb-events-n10-feed8-rep1,7d16a773-01d1-473b-812c-282c1e6890d5,3895074,485,33146237300,33146237600
concurrency_n10_20260613_002350_kafka_feed8_rep1,kafka,sb-events-n10-feed8-rep1,8383a687-f70b-42dd-a2dd-22641f5009aa,3895060,485,33152267500,33152268000
concurrency_n10_20260613_002350_kafka_feed8_rep1,kafka,sb-events-n10-feed8-rep1,ed1633a7-5f8b-4e48-979f-8d47a597c0d4,3895107,485,33152314800,33152315000
concurrency_n10_20260613_002350_kafka_feed8_rep1,kafka,sb-events-n10-feed8-rep1,85b77830-bcf8-4e34-bca8-468c92c6ef32,3895107,485,33152338100,33152338300
concurrency_n10_20260613_002350_kafka_feed8_rep1,kafka,sb-events-n10-feed8-rep1,7f90e39a-649d-4fca-98a8-b4d30215a07b,3895107,485,33157683400,33157686600
concurrency_n10_20260613_002350_kafka_feed8_rep1,kafka,sb-events-n10-feed8-rep1,cd3fa78f-9ef8-4cab-bd96-c2ccf13db744,3895134,485,33157731500,33157731900
concurrency_n10_20260613_002350_kafka_feed8_rep1,kafka,sb-events-n10-feed8-rep1,46b6748a-b45c-4b63-bd26-53c289b17e67,3895134,485,33163382700,33163383300
concurrency_n10_20260613_002350_kafka_feed8_rep1,kafka,sb-events-n10-feed8-rep1,957393b2-53ad-4a4a-bfad-aa5fd3b4ca34,3895134,485,33173754100,33173754600
concurrency_n10_20260613_002350_kafka_feed8_rep1,kafka,sb-events-n10-feed8-rep1,f0404473-617c-4442-b678-ffd5a3faec6d,3895086,485,33181999100,33181999400
concurrency_n10_20260613_002350_kafka_feed8_rep1,kafka,sb-events-n10-feed8-rep1,be06b608-79e3-4e92-90c3-da7c46624e3c,3895086,485,33192253000,33192253400
concurrency_n10_20260613_002350_kafka_feed8_rep1,kafka,sb-events-n10-feed8-rep1,43f04a8e-de91-457b-9151-2d6a0b0048f0,3895121,486,33199493900,33199494400
concurrency_n10_20260613_002350_kafka_feed8_rep1,kafka,sb-events-n10-feed8-rep1,58d93f50-8b43-438f-8a71-654ba72953a2,3895121,486,33199537200,33199537500
concurrency_n10_20260613_002350_kafka_feed8_rep1,kafka,sb-events-n10-feed8-rep1,a942d413-8e18-478c-b604-5b6c6e4da504,3895121,486,33206202800,33206203500
concurrency_n10_20260613_002350_kafka_feed8_rep1,kafka,sb-events-n10-feed8-rep1,6b3565f7-be6c-4ed4-850f-cabf2e1cc00b,3895060,486,33211878200,33211878600
concurrency_n10_20260613_002350_kafka_feed8_rep1,kafka,sb-events-n10-feed8-rep1,b303f39f-bb13-42dd-90fb-37542c2aa67c,3895060,486,33215858600,33215859000
concurrency_n10_20260613_002350_kafka_feed8_rep1,kafka,sb-events-n10-feed8-rep1,6b555d33-1201-491e-b05a-daf424748369,3895107,486,33223138000,33223138400
concurrency_n10_20260613_002350_kafka_feed8_rep1,kafka,sb-events-n10-feed8-rep1,a12affa9-0528-43ab-ba6c-bcf1e75acc94,3895113,486,33237264900,33237265400
concurrency_n10_20260613_002350_kafka_feed8_rep1,kafka,sb-events-n10-feed8-rep1,c93be192-605a-420c-827a-3cfd01facaa6,3895134,486,33237306700,33237307000
concurrency_n10_20260613_002350_kafka_feed8_rep1,kafka,sb-events-n10-feed8-rep1,e2ea1f32-6183-4d41-ad14-3eed7e69de60,3895121,487,33249345700,33249346300
concurrency_n10_20260613_002350_kafka_feed8_rep1,kafka,sb-events-n10-feed8-rep1,d966ad98-cfbf-4352-9296-7184ce8dd5cf,3895121,487,33249413500,33249413800
concurrency_n10_20260613_002350_kafka_feed8_rep1,kafka,sb-events-n10-feed8-rep1,05222980-8d38-4f2b-afc6-771c792f2ebd,3895074,487,33260103500,33260103900
concurrency_n10_20260613_002350_kafka_feed8_rep1,kafka,sb-events-n10-feed8-rep1,2af02957-ad76-4bfb-8e72-dd95237e58ff,3895134,487,33260203600,33260203800
concurrency_n10_20260613_002350_kafka_feed8_rep1,kafka,sb-events-n10-feed8-rep1,08f7eb42-654b-48d2-bb70-c124ee425bca,3895134,487,33260228400,33260228600
concurrency_n10_20260613_002350_kafka_feed8_rep1,kafka,sb-events-n10-feed8-rep1,0e05c17a-6a6a-4714-b16c-2683603d2d25,3895134,487,33270027000,33270027500
concurrency_n10_20260613_002350_kafka_feed8_rep1,kafka,sb-events-n10-feed8-rep1,ecf56765-45f3-4939-b7c7-80aae2e885f3,3895121,488,33270067000,33270067200
concurrency_n10_20260613_002350_kafka_feed8_rep1,kafka,sb-events-n10-feed8-rep1,e6ecb80c-31c6-4993-80fd-fc4563512816,3895074,488,33288466800,33288467200
concurrency_n10_20260613_002350_kafka_feed8_rep1,kafka,sb-events-n10-feed8-rep1,a5e5a83b-7802-41aa-b6d3-bdc3d89ef467,3895074,488,33303835300,33303836000
concurrency_n10_20260613_002350_kafka_feed8_rep1,kafka,sb-events-n10-feed8-rep1,7c1ae576-43b9-4809-96a2-8d75d120bdf9,3895060,488,33303981100,33303981500
concurrency_n10_20260613_002350_kafka_feed8_rep1,kafka,sb-events-n10-feed8-rep1,3cecaa4c-ea18-46a7-af6f-8f5648494858,3895134,488,33304099000,33304099500
concurrency_n10_20260613_002350_kafka_feed8_rep1,kafka,sb-events-n10-feed8-rep1,b4caad63-e87c-4d16-91e6-0713c3e66d8a,3895134,488,33304132000,33304132300
concurrency_n10_20260613_002350_kafka_feed8_rep1,kafka,sb-events-n10-feed8-rep1,ce9bd9f3-7328-4fb6-8ce2-001279f6baca,3895134,488,33304155600,33304155700
concurrency_n10_20260613_002350_kafka_feed8_rep1,kafka,sb-events-n10-feed8-rep1,03cdcd5c-a767-497e-812a-1d9073e0c4a2,3895121,489,33314636100,33314636600
concurrency_n10_20260613_002350_kafka_feed8_rep1,kafka,sb-events-n10-feed8-rep1,9117a504-f88b-4845-b57d-cf05f5639246,3895121,489,33316391400,33316392000
concurrency_n10_20260613_002350_kafka_feed8_rep1,kafka,sb-events-n10-feed8-rep1,07808a67-ad47-47bc-a238-346452e54263,3895060,489,33332994300,33332994900
concurrency_n10_20260613_002350_kafka_feed8_rep1,kafka,sb-events-n10-feed8-rep1,366f016f-4ca0-4933-82f3-1298e240909e,3895121,489,33333038000,33333038300
concurrency_n10_20260613_002350_kafka_feed8_rep1,kafka,sb-events-n10-feed8-rep1,000f35a9-2b85-41c6-abac-a626f2441789,3895060,489,33333059800,33333060000
concurrency_n10_20260613_002350_kafka_feed8_rep1,kafka,sb-events-n10-feed8-rep1,98d06e2c-ae92-4556-a4f8-81378b516de0,3895107,489,33341772000,33341772400
concurrency_n10_20260613_002350_kafka_feed8_rep1,kafka,sb-events-n10-feed8-rep1,2bdddfbd-053f-4a97-8498-95abdc1c7dc4,3895107,489,33341815900,33341816100
concurrency_n10_20260613_002350_kafka_feed8_rep1,kafka,sb-events-n10-feed8-rep1,06595666-fba3-4a30-8c54-cca4a3cbbaec,3895107,489,33350380600,33350381200
concurrency_n10_20260613_002350_kafka_feed8_rep1,kafka,sb-events-n10-feed8-rep1,682d7033-38f1-439b-b78a-3d274b907f1f,3895121,490,33350435700,33350435900
concurrency_n10_20260613_002350_kafka_feed8_rep1,kafka,sb-events-n10-feed8-rep1,a353dfdb-141a-410a-b45c-e1cb9388a566,3895121,490,33359889600,33359890000
concurrency_n10_20260613_002350_kafka_feed8_rep1,kafka,sb-events-n10-feed8-rep1,2a543699-da87-4c42-89d1-1ea6ddb38055,3895074,490,33367461000,33367461600
concurrency_n10_20260613_002350_kafka_feed8_rep1,kafka,sb-events-n10-feed8-rep1,56076b76-7d56-462c-a75f-447aa1a0bd14,3895107,490,33377456800,33377457300
concurrency_n10_20260613_002350_kafka_feed8_rep1,kafka,sb-events-n10-feed8-rep1,99081fb6-b69d-4338-8f1f-922438e3783b,3895107,490,33377508500,33377508800
concurrency_n10_20260613_002350_kafka_feed8_rep1,kafka,sb-events-n10-feed8-rep1,1d6db182-b7b7-4cab-968b-31ddf57127ab,3895134,490,33383642100,33383642900
concurrency_n10_20260613_002350_kafka_feed8_rep1,kafka,sb-events-n10-feed8-rep1,88bb115f-67ab-40f6-b4c7-766b19e452be,3895134,490,33383737700,33383737900
concurrency_n10_20260613_002350_kafka_feed8_rep1,kafka,sb-events-n10-feed8-rep1,ec6ea184-6d2d-4f2c-bab8-9ae0e7a5fb6f,3895134,490,33393570600,33393632800
concurrency_n10_20260613_002350_kafka_feed8_rep1,kafka,sb-events-n10-feed8-rep1,7aa0cc37-69ea-4786-9980-3519c3255674,3895134,490,33393690300,33393690700
concurrency_n10_20260613_002350_kafka_feed8_rep1,kafka,sb-events-n10-feed8-rep1,e06ad83e-9048-4b32-b1f7-ee0724959468,3895086,490,33393768900,33393769200
concurrency_n10_20260613_002350_kafka_feed8_rep1,kafka,sb-events-n10-feed8-rep1,cdb3c3ca-1548-4619-a5c0-53922bd51131,3895121,491,33400429200,33400429600
concurrency_n10_20260613_002350_kafka_feed8_rep1,kafka,sb-events-n10-feed8-rep1,bb930c94-f48c-4f37-9c5b-00ced40855ca,3895074,491,33412722200,33412722600
concurrency_n10_20260613_002350_kafka_feed8_rep1,kafka,sb-events-n10-feed8-rep1,706e234a-813a-4d60-94c4-c9c4e0e5445d,3895086,491,33428312700,33428313100
concurrency_n10_20260613_002350_kafka_feed8_rep1,kafka,sb-events-n10-feed8-rep1,21fdfd11-c287-40e0-acfb-4f3413472b55,3895113,491,33428365100,33428365400
concurrency_n10_20260613_002350_kafka_feed8_rep1,kafka,sb-events-n10-feed8-rep1,dd2f4e5f-d8ce-426b-9066-8df201864e61,3895074,491,33428395200,33428395500
concurrency_n10_20260613_002350_kafka_feed8_rep1,kafka,sb-events-n10-feed8-rep1,304eb7ff-0921-45ca-b358-ab14cceba575,3895086,491,33428422200,33428422400
concurrency_n10_20260613_002350_kafka_feed8_rep1,kafka,sb-events-n10-feed8-rep1,9c189581-25f5-452f-a479-b63e47e7a926,3895121,492,33436352000,33436352700
concurrency_n10_20260613_002350_kafka_feed8_rep1,kafka,sb-events-n10-feed8-rep1,8cf7a06e-4aa1-4d99-a448-2869a8267604,3895113,491,33436412400,33436412700
concurrency_n10_20260613_002350_kafka_feed8_rep1,kafka,sb-events-n10-feed8-rep1,dbf5f764-0435-4902-a430-cdd06ae7e0b3,3895121,492,33436502400,33436502800
concurrency_n10_20260613_002350_kafka_feed8_rep1,kafka,sb-events-n10-feed8-rep1,c5834c0a-d01f-476c-859e-fa64401e82fa,3895060,493,33454884900,33454885300
concurrency_n10_20260613_002350_kafka_feed8_rep1,kafka,sb-events-n10-feed8-rep1,e499c4aa-5490-4f72-90bd-747c7f989f5f,3895086,493,33454947300,33454947500
concurrency_n10_20260613_002350_kafka_feed8_rep1,kafka,sb-events-n10-feed8-rep1,66f10fb4-e68e-4fc6-a501-501875d01502,3895134,492,33454971400,33454971600
concurrency_n10_20260613_002350_kafka_feed8_rep1,kafka,sb-events-n10-feed8-rep1,5e503645-a8a4-44f8-a69e-f410f81694b0,3895121,494,33466578000,33466578500
concurrency_n10_20260613_002350_kafka_feed8_rep1,kafka,sb-events-n10-feed8-rep1,9fd12bc1-c51b-440b-9dcb-07af878748e5,3895060,494,33466623400,33466623600
concurrency_n10_20260613_002350_kafka_feed8_rep1,kafka,sb-events-n10-feed8-rep1,aa291908-f334-4120-ab4d-0d58856b1b06,3895060,494,33466645500,33466645600
concurrency_n10_20260613_002350_kafka_feed8_rep1,kafka,sb-events-n10-feed8-rep1,79bfca80-3bb9-428e-afd3-b10dcdfab364,3895107,494,33473157500,33473158000
concurrency_n10_20260613_002350_kafka_feed8_rep1,kafka,sb-events-n10-feed8-rep1,f28a1fce-5c9a-4f7d-a147-140be4739f19,3895134,494,33473202300,33473202500
concurrency_n10_20260613_002350_kafka_feed8_rep1,kafka,sb-events-n10-feed8-rep1,282ccc6d-03c7-4a39-9b17-6c21b9d68061,3895134,494,33473227300,33473227500
concurrency_n10_20260613_002350_kafka_feed8_rep1,kafka,sb-events-n10-feed8-rep1,bc5cf701-66a0-4bbf-a349-b178a8999ebb,3895134,494,33482013400,33482013700
concurrency_n10_20260613_002350_kafka_feed8_rep1,kafka,sb-events-n10-feed8-rep1,df02b885-6e54-4fa9-aa9c-3dea7d1f3e8c,3895086,494,33492399300,33492399800
concurrency_n10_20260613_002350_kafka_feed8_rep1,kafka,sb-events-n10-feed8-rep1,38beb407-8de7-45aa-b363-9e9400b06786,3895086,494,33503589300,33503589700
concurrency_n10_20260613_002350_kafka_feed8_rep1,kafka,sb-events-n10-feed8-rep1,fb16a882-9345-4f62-b3c2-b77deeb293cd,3895086,494,33503630100,33503630200
concurrency_n10_20260613_002350_kafka_feed8_rep1,kafka,sb-events-n10-feed8-rep1,7f355249-a363-4945-8de6-0960fc538c4b,3895121,495,33503652100,33503652300
concurrency_n10_20260613_002350_kafka_feed8_rep1,kafka,sb-events-n10-feed8-rep1,79b4d10f-cbf0-47c1-824f-6698d5e4edac,3895121,495,33511211000,33511211400
concurrency_n10_20260613_002350_kafka_feed8_rep1,kafka,sb-events-n10-feed8-rep1,83eff5a7-d12d-45ef-ad82-77def160ad9a,3895107,495,33511261300,33511261600
concurrency_n10_20260613_002350_kafka_feed8_rep1,kafka,sb-events-n10-feed8-rep1,95e4ada0-2e61-43c6-be13-450cc214cac9,3895052,495,33525703800,33525704300
concurrency_n10_20260613_002350_kafka_feed8_rep1,kafka,sb-events-n10-feed8-rep1,4e9e9d9f-cdf5-43b2-a5f2-beb488fbcb19,3895134,495,33525746700,33525747000
concurrency_n10_20260613_002350_kafka_feed8_rep1,kafka,sb-events-n10-feed8-rep1,a198c926-b88b-47aa-8e41-0e5e248b3b3c,3895107,495,33525769900,33525770200
concurrency_n10_20260613_002350_kafka_feed8_rep1,kafka,sb-events-n10-feed8-rep1,fb6fbf54-77ce-4f8e-b591-1c3957b2a36a,3895052,495,33534628700,33534630100
concurrency_n10_20260613_002350_kafka_feed8_rep1,kafka,sb-events-n10-feed8-rep1,36b81839-40f5-4f32-9b4c-dd3e73fb49c0,3895052,495,33534672100,33534672300
concurrency_n10_20260613_002350_kafka_feed8_rep1,kafka,sb-events-n10-feed8-rep1,36d51267-1035-4ac7-bb14-68d6af0a1cd8,3895086,495,33547683600,33547683900
concurrency_n10_20260613_002350_kafka_feed8_rep1,kafka,sb-events-n10-feed8-rep1,fa22a2ec-1760-4ad3-9e83-53154656b246,3895086,495,33547721500,33547721700
concurrency_n10_20260613_002350_kafka_feed8_rep1,kafka,sb-events-n10-feed8-rep1,ae71ab01-5c07-4ff3-9c80-c8fd97b5bcf6,3895074,496,33556588100,33556588700
concurrency_n10_20260613_002350_kafka_feed8_rep1,kafka,sb-events-n10-feed8-rep1,46528eab-fa59-442f-822e-3a79553c021d,3895060,496,33556632000,33556632300
concurrency_n10_20260613_002350_kafka_feed8_rep1,kafka,sb-events-n10-feed8-rep1,23ccb833-f6d6-486d-b197-093b12a3b022,3895052,496,33556654800,33556655000
concurrency_n10_20260613_002350_kafka_feed8_rep1,kafka,sb-events-n10-feed8-rep1,6e9c8830-ae8d-4c87-a2df-ea2f4e761a31,3895113,496,33562226200,33562226600
concurrency_n10_20260613_002350_kafka_feed8_rep1,kafka,sb-events-n10-feed8-rep1,349c860b-0f6f-4a48-a3a4-82754df57b17,3895121,497,33570828600,33570829000
concurrency_n10_20260613_002350_kafka_feed8_rep1,kafka,sb-events-n10-feed8-rep1,2374f137-bec8-49e5-9330-16563a8a81d6,3895074,497,33584787900,33584788400
concurrency_n10_20260613_002350_kafka_feed8_rep1,kafka,sb-events-n10-feed8-rep1,097d985b-dd53-44cd-aefd-f855260f26cd,3895121,497,33584831800,33584832100
concurrency_n10_20260613_002350_kafka_feed8_rep1,kafka,sb-events-n10-feed8-rep1,ab2777c0-bfb8-4da2-8a20-10a2c3e3a93d,3895074,497,33595059200,33595059600
concurrency_n10_20260613_002350_kafka_feed8_rep1,kafka,sb-events-n10-feed8-rep1,d469a9d6-e82d-4892-a8fe-b0d1e9aa81e9,3895121,497,33595100800,33595101000
concurrency_n10_20260613_002350_kafka_feed8_rep1,kafka,sb-events-n10-feed8-rep1,8d5f6a0f-1357-41f8-8bd9-68c2dc7442ee,3895121,497,33595121300,33595121500
concurrency_n10_20260613_002350_kafka_feed8_rep1,kafka,sb-events-n10-feed8-rep1,00fa6196-4063-45d8-956c-06c3ea90ed18,3895060,497,33605079800,33605080300
concurrency_n10_20260613_002350_kafka_feed8_rep1,kafka,sb-events-n10-feed8-rep1,b509255f-5ce8-4e0f-b9af-227898104cc3,3895052,497,33605122300,33605122600
concurrency_n10_20260613_002350_kafka_feed8_rep1,kafka,sb-events-n10-feed8-rep1,a9527b6b-0623-4bab-bf54-aefec2fec1f9,3895052,497,33612979600,33612980100
concurrency_n10_20260613_002350_kafka_feed8_rep1,kafka,sb-events-n10-feed8-rep1,94631ed6-f06b-4d80-bca3-78f4d71c9f63,3895052,497,33613019500,33613019700
concurrency_n10_20260613_002350_kafka_feed8_rep1,kafka,sb-events-n10-feed8-rep1,cc427fbe-f6e8-4e63-952a-6b9e470993d8,3895121,498,33622046700,33622047100
concurrency_n10_20260613_002350_kafka_feed8_rep1,kafka,sb-events-n10-feed8-rep1,31975108-41b0-4ba2-8378-59b33016cf30,3895121,498,33622087900,33622088100
concurrency_n10_20260613_002350_kafka_feed8_rep1,kafka,sb-events-n10-feed8-rep1,d20b19c3-a48a-4459-bd05-f6f213cec7c4,3895107,498,33629472700,33629473000
concurrency_n10_20260613_002350_kafka_feed8_rep1,kafka,sb-events-n10-feed8-rep1,8489e4af-e8a2-4a05-9209-57c43e56c29a,3895107,498,33639332400,33639333100
concurrency_n10_20260613_002350_kafka_feed8_rep1,kafka,sb-events-n10-feed8-rep1,23f81b42-468f-482f-9fba-fd5a759ece05,3895052,498,33639469300,33639469600
concurrency_n10_20260613_002350_kafka_feed8_rep1,kafka,sb-events-n10-feed8-rep1,4fa1ad05-9e3e-4aec-8aaa-ad45ae06e6f7,3895074,499,33650986800,33650987400
concurrency_n10_20260613_002350_kafka_feed8_rep1,kafka,sb-events-n10-feed8-rep1,e9c3a5da-9830-40b2-9364-64162b43b582,3895086,499,33651027500,33651027800
concurrency_n10_20260613_002350_kafka_feed8_rep1,kafka,sb-events-n10-feed8-rep1,62929983-b83d-42b8-b2e7-a9cb86bf9a51,3895052,499,33655942000,33655942400
concurrency_n10_20260613_002350_kafka_feed8_rep1,kafka,sb-events-n10-feed8-rep1,feab16e4-3ce0-4fab-84a2-777868a3816a,3895052,499,33655986100,33655986400
concurrency_n10_20260613_002350_kafka_feed8_rep1,kafka,sb-events-n10-feed8-rep1,9ac39e85-58a9-41c2-a2d7-2aecc4fbb2b3,3895052,499,33656010200,33656010500
concurrency_n10_20260613_002350_kafka_feed8_rep1,kafka,sb-events-n10-feed8-rep1,b01f8464-7bf3-438a-8574-56324d3b599d,3895052,499,33669054400,33669055000
concurrency_n10_20260613_002350_kafka_feed8_rep1,kafka,sb-events-n10-feed8-rep1,a4d8d068-2e7d-40c7-9473-b3a2519fcf1b,3895060,500,33669458100,33669458500
concurrency_n10_20260613_002350_kafka_feed8_rep1,kafka,sb-events-n10-feed8-rep1,26f59fd2-69a8-42de-8dc6-df08ee3bdb3c,3895060,500,33686713600,33686714200
concurrency_n10_20260613_002350_kafka_feed8_rep1,kafka,sb-events-n10-feed8-rep1,1b200e19-bcae-4e89-bbaf-519116e651e0,3895060,500,33686943300,33686943700
concurrency_n10_20260613_002350_kafka_feed8_rep1,kafka,sb-events-n10-feed8-rep1,769c59c8-d90f-41d6-b6c9-c1084a76dd4c,3895052,500,33687005600,33687005900
concurrency_n10_20260613_002350_kafka_feed8_rep1,kafka,sb-events-n10-feed8-rep1,dad1eb75-e6bd-46d1-8462-fa306e58eb98,3895052,500,33697233500,33697235000
concurrency_n10_20260613_002350_kafka_feed8_rep1,kafka,sb-events-n10-feed8-rep1,ef3a2a56-3dd3-458e-9803-1d23bab9927c,3895074,501,33697290400,33697290700
concurrency_n10_20260613_002350_kafka_feed8_rep1,kafka,sb-events-n10-feed8-rep1,01858249-1519-44d6-bb45-0aba8780753c,3895074,501,33697324600,33697324900
concurrency_n10_20260613_002350_kafka_feed8_rep1,kafka,sb-events-n10-feed8-rep1,0eea2dd4-63e5-477d-89c8-11a6f2bc7cc3,3895121,501,33697356200,33697356700
concurrency_n10_20260613_002350_kafka_feed8_rep1,kafka,sb-events-n10-feed8-rep1,5cdac360-9d16-49d3-9ffd-1919de2da36b,3895074,502,33706928600,33706929300
concurrency_n10_20260613_002350_kafka_feed8_rep1,kafka,sb-events-n10-feed8-rep1,4689ee5d-a165-41b9-9765-54cf26b89974,3895074,502,33706979100,33706979300
concurrency_n10_20260613_002350_kafka_feed8_rep1,kafka,sb-events-n10-feed8-rep1,befe82b8-5c71-4a55-a5b4-02af982c82d8,3895121,502,33717400200,33717400500
concurrency_n10_20260613_002350_kafka_feed8_rep1,kafka,sb-events-n10-feed8-rep1,5e582e3c-1ad1-415a-b7bc-2f176f4c9446,3895121,502,33717497400,33717497700
concurrency_n10_20260613_002350_kafka_feed8_rep1,kafka,sb-events-n10-feed8-rep1,b2197139-ab0d-4a33-a3ba-54116a30f7bb,3895121,502,33717520200,33717520500
concurrency_n10_20260613_002350_kafka_feed8_rep1,kafka,sb-events-n10-feed8-rep1,b012221e-4a45-4aeb-9c92-fd453c3300f0,3895086,502,33726047600,33726048300
concurrency_n10_20260613_002350_kafka_feed8_rep1,kafka,sb-events-n10-feed8-rep1,f318531c-c8ed-4a7e-97cd-55840d34acba,3895086,502,33740573200,33740573700
concurrency_n10_20260613_002350_kafka_feed8_rep1,kafka,sb-events-n10-feed8-rep1,5c45bd25-de47-443a-8ed9-786514ebef57,3895086,502,33740619000,33740619200
concurrency_n10_20260613_002350_kafka_feed8_rep1,kafka,sb-events-n10-feed8-rep1,67b8807d-e89c-444e-80ff-9af9f9fb413a,3895121,503,33746893000,33746893400
concurrency_n10_20260613_002350_kafka_feed8_rep1,kafka,sb-events-n10-feed8-rep1,6b55c7b4-0df3-495c-a316-e9d30d9d7cbf,3895121,503,33746949300,33746949500
concurrency_n10_20260613_002350_kafka_feed8_rep1,kafka,sb-events-n10-feed8-rep1,c36319b4-340c-4aa6-a301-87f79b484a51,3895121,503,33757150600,33757151000
concurrency_n10_20260613_002350_kafka_feed8_rep1,kafka,sb-events-n10-feed8-rep1,50f1847f-5a57-4784-959a-1723f2df29b1,3895113,503,33766904400,33766905000
concurrency_n10_20260613_002350_kafka_feed8_rep1,kafka,sb-events-n10-feed8-rep1,fbcb9f5a-d91a-47d4-afe2-3c2aa23dc067,3895121,504,33779773000,33779774700
concurrency_n10_20260613_002350_kafka_feed8_rep1,kafka,sb-events-n10-feed8-rep1,60b55915-d435-48fd-898e-04f288d4b2c3,3895086,504,33780034500,33780035000
concurrency_n10_20260613_002350_kafka_feed8_rep1,kafka,sb-events-n10-feed8-rep1,6e98b601-c611-457d-9593-f8d157c7f801,3895074,505,33780066200,33780066400
concurrency_n10_20260613_002350_kafka_feed8_rep1,kafka,sb-events-n10-feed8-rep1,a3cfd6b0-d711-4f55-84cc-be15bced671a,3895121,505,33785227900,33785228500
concurrency_n10_20260613_002350_kafka_feed8_rep1,kafka,sb-events-n10-feed8-rep1,fb7d3b90-692d-43e5-a65d-8e61f6e5b040,3895074,505,33785273000,33785273200
concurrency_n10_20260613_002350_kafka_feed8_rep1,kafka,sb-events-n10-feed8-rep1,1da2d822-cce2-4126-8882-a2d996fd1656,3895121,505,33794931000,33794931400
concurrency_n10_20260613_002350_kafka_feed8_rep1,kafka,sb-events-n10-feed8-rep1,df472239-e889-4914-beb3-d6285b5ce491,3895067,505,33794973600,33794973800
concurrency_n10_20260613_002350_kafka_feed8_rep1,kafka,sb-events-n10-feed8-rep1,f57fccfc-218e-4f67-bc86-a0d2d3fe8f66,3895086,505,33802274300,33802274700
concurrency_n10_20260613_002350_kafka_feed8_rep1,kafka,sb-events-n10-feed8-rep1,c856534a-3c18-4142-b38d-920963780018,3895086,505,33810235600,33810236200
concurrency_n10_20260613_002350_kafka_feed8_rep1,kafka,sb-events-n10-feed8-rep1,61080830-9dbb-47f1-ac2e-01fc991446bf,3895113,505,33810290000,33810290300
concurrency_n10_20260613_002350_kafka_feed8_rep1,kafka,sb-events-n10-feed8-rep1,ab45e3b1-1285-406a-a7df-f419271eb959,3895121,506,33821488200,33821488600
concurrency_n10_20260613_002350_kafka_feed8_rep1,kafka,sb-events-n10-feed8-rep1,d376b111-5b18-48ea-b576-bc1d36938281,3895052,506,33828553100,33828553700
concurrency_n10_20260613_002350_kafka_feed8_rep1,kafka,sb-events-n10-feed8-rep1,889c4db8-e13a-48e3-8db5-cee44aba727a,3895113,506,33828619400,33828619800
concurrency_n10_20260613_002350_kafka_feed8_rep1,kafka,sb-events-n10-feed8-rep1,cd48420d-0319-4e1e-a89d-cb381910cea7,3895107,506,33828655400,33828655700
concurrency_n10_20260613_002350_kafka_feed8_rep1,kafka,sb-events-n10-feed8-rep1,3a0f5619-1db6-4faa-9444-0b8c80f39327,3895067,507,33836141900,33836142500
concurrency_n10_20260613_002350_kafka_feed8_rep1,kafka,sb-events-n10-feed8-rep1,5908c90f-a5c7-482a-9a85-a6598518aca0,3895067,507,33836195300,33836195700
concurrency_n10_20260613_002350_kafka_feed8_rep1,kafka,sb-events-n10-feed8-rep1,cc0b3883-e667-4f14-b40b-0e23e63619f2,3895086,507,33842870800,33842871300
concurrency_n10_20260613_002350_kafka_feed8_rep1,kafka,sb-events-n10-feed8-rep1,52986c02-91fb-42f4-b028-11b2249bc4c3,3895067,507,33842912500,33842912700
concurrency_n10_20260613_002350_kafka_feed8_rep1,kafka,sb-events-n10-feed8-rep1,e6ec7ece-a735-482f-b3d2-ec79ecb4c08e,3895052,507,33851617600,33851618100
concurrency_n10_20260613_002350_kafka_feed8_rep1,kafka,sb-events-n10-feed8-rep1,421e9071-e8f9-4792-9f29-d0723762e664,3895074,508,33859297900,33859298200
concurrency_n10_20260613_002350_kafka_feed8_rep1,kafka,sb-events-n10-feed8-rep1,bbf627c7-85ce-4949-90b9-67bcb2cb9202,3895121,508,33859343600,33859343900
concurrency_n10_20260613_002350_kafka_feed8_rep1,kafka,sb-events-n10-feed8-rep1,09901199-98b3-40fa-ac48-d43fed28f1ed,3895052,507,33859381800,33859382100
concurrency_n10_20260613_002350_kafka_feed8_rep1,kafka,sb-events-n10-feed8-rep1,b1037ea4-9196-425b-98aa-8134344efb9d,3895121,508,33868684500,33868684900
concurrency_n10_20260613_002350_kafka_feed8_rep1,kafka,sb-events-n10-feed8-rep1,d5b86ee5-b761-4e83-b57d-5220091344ad,3895060,508,33877359500,33877360100
concurrency_n10_20260613_002350_kafka_feed8_rep1,kafka,sb-events-n10-feed8-rep1,a03e16dd-44d2-4881-ab44-489c1fdf20cb,3895107,508,33877402800,33877403100
concurrency_n10_20260613_002350_kafka_feed8_rep1,kafka,sb-events-n10-feed8-rep1,bca2b7a8-07ec-4b21-81e1-b4b6a784d816,3895086,508,33889491200,33889491600
concurrency_n10_20260613_002350_kafka_feed8_rep1,kafka,sb-events-n10-feed8-rep1,4d025bbb-e591-4758-9a46-7fe0820c3bee,3895107,508,33889626600,33889626900
concurrency_n10_20260613_002350_kafka_feed8_rep1,kafka,sb-events-n10-feed8-rep1,083dd0fc-6b14-40c4-acda-73bcc04ee37c,3895086,508,33901888600,33901889000
concurrency_n10_20260613_002350_kafka_feed8_rep1,kafka,sb-events-n10-feed8-rep1,b081d47f-920b-4fc7-8af2-cf60be8fd02e,3895052,508,33901972300,33901972500
concurrency_n10_20260613_002350_kafka_feed8_rep1,kafka,sb-events-n10-feed8-rep1,2c0c5d4c-1c85-4581-83f5-49800846ca35,3895113,508,33911162300,33911162700
concurrency_n10_20260613_002350_kafka_feed8_rep1,kafka,sb-events-n10-feed8-rep1,b14a1d3e-db7a-43da-b79c-401f7287dce6,3895113,508,33911203700,33911203800
concurrency_n10_20260613_002350_kafka_feed8_rep1,kafka,sb-events-n10-feed8-rep1,c9563460-cbf2-424f-b83f-65b8d0e4d551,3895074,509,33917251300,33917251700
concurrency_n10_20260613_002350_kafka_feed8_rep1,kafka,sb-events-n10-feed8-rep1,bd1a2f63-624a-4be7-a2c2-5f3708bcd61a,3895074,509,33923442700,33923443200
concurrency_n10_20260613_002350_kafka_feed8_rep1,kafka,sb-events-n10-feed8-rep1,d812dcc3-393c-4ae3-8a6b-6035c319fca8,3895074,509,33923485300,33923485600
concurrency_n10_20260613_002350_kafka_feed8_rep1,kafka,sb-events-n10-feed8-rep1,43f2530a-b5e4-4824-904d-7bcd7a452fb3,3895060,509,33935236900,33935237400
concurrency_n10_20260613_002350_kafka_feed8_rep1,kafka,sb-events-n10-feed8-rep1,0e71b093-1f11-4790-9d02-3d5cba62b88e,3895060,509,33945021600,33945022300
concurrency_n10_20260613_002350_kafka_feed8_rep1,kafka,sb-events-n10-feed8-rep1,1777e72e-d9a0-432d-a526-b44383537534,3895086,509,33945065100,33945065400
concurrency_n10_20260613_002350_kafka_feed8_rep1,kafka,sb-events-n10-feed8-rep1,8a1cf37c-7492-4977-84f4-907948223c58,3895052,509,33951488700,33951489200
concurrency_n10_20260613_002350_kafka_feed8_rep1,kafka,sb-events-n10-feed8-rep1,8d95c8b0-773f-44fd-9ed5-ce557f0b98c3,3895052,509,33951530600,33951530900
concurrency_n10_20260613_002350_kafka_feed8_rep1,kafka,sb-events-n10-feed8-rep1,6f41d8bd-52f1-4795-8953-ea9e6b1ca541,3895074,510,33962600300,33962600800
concurrency_n10_20260613_002350_kafka_feed8_rep1,kafka,sb-events-n10-feed8-rep1,707e2712-d8d0-4b39-93ac-3647b978fd93,3895067,510,33962650800,33962651200
concurrency_n10_20260613_002350_kafka_feed8_rep1,kafka,sb-events-n10-feed8-rep1,a5cc2446-04a8-4eb1-82f0-358ed4234e3c,3895107,510,33969647900,33969648500
concurrency_n10_20260613_002350_kafka_feed8_rep1,kafka,sb-events-n10-feed8-rep1,2feeace9-9f8b-42be-9d66-ffe05617788d,3895086,510,33969692300,33969692600
concurrency_n10_20260613_002350_kafka_feed8_rep1,kafka,sb-events-n10-feed8-rep1,8b399507-b4f2-43ae-bfdf-92b3748cbe95,3895086,510,33981028500,33981029000
concurrency_n10_20260613_002350_kafka_feed8_rep1,kafka,sb-events-n10-feed8-rep1,4814d196-9529-4781-a9e5-3d2bd2da645b,3895052,510,33984297800,33984298100
concurrency_n10_20260613_002350_kafka_feed8_rep1,kafka,sb-events-n10-feed8-rep1,9e9bbbe9-6657-45a4-b8b2-5d9b0eb39bdc,3895086,510,33995295700,33995296200
concurrency_n10_20260613_002350_kafka_feed8_rep1,kafka,sb-events-n10-feed8-rep1,364b48ed-28a1-4f92-bb6b-2d50b7f8ab60,3895052,510,34004328400,34004329000
concurrency_n10_20260613_002350_kafka_feed8_rep1,kafka,sb-events-n10-feed8-rep1,e4baa967-37f7-4f11-a846-e4b7de57a137,3895052,510,34004374000,34004374300
concurrency_n10_20260613_002350_kafka_feed8_rep1,kafka,sb-events-n10-feed8-rep1,bf565494-7169-456a-86fd-2b61f2002349,3895052,510,34004395500,34004395700
concurrency_n10_20260613_002350_kafka_feed8_rep1,kafka,sb-events-n10-feed8-rep1,9aa4d688-5d3b-4354-b6f0-bde65819e05a,3895121,511,34014328600,34014329100
concurrency_n10_20260613_002350_kafka_feed8_rep1,kafka,sb-events-n10-feed8-rep1,95be481e-b01f-48a2-a7ee-8e5a9988246f,3895086,511,34026091100,34026091700
concurrency_n10_20260613_002350_kafka_feed8_rep1,kafka,sb-events-n10-feed8-rep1,8018154e-2201-424b-92e6-af940af71af8,3895086,511,34026130200,34026130300
concurrency_n10_20260613_002350_kafka_feed8_rep1,kafka,sb-events-n10-feed8-rep1,41ec44b0-09af-4a1a-b648-2a5bbdcdaacc,3895113,511,34026151200,34026151300
concurrency_n10_20260613_002350_kafka_feed8_rep1,kafka,sb-events-n10-feed8-rep1,2c3e0b08-b58b-4293-b275-9542c9b9cfe8,3895086,511,34026171800,34026172000
concurrency_n10_20260613_002350_kafka_feed8_rep1,kafka,sb-events-n10-feed8-rep1,c69ec7ea-eade-4613-8dfb-b85ac6d7b245,3895113,511,34039238600,34039239100
concurrency_n10_20260613_002350_kafka_feed8_rep1,kafka,sb-events-n10-feed8-rep1,9c4dda21-6b09-4161-965f-cff7fb4f7695,3895074,512,34039292500,34039292900
concurrency_n10_20260613_002350_kafka_feed8_rep1,kafka,sb-events-n10-feed8-rep1,d86d0853-7e38-4685-83e6-c970b529ed64,3895113,511,34039324800,34039325200
concurrency_n10_20260613_002350_kafka_feed8_rep1,kafka,sb-events-n10-feed8-rep1,ea039a3e-36b4-4423-8123-4acdbfee6222,3895121,512,34051537400,34051537900
concurrency_n10_20260613_002350_kafka_feed8_rep1,kafka,sb-events-n10-feed8-rep1,a51bbcc1-1642-44dd-98df-d6d896639873,3895074,512,34051589100,34051589400
concurrency_n10_20260613_002350_kafka_feed8_rep1,kafka,sb-events-n10-feed8-rep1,61d6b03d-09cb-4971-85d4-bf79b2d16af9,3895121,512,34058655400,34058655900
concurrency_n10_20260613_002350_kafka_feed8_rep1,kafka,sb-events-n10-feed8-rep1,a44f6845-53e0-4746-8124-ef0bcef725ed,3895060,512,34058699100,34058699400
concurrency_n10_20260613_002350_kafka_feed8_rep1,kafka,sb-events-n10-feed8-rep1,576e8524-ca4d-43b2-b2c0-4a99781138d8,3895060,512,34065790000,34065790400
concurrency_n10_20260613_002350_kafka_feed8_rep1,kafka,sb-events-n10-feed8-rep1,7bae91e0-3b0a-4e74-9db6-4ee7415f29ed,3895060,512,34071228600,34071229100
concurrency_n10_20260613_002350_kafka_feed8_rep1,kafka,sb-events-n10-feed8-rep1,7741a524-b265-4a90-8936-6f5c55318a03,3895060,512,34079591900,34079592300
concurrency_n10_20260613_002350_kafka_feed8_rep1,kafka,sb-events-n10-feed8-rep1,bccf15ca-7a9c-4b7a-aa80-f9e4253e58c3,3895067,512,34089062400,34089062900
concurrency_n10_20260613_002350_kafka_feed8_rep1,kafka,sb-events-n10-feed8-rep1,396ca39c-5519-4ba0-bcac-f6a1c1b47742,3895067,512,34093142900,34093143600
concurrency_n10_20260613_002350_kafka_feed8_rep1,kafka,sb-events-n10-feed8-rep1,08c1a3ee-c054-4508-a673-b6383c63e127,3895086,512,34106044100,34106044600
concurrency_n10_20260613_002350_kafka_feed8_rep1,kafka,sb-events-n10-feed8-rep1,1f254274-d98b-4654-98b1-be07e18b05d4,3895060,513,34113156600,34113157300
concurrency_n10_20260613_002350_kafka_feed8_rep1,kafka,sb-events-n10-feed8-rep1,74bd4e36-7331-453b-a774-836d5d02f062,3895086,512,34113206900,34113207300
concurrency_n10_20260613_002350_kafka_feed8_rep1,kafka,sb-events-n10-feed8-rep1,947c902c-d4cd-4cca-8b89-f3f14eaa36b3,3895060,513,34119332000,34119332400
concurrency_n10_20260613_002350_kafka_feed8_rep1,kafka,sb-events-n10-feed8-rep1,7cfac252-e778-42f1-8ed0-2a05aa353412,3895067,513,34126636900,34126637200
concurrency_n10_20260613_002350_kafka_feed8_rep1,kafka,sb-events-n10-feed8-rep1,c8531bb0-c0a2-44f4-89aa-d2eb333d62fd,3895107,513,34131767300,34131767800
concurrency_n10_20260613_002350_kafka_feed8_rep1,kafka,sb-events-n10-feed8-rep1,01330f1c-f49f-4233-ba26-d4cf784ad678,3895113,513,34141591300,34141591900
concurrency_n10_20260613_002350_kafka_feed8_rep1,kafka,sb-events-n10-feed8-rep1,c2325458-b1ce-4b61-9f06-8ee8b0899067,3895107,513,34141639000,34141639300
concurrency_n10_20260613_002350_kafka_feed8_rep1,kafka,sb-events-n10-feed8-rep1,9bf24c58-941f-463e-b36b-dc42bb422bbb,3895113,513,34146877700,34146878100
concurrency_n10_20260613_002350_kafka_feed8_rep1,kafka,sb-events-n10-feed8-rep1,2a47eb4b-6dd4-4358-9917-a409d773dc6c,3895086,513,34146918900,34146919100
concurrency_n10_20260613_002350_kafka_feed8_rep1,kafka,sb-events-n10-feed8-rep1,f1f6da62-face-4e8d-8b7d-0215b1d54d6a,3895113,513,34153397900,34153398200
concurrency_n10_20260613_002350_kafka_feed8_rep1,kafka,sb-events-n10-feed8-rep1,40d4ee39-20cc-4ade-ab81-5727e8e8af1b,3895121,514,34161406700,34161407300
concurrency_n10_20260613_002350_kafka_feed8_rep1,kafka,sb-events-n10-feed8-rep1,5edd7501-8186-468e-9079-ef1ca338755b,3895067,514,34176699100,34176699500
concurrency_n10_20260613_002350_kafka_feed8_rep1,kafka,sb-events-n10-feed8-rep1,dd61f0d7-af6d-4711-9660-e7285c960fdf,3895060,514,34176755000,34176755300
concurrency_n10_20260613_002350_kafka_feed8_rep1,kafka,sb-events-n10-feed8-rep1,2752e67d-a614-4b54-a16f-900c27e20f16,3895113,514,34188526400,34188526700
concurrency_n10_20260613_002350_kafka_feed8_rep1,kafka,sb-events-n10-feed8-rep1,6662b85c-bea2-4814-b738-e1395a763d9f,3895107,514,34188564300,34188564500
concurrency_n10_20260613_002350_kafka_feed8_rep1,kafka,sb-events-n10-feed8-rep1,16db44e3-3b0b-4fc9-8685-5018808a2372,3895060,515,34188586800,34188587000
concurrency_n10_20260613_002350_kafka_feed8_rep1,kafka,sb-events-n10-feed8-rep1,496c4c3c-7e45-459a-932d-d369e14648f3,3895067,514,34188610200,34188610400
concurrency_n10_20260613_002350_kafka_feed8_rep1,kafka,sb-events-n10-feed8-rep1,ba454c0b-0cfe-411e-961e-b2b838c135d1,3895060,515,34194512000,34194512400
concurrency_n10_20260613_002350_kafka_feed8_rep1,kafka,sb-events-n10-feed8-rep1,d2e0289b-8116-4401-a890-c839d2722444,3895067,515,34203191500,34203192000
concurrency_n10_20260613_002350_kafka_feed8_rep1,kafka,sb-events-n10-feed8-rep1,618cf053-2206-4420-9615-011d1be96fa1,3895067,515,34203234900,34203235200
concurrency_n10_20260613_002350_kafka_feed8_rep1,kafka,sb-events-n10-feed8-rep1,b186773d-0c6b-412a-a9ff-b024f91ff8d6,3895067,515,34208288500,34208289000
concurrency_n10_20260613_002350_kafka_feed8_rep1,kafka,sb-events-n10-feed8-rep1,468426b8-5dca-4583-a16f-e7fc65e45f2d,3895107,515,34208331400,34208331600
concurrency_n10_20260613_002350_kafka_feed8_rep1,kafka,sb-events-n10-feed8-rep1,a9c5212e-15a6-4280-873b-daf7dd3dd77d,3895107,515,34219328400,34219328800
concurrency_n10_20260613_002350_kafka_feed8_rep1,kafka,sb-events-n10-feed8-rep1,11a33591-e999-4cd2-95ba-6988f22811d4,3895107,515,34226108800,34226109400
concurrency_n10_20260613_002350_kafka_feed8_rep1,kafka,sb-events-n10-feed8-rep1,25a355bc-eb29-409d-b376-f40b1ddd60a5,3895113,515,34226216700,34226217300
concurrency_n10_20260613_002350_kafka_feed8_rep1,kafka,sb-events-n10-feed8-rep1,11700670-0e62-42b1-b9bf-6b86fdc6e57a,3895113,515,34235490500,34235491100
concurrency_n10_20260613_002350_kafka_feed8_rep1,kafka,sb-events-n10-feed8-rep1,9dee56a9-9275-4b4f-b3b4-f9461e40c061,3895074,516,34235534500,34235534700
concurrency_n10_20260613_002350_kafka_feed8_rep1,kafka,sb-events-n10-feed8-rep1,d4a4b6ec-9625-438e-a709-e9c4038d7379,3895121,516,34242830700,34242831500
concurrency_n10_20260613_002350_kafka_feed8_rep1,kafka,sb-events-n10-feed8-rep1,3da791bb-390e-4ccb-9344-bfef4fd966c3,3895121,516,34248840500,34248841200
concurrency_n10_20260613_002350_kafka_feed8_rep1,kafka,sb-events-n10-feed8-rep1,e7ba2c84-9b71-4424-ae10-390ccc364bd0,3895060,516,34253768700,34253769000
concurrency_n10_20260613_002350_kafka_feed8_rep1,kafka,sb-events-n10-feed8-rep1,e1900452-ba67-4981-a631-d7d973843a53,3895067,516,34257645000,34257645400
concurrency_n10_20260613_002350_kafka_feed8_rep1,kafka,sb-events-n10-feed8-rep1,d1799f25-3a6d-44b7-b8e2-13ae58b02b31,3895107,516,34261688800,34261689100
concurrency_n10_20260613_002350_kafka_feed8_rep1,kafka,sb-events-n10-feed8-rep1,bb2ec522-c94f-4d37-9104-3eac011aab1e,3895107,516,34268726700,34268727900
concurrency_n10_20260613_002350_kafka_feed8_rep1,kafka,sb-events-n10-feed8-rep1,44fb2aca-0b6d-4a21-bc37-60141d9958a2,3895074,517,34277539000,34277539600
concurrency_n10_20260613_002350_kafka_feed8_rep1,kafka,sb-events-n10-feed8-rep1,80342f59-095a-46c5-960c-d33edb58e89d,3895074,517,34277608300,34277608600
concurrency_n10_20260613_002350_kafka_feed8_rep1,kafka,sb-events-n10-feed8-rep1,ce594660-7c58-4437-bce3-46bda6f43677,3895060,517,34289283400,34289283900
concurrency_n10_20260613_002350_kafka_feed8_rep1,kafka,sb-events-n10-feed8-rep1,cb1133fe-2b8c-47f1-87ca-6822ee962229,3895060,517,34289323100,34289323300
concurrency_n10_20260613_002350_kafka_feed8_rep1,kafka,sb-events-n10-feed8-rep1,307fb41d-a8e4-4032-aac3-61ac29190dc3,3895060,517,34294031600,34294032200
concurrency_n10_20260613_002350_kafka_feed8_rep1,kafka,sb-events-n10-feed8-rep1,15f38ad4-b80e-49c0-b797-58fc2e508726,3895060,517,34300336300,34300336900
concurrency_n10_20260613_002350_kafka_feed8_rep1,kafka,sb-events-n10-feed8-rep1,987af024-d57c-4ed6-a13e-78e2fcdaba0d,3895067,517,34304318300,34304318800
concurrency_n10_20260613_002350_kafka_feed8_rep1,kafka,sb-events-n10-feed8-rep1,54ea6238-1075-455d-8f7b-20002c1a72dc,3895067,517,34311784800,34311785200
concurrency_n10_20260613_002350_kafka_feed8_rep1,kafka,sb-events-n10-feed8-rep1,0c1f2874-e5d3-484f-8dd1-fe32faedeb29,3895113,517,34319733300,34319734200
concurrency_n10_20260613_002350_kafka_feed8_rep1,kafka,sb-events-n10-feed8-rep1,2a25cb31-5e32-4c2b-8d68-23edf14c8a48,3895060,518,34319779100,34319779300
concurrency_n10_20260613_002350_kafka_feed8_rep1,kafka,sb-events-n10-feed8-rep1,d7d9bb2e-61cf-458a-bddb-607b06f62208,3895060,518,34327783800,34327784200
concurrency_n10_20260613_002350_kafka_feed8_rep1,kafka,sb-events-n10-feed8-rep1,01732720-50cd-4d38-8262-17749ccb1ad1,3895060,518,34327830100,34327830300
concurrency_n10_20260613_002350_kafka_feed8_rep1,kafka,sb-events-n10-feed8-rep1,1918e176-5d63-4eff-b5b7-5836540fdac9,3895107,518,34339725900,34339726400
concurrency_n10_20260613_002350_kafka_feed8_rep1,kafka,sb-events-n10-feed8-rep1,f9f6ce8c-80f1-4bb7-b6cd-53a1629a771b,3895060,519,34339774500,34339774700
concurrency_n10_20260613_002350_kafka_feed8_rep1,kafka,sb-events-n10-feed8-rep1,49d14939-2450-4ab8-b09d-76753d13cc23,3895067,519,34347600300,34347600800
concurrency_n10_20260613_002350_kafka_feed8_rep1,kafka,sb-events-n10-feed8-rep1,ef422be2-d385-4919-9e4c-4b4228eae971,3895067,519,34347642700,34347643100
concurrency_n10_20260613_002350_kafka_feed8_rep1,kafka,sb-events-n10-feed8-rep1,b8f9bd6b-9a37-4794-a85d-6f812ad4e301,3895067,519,34352776400,34352776800
concurrency_n10_20260613_002350_kafka_feed8_rep1,kafka,sb-events-n10-feed8-rep1,98e7f20a-28db-49e7-a4f9-88c516782a38,3895067,519,34352816400,34352816500
concurrency_n10_20260613_002350_kafka_feed8_rep1,kafka,sb-events-n10-feed8-rep1,e72dc9b5-9f93-4650-9995-76d13c4c57d1,3895107,519,34359185700,34359186100
concurrency_n10_20260613_002350_kafka_feed8_rep1,kafka,sb-events-n10-feed8-rep1,1b30f7b4-a2f4-40c0-9335-1edaa3de5712,3895107,519,34359227500,34359227800
concurrency_n10_20260613_002350_kafka_feed8_rep1,kafka,sb-events-n10-feed8-rep1,a2ee9a83-1908-4f93-94dd-384a2f5307fb,3895074,520,34365746000,34365746600
concurrency_n10_20260613_002350_kafka_feed8_rep1,kafka,sb-events-n10-feed8-rep1,97fad311-53da-45b1-9717-a2093f668ed8,3895121,520,34374851000,34374851600
concurrency_n10_20260613_002350_kafka_feed8_rep1,kafka,sb-events-n10-feed8-rep1,6384539d-b3da-405b-a218-c451b8266af7,3895060,520,34374916800,34374917200
concurrency_n10_20260613_002350_kafka_feed8_rep1,kafka,sb-events-n10-feed8-rep1,55ba4e9b-a045-4940-86fd-798ea3f396f0,3895060,520,34383109000,34383109300
concurrency_n10_20260613_002350_kafka_feed8_rep1,kafka,sb-events-n10-feed8-rep1,b9414508-e2ef-431a-a120-12b5df982604,3895060,520,34383147900,34383148200
concurrency_n10_20260613_002350_kafka_feed8_rep1,kafka,sb-events-n10-feed8-rep1,f9715d9b-f136-405f-9c3a-37d9e1c7f7ec,3895107,520,34390455100,34390455700
concurrency_n10_20260613_002350_kafka_feed8_rep1,kafka,sb-events-n10-feed8-rep1,427f23e2-9f1d-4bf8-8f85-c861ade4c627,3895113,520,34390501500,34390501900
concurrency_n10_20260613_002350_kafka_feed8_rep1,kafka,sb-events-n10-feed8-rep1,59e64ca6-6769-446c-9659-93e6adee6c3a,3895113,520,34395694500,34395694900
concurrency_n10_20260613_002350_kafka_feed8_rep1,kafka,sb-events-n10-feed8-rep1,6863a428-b5a4-4564-b24d-d5f89a670a56,3895074,521,34399179300,34399179600
concurrency_n10_20260613_002350_kafka_feed8_rep1,kafka,sb-events-n10-feed8-rep1,8f79565a-a90d-4d26-909d-bbcdeaccba2d,3895074,521,34403867400,34403867800
concurrency_n10_20260613_002350_kafka_feed8_rep1,kafka,sb-events-n10-feed8-rep1,0a04a0e3-695a-44fb-bd5c-ad69c331d69f,3895074,521,34410427500,34410428000
concurrency_n10_20260613_002350_kafka_feed8_rep1,kafka,sb-events-n10-feed8-rep1,100ca139-0417-4dc3-859a-dfc70383e14e,3895121,521,34414027700,34414028100
concurrency_n10_20260613_002350_kafka_feed8_rep1,kafka,sb-events-n10-feed8-rep1,6bb0889f-9c99-43b3-8e1b-2ee506e1152b,3895121,521,34426826200,34426826700
concurrency_n10_20260613_002350_kafka_feed8_rep1,kafka,sb-events-n10-feed8-rep1,81db2ad5-3ed7-4089-afc5-f6110181b19b,3895060,521,34437337500,34437338000
concurrency_n10_20260613_002350_kafka_feed8_rep1,kafka,sb-events-n10-feed8-rep1,d04d92f0-9341-4805-aa5e-860c0f597675,3895067,521,34444005300,34444005700
concurrency_n10_20260613_002350_kafka_feed8_rep1,kafka,sb-events-n10-feed8-rep1,e900863b-6a63-498e-a44a-fc911d66d242,3895060,521,34444049400,34444049700
concurrency_n10_20260613_002350_kafka_feed8_rep1,kafka,sb-events-n10-feed8-rep1,1c7ef114-f32e-4af6-bb53-0123d788159f,3895060,521,34453226800,34453227200
concurrency_n10_20260613_002350_kafka_feed8_rep1,kafka,sb-events-n10-feed8-rep1,3c13745a-2a7f-4c59-8e84-f53e76666ec1,3895067,521,34453279800,34453280000
concurrency_n10_20260613_002350_kafka_feed8_rep1,kafka,sb-events-n10-feed8-rep1,16f54a3a-428e-4f0c-aadb-ce44890fd041,3895067,521,34453301500,34453301700
concurrency_n10_20260613_002350_kafka_feed8_rep1,kafka,sb-events-n10-feed8-rep1,384ddab3-0b7c-488d-8e9d-9ee9c937d8d5,3895107,521,34468334600,34468335000
concurrency_n10_20260613_002350_kafka_feed8_rep1,kafka,sb-events-n10-feed8-rep1,925eaa91-afdb-45d5-b9f3-0e05080ddba1,3895107,521,34468375800,34468376000
concurrency_n10_20260613_002350_kafka_feed8_rep1,kafka,sb-events-n10-feed8-rep1,0bbb1280-45ac-457c-95da-2864bd579cec,3895113,521,34468398600,34468398800
concurrency_n10_20260613_002350_kafka_feed8_rep1,kafka,sb-events-n10-feed8-rep1,7a582bf1-dd75-4e0c-ba5f-9351d2fc8da7,3895060,522,34475637300,34475638200
concurrency_n10_20260613_002350_kafka_feed8_rep1,kafka,sb-events-n10-feed8-rep1,93707c41-6647-4824-96c6-c5c05465b9b4,3895060,522,34475679500,34475679700
concurrency_n10_20260613_002350_kafka_feed8_rep1,kafka,sb-events-n10-feed8-rep1,afa3ae87-cc2d-4200-9123-f20dfb05a1b6,3895107,522,34484094300,34484094800
concurrency_n10_20260613_002350_kafka_feed8_rep1,kafka,sb-events-n10-feed8-rep1,d0468067-11cd-402a-9c58-31fc1975d03f,3895107,522,34484299500,34484299900
concurrency_n10_20260613_002350_kafka_feed8_rep1,kafka,sb-events-n10-feed8-rep1,8c60e9aa-b5a2-4ad4-9a48-881f24cada96,3895107,522,34493703300,34493703700
concurrency_n10_20260613_002350_kafka_feed8_rep1,kafka,sb-events-n10-feed8-rep1,b36b7db0-bb9e-4a24-b075-f591e5ae57d7,3895107,522,34493753900,34493754300
concurrency_n10_20260613_002350_kafka_feed8_rep1,kafka,sb-events-n10-feed8-rep1,a40624b3-bfad-4c10-b540-5d7afb11569f,3895113,522,34500720700,34500721300
concurrency_n10_20260613_002350_kafka_feed8_rep1,kafka,sb-events-n10-feed8-rep1,323f6d53-5da4-4be9-9de0-c6a5ad6e8bdc,3895113,522,34506222200,34506222600
concurrency_n10_20260613_002350_kafka_feed8_rep1,kafka,sb-events-n10-feed8-rep1,1db19b5b-fff8-4b33-aa5a-375f8827004d,3895121,523,34506259400,34506259500
concurrency_n10_20260613_002350_kafka_feed8_rep1,kafka,sb-events-n10-feed8-rep1,c04c1057-5911-4a54-abca-1e0470cac6c9,3895107,523,34514262500,34514262800
concurrency_n10_20260613_002350_kafka_feed8_rep1,kafka,sb-events-n10-feed8-rep1,3fbcf76b-4681-4e0a-863b-de9c7a8cb3b2,3895107,523,34514313000,34514313300
concurrency_n10_20260613_002350_kafka_feed8_rep1,kafka,sb-events-n10-feed8-rep1,f0b960f6-595f-4c51-b6ca-764db484988c,3895113,523,34521289000,34521289600
concurrency_n10_20260613_002350_kafka_feed8_rep1,kafka,sb-events-n10-feed8-rep1,ea053585-687d-4d7b-8ede-317fd787b930,3895074,524,34525631300,34525631700
concurrency_n10_20260613_002350_kafka_feed8_rep1,kafka,sb-events-n10-feed8-rep1,6ec67334-6443-449b-9dd4-2101103fae8e,3895121,524,34525672800,34525673000
concurrency_n10_20260613_002350_kafka_feed8_rep1,kafka,sb-events-n10-feed8-rep1,6f968e3c-e7ae-4e31-a433-c1291d40addc,3895121,524,34530064800,34530065100
concurrency_n10_20260613_002350_kafka_feed8_rep1,kafka,sb-events-n10-feed8-rep1,70dd6be1-f1a4-4d16-a7aa-a3b03f355375,3895107,524,34535074800,34535075300
concurrency_n10_20260613_002350_kafka_feed8_rep1,kafka,sb-events-n10-feed8-rep1,1fc02a37-540b-47ff-acb8-22ade5c1808a,3895107,524,34545736400,34545736900
concurrency_n10_20260613_002350_kafka_feed8_rep1,kafka,sb-events-n10-feed8-rep1,4668001f-8001-484b-a362-a7c6f02060d5,3895060,525,34560729900,34560730400
concurrency_n10_20260613_002350_kafka_feed8_rep1,kafka,sb-events-n10-feed8-rep1,d5d42c02-ad64-49fc-a51b-b65f26c9fd72,3895074,525,34560783300,34560783600
concurrency_n10_20260613_002350_kafka_feed8_rep1,kafka,sb-events-n10-feed8-rep1,4cc5777a-4670-4e70-8819-1d9d1b95f36b,3895074,525,34560806600,34560806800
concurrency_n10_20260613_002350_kafka_feed8_rep1,kafka,sb-events-n10-feed8-rep1,20eb3f50-409c-4c6c-b18e-8114b26de7ce,3895113,525,34564832300,34564832700
concurrency_n10_20260613_002350_kafka_feed8_rep1,kafka,sb-events-n10-feed8-rep1,0ac6d9ef-7559-48e2-a503-f553badb78e5,3895113,525,34574079500,34574080100
concurrency_n10_20260613_002350_kafka_feed8_rep1,kafka,sb-events-n10-feed8-rep1,8acbf3dc-91e8-4fce-b107-0d55d4e7e86e,3895074,526,34583947200,34583947700
concurrency_n10_20260613_002350_kafka_feed8_rep1,kafka,sb-events-n10-feed8-rep1,38daa8b4-9905-4022-85b4-45b82d6d7d25,3895074,526,34583989100,34583989400
concurrency_n10_20260613_002350_kafka_feed8_rep1,kafka,sb-events-n10-feed8-rep1,b0e8ae72-248f-4087-ae40-c9f006d93a78,3895060,526,34595833300,34595833700
concurrency_n10_20260613_002350_kafka_feed8_rep1,kafka,sb-events-n10-feed8-rep1,9163276e-2a34-4c52-8291-2a46db09c9af,3895060,526,34605382400,34605383000
concurrency_n10_20260613_002350_kafka_feed8_rep1,kafka,sb-events-n10-feed8-rep1,50d5f2fb-6a21-4b16-a1de-e3a095e7b9c7,3895074,527,34613340600,34613341200
concurrency_n10_20260613_002350_kafka_feed8_rep1,kafka,sb-events-n10-feed8-rep1,20f95845-0afb-4666-9204-584035a84896,3895113,526,34613388400,34613388700
concurrency_n10_20260613_002350_kafka_feed8_rep1,kafka,sb-events-n10-feed8-rep1,20430d39-2dd0-4b2b-a895-b2462cd22a01,3895074,527,34623170900,34623171400
concurrency_n10_20260613_002350_kafka_feed8_rep1,kafka,sb-events-n10-feed8-rep1,0586e00d-dfec-4211-9411-cb219db4edb9,3895121,527,34623211800,34623212000
concurrency_n10_20260613_002350_kafka_feed8_rep1,kafka,sb-events-n10-feed8-rep1,88fd2d06-fd20-40f3-a233-29ee82e4be59,3895107,527,34637614200,34637614900
concurrency_n10_20260613_002350_kafka_feed8_rep1,kafka,sb-events-n10-feed8-rep1,3c1237a2-1e6b-4e7e-892f-8ea18799c544,3895107,527,34637666100,34637666400
concurrency_n10_20260613_002350_kafka_feed8_rep1,kafka,sb-events-n10-feed8-rep1,2dd81da3-006b-4909-b0d4-6c3468d474c4,3895107,527,34649095700,34649096500
concurrency_n10_20260613_002350_kafka_feed8_rep1,kafka,sb-events-n10-feed8-rep1,b61d5bec-03f0-44eb-a8cf-0e53b1986f2a,3895113,527,34649136900,34649137100
concurrency_n10_20260613_002350_kafka_feed8_rep1,kafka,sb-events-n10-feed8-rep1,7de78a3e-57f7-4e9a-8978-4776114f764e,3895113,527,34649159400,34649159600
concurrency_n10_20260613_002350_kafka_feed8_rep1,kafka,sb-events-n10-feed8-rep1,a8f4416a-3223-4b2b-8803-7c50dc6524db,3895113,527,34656397700,34656398100
concurrency_n10_20260613_002350_kafka_feed8_rep1,kafka,sb-events-n10-feed8-rep1,1c7e1733-2224-46bc-a9c7-8ad2228cc8da,3895113,527,34656436200,34656436300
concurrency_n10_20260613_002350_kafka_feed8_rep1,kafka,sb-events-n10-feed8-rep1,e2076223-02eb-472d-a936-fbb5cdd986dc,3895121,528,34666175700,34666176100
concurrency_n10_20260613_002350_kafka_feed8_rep1,kafka,sb-events-n10-feed8-rep1,514d79ad-cba0-4ef5-be08-cbce1ba32532,3895121,528,34666213500,34666213700
concurrency_n10_20260613_002350_kafka_feed8_rep1,kafka,sb-events-n10-feed8-rep1,5fe2d08b-ff8c-490e-a3a1-cdcc36200b52,3895113,528,34666235500,34666235700
concurrency_n10_20260613_002350_kafka_feed8_rep1,kafka,sb-events-n10-feed8-rep1,0d44ff91-9591-424e-816c-8b915d80daf7,3895113,528,34676593100,34676593700
concurrency_n10_20260613_002350_kafka_feed8_rep1,kafka,sb-events-n10-feed8-rep1,3ff5ec17-6825-4c77-8e7b-f189cb6ccc31,3895113,528,34682215500,34682215800
concurrency_n10_20260613_002350_kafka_feed8_rep1,kafka,sb-events-n10-feed8-rep1,88a70e2b-aa99-407a-aa6d-9df6e46201fd,3895113,528,34682254900,34682255100
concurrency_n10_20260613_002350_kafka_feed8_rep1,kafka,sb-events-n10-feed8-rep1,426d47f2-1048-4e8d-9436-9cab0f3615e1,3895113,528,34690972500,34690972800
concurrency_n10_20260613_002350_kafka_feed8_rep1,kafka,sb-events-n10-feed8-rep1,40e298c8-d5ab-4313-93d4-027ecac8abd8,3895113,528,34697499900,34697500300
concurrency_n10_20260613_002350_kafka_feed8_rep1,kafka,sb-events-n10-feed8-rep1,47c30f1f-12b0-44fc-a75f-05995691d7f6,3895074,529,34697544800,34697545100
concurrency_n10_20260613_002350_kafka_feed8_rep1,kafka,sb-events-n10-feed8-rep1,76536861-eeb2-425f-874f-b20b0a3fa013,3895074,529,34703387600,34703388000
concurrency_n10_20260613_002350_kafka_feed8_rep1,kafka,sb-events-n10-feed8-rep1,fc85387d-38fe-4e36-af03-f6285d524b11,3895060,529,34711813400,34711813800
concurrency_n10_20260613_002350_kafka_feed8_rep1,kafka,sb-events-n10-feed8-rep1,b2eaa0f5-b277-4aff-ad6d-22048f042d0b,3895107,529,34718540200,34718540700
concurrency_n10_20260613_002350_kafka_feed8_rep1,kafka,sb-events-n10-feed8-rep1,2d1556d4-e7e8-4782-9b7d-9993c28e6f09,3895060,529,34718583300,34718583500
concurrency_n10_20260613_002350_kafka_feed8_rep1,kafka,sb-events-n10-feed8-rep1,4a87053e-de71-4a38-b614-bfa386590bf7,3895060,529,34718606400,34718606600
concurrency_n10_20260613_002350_kafka_feed8_rep1,kafka,sb-events-n10-feed8-rep1,6b4603ff-7dd4-4c70-ab6a-48f688a7fbd4,3895107,529,34727398800,34727399200
concurrency_n10_20260613_002350_kafka_feed8_rep1,kafka,sb-events-n10-feed8-rep1,78163599-662a-4bd1-9dc5-2e67086e5c6a,3895107,529,34733714600,34733715000
concurrency_n10_20260613_002350_kafka_feed8_rep1,kafka,sb-events-n10-feed8-rep1,1a606b94-ccd9-4617-89e4-29166ea76203,3895107,529,34733754000,34733754200
concurrency_n10_20260613_002350_kafka_feed8_rep1,kafka,sb-events-n10-feed8-rep1,f87fad46-6903-4223-bfb4-aa69c8c966cf,3895121,530,34740126900,34740127300
concurrency_n10_20260613_002350_kafka_feed8_rep1,kafka,sb-events-n10-feed8-rep1,679988f1-cad3-4221-ab60-1a56bb0f620f,3895060,530,34748284900,34748285400
concurrency_n10_20260613_002350_kafka_feed8_rep1,kafka,sb-events-n10-feed8-rep1,7130de76-79b4-4847-829f-e93dac87d18e,3895060,530,34748326600,34748326900
concurrency_n10_20260613_002350_kafka_feed8_rep1,kafka,sb-events-n10-feed8-rep1,a2344659-ee5e-4d27-8515-ee8dbb044828,3895060,530,34753902300,34753902600
concurrency_n10_20260613_002350_kafka_feed8_rep1,kafka,sb-events-n10-feed8-rep1,c0a666df-6a6f-4185-8b75-361e7541087e,3895060,531,34759018700,34759019300
concurrency_n10_20260613_002350_kafka_feed8_rep1,kafka,sb-events-n10-feed8-rep1,5ab52d01-14bc-4c14-868c-b48aab97be67,3895113,531,34764394400,34764394700
concurrency_n10_20260613_002350_kafka_feed8_rep1,kafka,sb-events-n10-feed8-rep1,b3d47cba-9dc5-47de-93b1-84861d275008,3895074,532,34770637200,34770637700
concurrency_n10_20260613_002350_kafka_feed8_rep1,kafka,sb-events-n10-feed8-rep1,69f9209e-3c7a-451b-b126-174f4360c8d4,3895074,532,34777054800,34777055200
concurrency_n10_20260613_002350_kafka_feed8_rep1,kafka,sb-events-n10-feed8-rep1,98a0e1f1-d198-470d-a431-5502797ce25c,3895074,532,34777090000,34777090200
concurrency_n10_20260613_002350_kafka_feed8_rep1,kafka,sb-events-n10-feed8-rep1,18dd411d-85f0-4136-b3e7-c5902b8a208e,3895121,532,34784379700,34784380400
concurrency_n10_20260613_002350_kafka_feed8_rep1,kafka,sb-events-n10-feed8-rep1,1dbba64f-83de-49a3-a064-d640469697c6,3895060,532,34789694900,34789695700
concurrency_n10_20260613_002350_kafka_feed8_rep1,kafka,sb-events-n10-feed8-rep1,76565dde-1d43-48fb-b342-6892a1965454,3895121,532,34789736900,34789737100
concurrency_n10_20260613_002350_kafka_feed8_rep1,kafka,sb-events-n10-feed8-rep1,22c0ff40-4176-40d2-822f-e4e1bf865c2f,3895060,532,34794358900,34794359300
concurrency_n10_20260613_002350_kafka_feed8_rep1,kafka,sb-events-n10-feed8-rep1,fa03ef74-4b46-403d-98ea-0574bfa2f274,3895121,533,34799462300,34799462600
concurrency_n10_20260613_002350_kafka_feed8_rep1,kafka,sb-events-n10-feed8-rep1,bd9d976c-88bf-43b4-bb61-670fec26ee77,3895060,533,34805508700,34805509100
concurrency_n10_20260613_002350_kafka_feed8_rep1,kafka,sb-events-n10-feed8-rep1,3b1c82ae-32b8-466f-ac10-2a4a759923a7,3895060,533,34810646700,34810647000
concurrency_n10_20260613_002350_kafka_feed8_rep1,kafka,sb-events-n10-feed8-rep1,a9aeffde-608f-479a-8195-c6cff7363b53,3895060,533,34816308900,34816309300
concurrency_n10_20260613_002350_kafka_feed8_rep1,kafka,sb-events-n10-feed8-rep1,c2ceda69-a891-4f75-bd3a-82ce65de4e03,3895113,533,34823393100,34823393500
concurrency_n10_20260613_002350_kafka_feed8_rep1,kafka,sb-events-n10-feed8-rep1,72210159-6177-452d-b763-5093adc3a0f7,3895113,533,34829806000,34829806500
concurrency_n10_20260613_002350_kafka_feed8_rep1,kafka,sb-events-n10-feed8-rep1,23d76782-ae92-476d-b67f-e83c05ae4f3c,3895074,534,34829855200,34829855400
concurrency_n10_20260613_002350_kafka_feed8_rep1,kafka,sb-events-n10-feed8-rep1,3ae1883b-49e4-4cae-96e1-ebe9f8b86fa4,3895074,534,34837546800,34837547400
concurrency_n10_20260613_002350_kafka_feed8_rep1,kafka,sb-events-n10-feed8-rep1,20793f16-5045-4628-b937-903bd9ddd8b1,3895121,534,34846110700,34846111800
concurrency_n10_20260613_002350_kafka_feed8_rep1,kafka,sb-events-n10-feed8-rep1,b42b431a-7f87-4841-a26c-d062b50fa91c,3895060,534,34853937600,34853938400
concurrency_n10_20260613_002350_kafka_feed8_rep1,kafka,sb-events-n10-feed8-rep1,5206fdc4-e834-4926-8e17-6a35c6efe19b,3895121,534,34854018900,34854019300
concurrency_n10_20260613_002350_kafka_feed8_rep1,kafka,sb-events-n10-feed8-rep1,60ded7c9-9ca6-4c1a-908e-190e034e9b4d,3895060,534,34862001900,34862002400
concurrency_n10_20260613_002350_kafka_feed8_rep1,kafka,sb-events-n10-feed8-rep1,888d4d11-95dc-4569-956a-909e5f4f0c9b,3895113,534,34862044200,34862044500
concurrency_n10_20260613_002350_kafka_feed8_rep1,kafka,sb-events-n10-feed8-rep1,86e59ab8-52a5-47b9-b233-c51919874314,3895074,535,34866898500,34866898900
concurrency_n10_20260613_002350_kafka_feed8_rep1,kafka,sb-events-n10-feed8-rep1,34087afe-8b11-4b18-8077-75d7bf487ab5,3895074,535,34874843100,34874843500
concurrency_n10_20260613_002350_kafka_feed8_rep1,kafka,sb-events-n10-feed8-rep1,e3a7ef47-1c6d-43f8-b980-2e76fe84fca6,3895074,535,34881645700,34881646100
concurrency_n10_20260613_002350_kafka_feed8_rep1,kafka,sb-events-n10-feed8-rep1,1b1f1874-5deb-48ed-a8cc-694f8ef41f93,3895074,535,34881684900,34881685100
concurrency_n10_20260613_002350_kafka_feed8_rep1,kafka,sb-events-n10-feed8-rep1,9243ad22-ffe5-487a-883a-00ca2426cbc6,3895113,535,34888810200,34888810800
concurrency_n10_20260613_002350_kafka_feed8_rep1,kafka,sb-events-n10-feed8-rep1,558471da-7f0c-4323-a8cd-45ac26e02493,3895074,537,34894851100,34894851500
concurrency_n10_20260613_002350_kafka_feed8_rep1,kafka,sb-events-n10-feed8-rep1,97bd1984-aa8c-4314-b0aa-49e019abba86,3895113,537,34903739000,34903739600
concurrency_n10_20260613_002350_kafka_feed8_rep1,kafka,sb-events-n10-feed8-rep1,37769987-c623-49bd-982f-457e7c2c54c6,3895074,537,34903783100,34903783400
concurrency_n10_20260613_002350_kafka_feed8_rep1,kafka,sb-events-n10-feed8-rep1,e14c881c-eaf5-4fd3-a7cc-fe51d1c61611,3895113,537,34910363700,34910364200
concurrency_n10_20260613_002350_kafka_feed8_rep1,kafka,sb-events-n10-feed8-rep1,4ad2f10b-6c5f-4bf4-bd0f-6c774204bbab,3895113,537,34910403500,34910403800
concurrency_n10_20260613_002350_kafka_feed8_rep1,kafka,sb-events-n10-feed8-rep1,eef66377-b49e-423f-a41e-49421e57bb42,3895121,538,34918183400,34918184000
concurrency_n10_20260613_002350_kafka_feed8_rep1,kafka,sb-events-n10-feed8-rep1,86ae382d-4941-4bda-a330-9fe50b114248,3895121,539,34918239700,34918240000
concurrency_n10_20260613_002350_kafka_feed8_rep1,kafka,sb-events-n10-feed8-rep1,0d012ec4-81c4-4764-a774-c4536052a186,3895121,539,34928716400,34928717000
concurrency_n10_20260613_002350_kafka_feed8_rep1,kafka,sb-events-n10-feed8-rep1,28c9e517-2569-4fbc-853a-f074119c9788,3895074,540,34928758900,34928759300
concurrency_n10_20260613_002350_kafka_feed8_rep1,kafka,sb-events-n10-feed8-rep1,e0ca184a-d196-4de5-b7ce-9a4c6e2e2f24,3895113,540,34944233000,34944233400
concurrency_n10_20260613_002350_kafka_feed8_rep1,kafka,sb-events-n10-feed8-rep1,dac6bba1-3eab-4824-b9a3-3f4f36a8eb1e,3895121,541,34944283000,34944283300
concurrency_n10_20260613_002350_kafka_feed8_rep1,kafka,sb-events-n10-feed8-rep1,c31b9cc9-3b1a-44a0-a6f2-be48997538e8,3895113,541,34954603200,34954603500
concurrency_n10_20260613_002350_kafka_feed8_rep1,kafka,sb-events-n10-feed8-rep1,00552043-304e-41f3-bb44-8e748409e117,3895074,542,34954647400,34954647600
concurrency_n10_20260613_002350_kafka_feed8_rep1,kafka,sb-events-n10-feed8-rep1,114a796c-5924-4003-ac98-472f7ece84b0,3895121,543,34965224300,34965226500
concurrency_n10_20260613_002350_kafka_feed8_rep1,kafka,sb-events-n10-feed8-rep1,8edb264a-dc4f-4342-8072-84d76719426f,3895074,542,34965290300,34965290700
concurrency_n10_20260613_002350_kafka_feed8_rep1,kafka,sb-events-n10-feed8-rep1,08a83dc4-fe12-4653-b91c-c46acb3aa1c8,3895121,543,34976807200,34976807800
concurrency_n10_20260613_002350_kafka_feed8_rep1,kafka,sb-events-n10-feed8-rep1,5fc48371-8960-48e0-90bb-39206df20f0e,3895067,543,34976857800,34976858100
concurrency_n10_20260613_002350_kafka_feed8_rep1,kafka,sb-events-n10-feed8-rep1,4ca56301-fb5e-4ff6-87a9-187fd9acd073,3895067,544,34984573600,34984573900
concurrency_n10_20260613_002350_kafka_feed8_rep1,kafka,sb-events-n10-feed8-rep1,195e62ed-d797-42dd-a6a9-d2da586e28e9,3895067,544,34984612100,34984612300
concurrency_n10_20260613_002350_kafka_feed8_rep1,kafka,sb-events-n10-feed8-rep1,c2aaa4f8-586e-4123-a563-f51f104fcb4c,3895067,544,34988446300,34988446900
concurrency_n10_20260613_002350_kafka_feed8_rep1,kafka,sb-events-n10-feed8-rep1,724ad51f-37a2-4fcc-82e3-5343ba152abe,3895067,545,34992985600,34992986500
concurrency_n10_20260613_002350_kafka_feed8_rep1,kafka,sb-events-n10-feed8-rep1,a52b067b-b6ab-4c29-b6aa-3051f76118d3,3895067,545,35002271900,35002272400
concurrency_n10_20260613_002350_kafka_feed8_rep1,kafka,sb-events-n10-feed8-rep1,9be986a7-155e-446d-bf13-33b700facdd7,3895113,545,35008341900,35008342500
concurrency_n10_20260613_002350_kafka_feed8_rep1,kafka,sb-events-n10-feed8-rep1,42521cfa-66d0-4cb6-be10-74dabb6621cb,3895121,546,35012353600,35012353900
concurrency_n10_20260613_002350_kafka_feed8_rep1,kafka,sb-events-n10-feed8-rep1,50a45666-4bd1-4a0f-bb58-5bce15f0c18d,3895067,546,35020093400,35020093800
concurrency_n10_20260613_002350_kafka_feed8_rep1,kafka,sb-events-n10-feed8-rep1,aada797c-0f16-40dd-acda-e63855e0add1,3895052,546,35028726900,35028727400
concurrency_n10_20260613_002350_kafka_feed8_rep1,kafka,sb-events-n10-feed8-rep1,107dcccc-f47a-4cf1-be88-4eed5d83cbfc,3895074,547,35035194300,35035194700
concurrency_n10_20260613_002350_kafka_feed8_rep1,kafka,sb-events-n10-feed8-rep1,917c3cb6-0a99-417e-9d00-2b7464cb3b49,3895121,547,35041191300,35041191900
concurrency_n10_20260613_002350_kafka_feed8_rep1,kafka,sb-events-n10-feed8-rep1,f19133a2-dedc-4b1b-adeb-8191b2f723c1,3895067,547,35049175900,35049176300
concurrency_n10_20260613_002350_kafka_feed8_rep1,kafka,sb-events-n10-feed8-rep1,271ca6ca-d5de-4a63-98ee-15a0e2f5ba41,3895121,547,35049219900,35049220100
concurrency_n10_20260613_002350_kafka_feed8_rep1,kafka,sb-events-n10-feed8-rep1,d4293557-ec93-4548-a9b0-018e9870ecae,3895067,547,35059974300,35059974500
concurrency_n10_20260613_002350_kafka_feed8_rep1,kafka,sb-events-n10-feed8-rep1,0d692cac-82f0-409a-b794-1f98658c9bcc,3895067,547,35060013400,35060013500
concurrency_n10_20260613_002350_kafka_feed8_rep1,kafka,sb-events-n10-feed8-rep1,f2648b2a-5801-4fcd-b48e-4a73735afe58,3895052,547,35060033600,35060033800
concurrency_n10_20260613_002350_kafka_feed8_rep1,kafka,sb-events-n10-feed8-rep1,9f3456ac-f1d6-4bbc-800b-c67a84d2c90b,3895113,547,35063685300,35063685800
concurrency_n10_20260613_002350_kafka_feed8_rep1,kafka,sb-events-n10-feed8-rep1,6e1b36a3-7f86-4ddf-b891-045568d370ff,3895113,547,35075111100,35075111600
concurrency_n10_20260613_002350_kafka_feed8_rep1,kafka,sb-events-n10-feed8-rep1,db616ee1-4697-4630-b0d2-adcfa3f122f8,3895074,548,35090081200,35090081500
concurrency_n10_20260613_002350_kafka_feed8_rep1,kafka,sb-events-n10-feed8-rep1,5e66e5ea-b1e6-4b23-8035-f7f690628de7,3895074,548,35090122100,35090122400
concurrency_n10_20260613_002350_kafka_feed8_rep1,kafka,sb-events-n10-feed8-rep1,35c04d45-7aa6-4dbc-9c71-2236688d2bd9,3895074,548,35097114400,35097114900
concurrency_n10_20260613_002350_kafka_feed8_rep1,kafka,sb-events-n10-feed8-rep1,c76abb45-261c-4d0a-a386-c8faa8ede37e,3895067,548,35104072100,35104072500
concurrency_n10_20260613_002350_kafka_feed8_rep1,kafka,sb-events-n10-feed8-rep1,96274ec9-d7da-481c-af37-5a870a00e846,3895067,548,35112850800,35112851200
concurrency_n10_20260613_002350_kafka_feed8_rep1,kafka,sb-events-n10-feed8-rep1,6aeb0706-ec98-4e40-8b86-5f4a8e50ecda,3895067,548,35119434600,35119435300
concurrency_n10_20260613_002350_kafka_feed8_rep1,kafka,sb-events-n10-feed8-rep1,dc353653-50c1-4683-ba8c-307ffe1b7400,3895052,548,35119482100,35119482200
concurrency_n10_20260613_002350_kafka_feed8_rep1,kafka,sb-events-n10-feed8-rep1,28af6429-8a64-48bb-98d0-87cb8f9b288a,3895052,548,35119506300,35119506500
concurrency_n10_20260613_002350_kafka_feed8_rep1,kafka,sb-events-n10-feed8-rep1,4e5fbf4b-f9e0-498e-94b9-0d444fb51f19,3895067,549,35135454300,35135454700
concurrency_n10_20260613_002350_kafka_feed8_rep1,kafka,sb-events-n10-feed8-rep1,a910d314-abc6-4693-bc9b-c1c459d771b2,3895067,549,35135495400,35135495600
concurrency_n10_20260613_002350_kafka_feed8_rep1,kafka,sb-events-n10-feed8-rep1,eb3bdb0f-c8c1-472c-9297-4f624735f22d,3895095,549,35135517900,35135518200
concurrency_n10_20260613_002350_kafka_feed8_rep1,kafka,sb-events-n10-feed8-rep1,b92da8bd-bffa-4bf9-a7d8-d63457c8bcee,3895095,550,35146017400,35146017800
concurrency_n10_20260613_002350_kafka_feed8_rep1,kafka,sb-events-n10-feed8-rep1,ab99dda8-b45f-497a-8fce-f1d7219d9a6b,3895067,550,35146059500,35146059600
concurrency_n10_20260613_002350_kafka_feed8_rep1,kafka,sb-events-n10-feed8-rep1,fff26681-b31a-4fe7-ad79-73837c1b9ce6,3895052,550,35155020100,35155020700
concurrency_n10_20260613_002350_kafka_feed8_rep1,kafka,sb-events-n10-feed8-rep1,034ad4ab-5822-459a-8e08-0e8ca1983870,3895113,550,35160272400,35160273000
concurrency_n10_20260613_002350_kafka_feed8_rep1,kafka,sb-events-n10-feed8-rep1,f3706411-3b40-4d16-8baf-d7bb9dcd9f63,3895121,551,35169242400,35169243000
concurrency_n10_20260613_002350_kafka_feed8_rep1,kafka,sb-events-n10-feed8-rep1,d40f3696-86be-4b7b-ae08-82ae999c1c43,3895067,551,35180227300,35180227600
concurrency_n10_20260613_002350_kafka_feed8_rep1,kafka,sb-events-n10-feed8-rep1,f17aa964-2944-459b-91aa-eac26dccf3cf,3895067,551,35180283400,35180283700
concurrency_n10_20260613_002350_kafka_feed8_rep1,kafka,sb-events-n10-feed8-rep1,d4ab804e-1b50-4172-9f66-77e04ebcfead,3895067,552,35190898300,35190898700
concurrency_n10_20260613_002350_kafka_feed8_rep1,kafka,sb-events-n10-feed8-rep1,827ed3d9-da89-4e4b-af26-3f6df863306c,3895113,552,35190942200,35190942400
concurrency_n10_20260613_002350_kafka_feed8_rep1,kafka,sb-events-n10-feed8-rep1,a6e3aa18-12ab-4dfd-81dd-505d6521a65a,3895113,552,35190968600,35190969000
concurrency_n10_20260613_002350_kafka_feed8_rep1,kafka,sb-events-n10-feed8-rep1,0a606142-7bb7-473a-b6bd-854622f3677b,3895121,553,35201821700,35201822100
concurrency_n10_20260613_002350_kafka_feed8_rep1,kafka,sb-events-n10-feed8-rep1,2c4d7a1a-42cd-4a7d-92fa-e70688518c50,3895121,553,35201863200,35201863400
concurrency_n10_20260613_002350_kafka_feed8_rep1,kafka,sb-events-n10-feed8-rep1,36e32e50-497d-49b4-85ac-7e59aa279522,3895052,553,35208431100,35208431500
concurrency_n10_20260613_002350_kafka_feed8_rep1,kafka,sb-events-n10-feed8-rep1,25d4de3e-3e2a-4f3c-b5b4-6896dffcf292,3895113,553,35215090700,35215091400
concurrency_n10_20260613_002350_kafka_feed8_rep1,kafka,sb-events-n10-feed8-rep1,3ef44783-dd48-4af3-a84a-d13b92371ec4,3895052,553,35215141400,35215141800
concurrency_n10_20260613_002350_kafka_feed8_rep1,kafka,sb-events-n10-feed8-rep1,d84a6ea0-eb04-49ee-8011-71fbea9094ff,3895113,554,35223372500,35223372900
concurrency_n10_20260613_002350_kafka_feed8_rep1,kafka,sb-events-n10-feed8-rep1,459e933b-3a7b-4903-9846-28f8af49f3b8,3895113,554,35229724500,35229724800
concurrency_n10_20260613_002350_kafka_feed8_rep1,kafka,sb-events-n10-feed8-rep1,7a2e7555-68ea-419c-86aa-bf4dcb78e05c,3895067,555,35237850600,35237851000
concurrency_n10_20260613_002350_kafka_feed8_rep1,kafka,sb-events-n10-feed8-rep1,d85b4617-fc6b-4613-a6c4-f1b2bf1e83f7,3895121,555,35237889400,35237889600
concurrency_n10_20260613_002350_kafka_feed8_rep1,kafka,sb-events-n10-feed8-rep1,3b170f61-0722-4ef0-9378-98882ff08363,3895121,555,35237911300,35237911400
concurrency_n10_20260613_002350_kafka_feed8_rep1,kafka,sb-events-n10-feed8-rep1,37ad6f42-511c-4a7c-acbf-ffdb05343d00,3895067,555,35245624400,35245624900
concurrency_n10_20260613_002350_kafka_feed8_rep1,kafka,sb-events-n10-feed8-rep1,4d65f18f-6c0e-4c7e-a92e-9eddfe918c80,3895113,556,35254769600,35254770000
concurrency_n10_20260613_002350_kafka_feed8_rep1,kafka,sb-events-n10-feed8-rep1,6f68b267-cacb-43af-a94a-b86a7b012586,3895067,557,35254813600,35254813800
concurrency_n10_20260613_002350_kafka_feed8_rep1,kafka,sb-events-n10-feed8-rep1,3608104d-8c99-4ff1-8776-6f10c9aa16f1,3895067,557,35254837800,35254838000
concurrency_n10_20260613_002350_kafka_feed8_rep1,kafka,sb-events-n10-feed8-rep1,960c6c53-3ff0-441f-9839-e525d22ee603,3895067,557,35261060400,35261060700
concurrency_n10_20260613_002350_kafka_feed8_rep1,kafka,sb-events-n10-feed8-rep1,771782c4-84a1-45da-9472-a42a4cdac870,3895052,557,35268827800,35268828200
concurrency_n10_20260613_002350_kafka_feed8_rep1,kafka,sb-events-n10-feed8-rep1,e4703900-92e0-477e-bb89-4874b45fa1aa,3895121,558,35268869600,35268869800
concurrency_n10_20260613_002350_kafka_feed8_rep1,kafka,sb-events-n10-feed8-rep1,f0da8169-c4b7-45fc-8c14-df99f65fa592,3895067,558,35268891300,35268891500
concurrency_n10_20260613_002350_kafka_feed8_rep1,kafka,sb-events-n10-feed8-rep1,ec56ac0a-94da-4bf7-9500-8424d742497f,3895113,558,35276692100,35276692500
concurrency_n10_20260613_002350_kafka_feed8_rep1,kafka,sb-events-n10-feed8-rep1,7e05c347-4251-406d-894c-81b8c0754146,3895113,558,35284521500,35284522100
concurrency_n10_20260613_002350_kafka_feed8_rep1,kafka,sb-events-n10-feed8-rep1,ff7df466-18e4-462c-aca8-68b0b661c050,3895121,559,35284637100,35284637400
concurrency_n10_20260613_002350_kafka_feed8_rep1,kafka,sb-events-n10-feed8-rep1,3abb82ea-6b10-4c94-a8c7-018787b8cfac,3895121,559,35293212900,35293213200
concurrency_n10_20260613_002350_kafka_feed8_rep1,kafka,sb-events-n10-feed8-rep1,35b0c8d9-a0bc-413a-844c-2ad4f48df2e9,3895067,559,35293300300,35293300500
concurrency_n10_20260613_002350_kafka_feed8_rep1,kafka,sb-events-n10-feed8-rep1,2f30fa17-863e-4982-af77-279928d8bf7d,3895052,559,35300917200,35300917700
concurrency_n10_20260613_002350_kafka_feed8_rep1,kafka,sb-events-n10-feed8-rep1,00edadfb-d24e-4eda-b463-ec2eb761a863,3895052,559,35300956600,35300956800
concurrency_n10_20260613_002350_kafka_feed8_rep1,kafka,sb-events-n10-feed8-rep1,774c27ef-4247-40e0-8ef1-d1c415e50681,3895052,559,35305065100,35305065500
concurrency_n10_20260613_002350_kafka_feed8_rep1,kafka,sb-events-n10-feed8-rep1,b1731242-8dfe-4ce0-8f9f-14ea8fab3216,3895113,559,35305109900,35305110300
concurrency_n10_20260613_002350_kafka_feed8_rep1,kafka,sb-events-n10-feed8-rep1,1e564b86-97b7-4d25-8679-fa80ce5aaa80,3895113,559,35316454200,35316454700
concurrency_n10_20260613_002350_kafka_feed8_rep1,kafka,sb-events-n10-feed8-rep1,750e6cda-3390-4817-83ea-ca66bd967062,3895134,560,35330578500,35330578700
concurrency_n10_20260613_002350_kafka_feed8_rep1,kafka,sb-events-n10-feed8-rep1,8b99f53b-121b-43c5-8f44-c9c08aa83bd8,3895134,561,35330618100,35330618300
concurrency_n10_20260613_002350_kafka_feed8_rep1,kafka,sb-events-n10-feed8-rep1,bdf25150-5586-4645-96fc-c8e50cdd82d7,3895113,561,35330639600,35330639800
concurrency_n10_20260613_002350_kafka_feed8_rep1,kafka,sb-events-n10-feed8-rep1,9dca34a8-c117-4b0b-a475-102ac8d30665,3895113,561,35330660500,35330660700
concurrency_n10_20260613_002350_kafka_feed8_rep1,kafka,sb-events-n10-feed8-rep1,86ce68ca-57a3-4495-8309-d66397796e67,3895052,562,35335400400,35335400900
concurrency_n10_20260613_002350_kafka_feed8_rep1,kafka,sb-events-n10-feed8-rep1,33da9109-a7ef-4a4e-a9aa-b0942d42eedb,3895113,561,35335450200,35335450500
concurrency_n10_20260613_002350_kafka_feed8_rep1,kafka,sb-events-n10-feed8-rep1,f42f73e7-ae7d-4683-bf94-dcf6164d5621,3895113,562,35348082300,35348082900
concurrency_n10_20260613_002350_kafka_feed8_rep1,kafka,sb-events-n10-feed8-rep1,b63ba05a-0566-49c9-b015-6bf55a59abb7,3895113,562,35348122400,35348122600
concurrency_n10_20260613_002350_kafka_feed8_rep1,kafka,sb-events-n10-feed8-rep1,282e0578-2dfb-424b-aa7f-f27e530978c6,3895113,562,35359284900,35359285200
concurrency_n10_20260613_002350_kafka_feed8_rep1,kafka,sb-events-n10-feed8-rep1,bbb0feea-68e0-4535-993c-ac50e15abd87,3895113,562,35359327600,35359327800
concurrency_n10_20260613_002350_kafka_feed8_rep1,kafka,sb-events-n10-feed8-rep1,e9972a5d-bd71-4307-8afc-8945594b52b9,3895060,563,35359349900,35359350100
concurrency_n10_20260613_002350_kafka_feed8_rep1,kafka,sb-events-n10-feed8-rep1,ecd29e2b-a31e-4693-9112-e61c9b4704fc,3895134,563,35368537200,35368538100
concurrency_n10_20260613_002350_kafka_feed8_rep1,kafka,sb-events-n10-feed8-rep1,f524e58e-1159-490f-9fd6-5e3be74f43ce,3895067,563,35368584400,35368584700
concurrency_n10_20260613_002350_kafka_feed8_rep1,kafka,sb-events-n10-feed8-rep1,3fb80ec5-a7a4-47b1-ad37-10866e0d0a07,3895067,563,35373936400,35373936900
concurrency_n10_20260613_002350_kafka_feed8_rep1,kafka,sb-events-n10-feed8-rep1,d38152a9-beaf-4baa-a20c-7b9ab30bc942,3895067,563,35373979200,35373979500
concurrency_n10_20260613_002350_kafka_feed8_rep1,kafka,sb-events-n10-feed8-rep1,06db91e0-abb2-46ee-84eb-7d5d5156a3d5,3895052,563,35383491800,35383492200
concurrency_n10_20260613_002350_kafka_feed8_rep1,kafka,sb-events-n10-feed8-rep1,4bd124dd-4b82-4bba-884c-46919b42647d,3895060,564,35383535900,35383536100
concurrency_n10_20260613_002350_kafka_feed8_rep1,kafka,sb-events-n10-feed8-rep1,abc73bc5-baf9-498e-96fd-e2db6a0bb05e,3895060,564,35392598700,35392599100
concurrency_n10_20260613_002350_kafka_feed8_rep1,kafka,sb-events-n10-feed8-rep1,0c2223f4-cd8c-4528-9ef6-35eaa67cab84,3895067,564,35392652500,35392653200
concurrency_n10_20260613_002350_kafka_feed8_rep1,kafka,sb-events-n10-feed8-rep1,609fb6dd-8540-439a-b616-ecabd68f7482,3895113,564,35397807500,35397808000
concurrency_n10_20260613_002350_kafka_feed8_rep1,kafka,sb-events-n10-feed8-rep1,ecbea6bc-c576-452e-b9b9-7cd529b60fd7,3895113,564,35401494400,35401494700
concurrency_n10_20260613_002350_kafka_feed8_rep1,kafka,sb-events-n10-feed8-rep1,f61244dd-1742-467e-816c-849a144abd5c,3895113,564,35409656300,35409656800
concurrency_n10_20260613_002350_kafka_feed8_rep1,kafka,sb-events-n10-feed8-rep1,8a932753-b413-4516-87f0-3dc6ad69a845,3895121,565,35417300600,35417301000
concurrency_n10_20260613_002350_kafka_feed8_rep1,kafka,sb-events-n10-feed8-rep1,692e3ebd-8ed8-4bc6-9715-2adb6d32961d,3895134,565,35422684700,35422685200
concurrency_n10_20260613_002350_kafka_feed8_rep1,kafka,sb-events-n10-feed8-rep1,bb5ed357-d8b5-44a3-8835-b969dba3555c,3895060,565,35422724500,35422724700
concurrency_n10_20260613_002350_kafka_feed8_rep1,kafka,sb-events-n10-feed8-rep1,b317b4ab-591f-4025-b660-69b0b91865c1,3895134,565,35429861500,35429862100
concurrency_n10_20260613_002350_kafka_feed8_rep1,kafka,sb-events-n10-feed8-rep1,554b1c6d-9aee-4611-8ed8-38c7c0c7e8fa,3895134,565,35434068000,35434068500
concurrency_n10_20260613_002350_kafka_feed8_rep1,kafka,sb-events-n10-feed8-rep1,058d670b-2399-456e-8420-862d0b2cf6a7,3895134,565,35439193100,35439194000
concurrency_n10_20260613_002350_kafka_feed8_rep1,kafka,sb-events-n10-feed8-rep1,cf2aab32-f699-444b-b047-595ad92c9e50,3895113,565,35451366800,35451367300
concurrency_n10_20260613_002350_kafka_feed8_rep1,kafka,sb-events-n10-feed8-rep1,ae3dc312-e545-4a15-b0bb-235550514b38,3895060,566,35461150100,35461150600
concurrency_n10_20260613_002350_kafka_feed8_rep1,kafka,sb-events-n10-feed8-rep1,a9be64a4-16aa-46ad-a2e1-7285994613dc,3895060,566,35461202100,35461202400
concurrency_n10_20260613_002350_kafka_feed8_rep1,kafka,sb-events-n10-feed8-rep1,db9f4659-660c-4da5-af41-197ce1cfbcaf,3895121,566,35461234300,35461234600
concurrency_n10_20260613_002350_kafka_feed8_rep1,kafka,sb-events-n10-feed8-rep1,6da8638f-22e2-498a-85c1-05ab2e07b258,3895121,566,35461266000,35461266200
concurrency_n10_20260613_002350_kafka_feed8_rep1,kafka,sb-events-n10-feed8-rep1,435fe1a6-cf5b-494b-a06d-55317e35e187,3895134,566,35467049800,35467050300
concurrency_n10_20260613_002350_kafka_feed8_rep1,kafka,sb-events-n10-feed8-rep1,29a763c8-e688-484b-9faf-cd734436e0a7,3895060,566,35467101100,35467101500
concurrency_n10_20260613_002350_kafka_feed8_rep1,kafka,sb-events-n10-feed8-rep1,49b784a4-5bc8-40cf-8e94-f0a3049b756a,3895134,566,35474395200,35474395600
concurrency_n10_20260613_002350_kafka_feed8_rep1,kafka,sb-events-n10-feed8-rep1,add4c52f-bef3-4f9e-9e3a-9f3b12602dc7,3895134,566,35481196700,35481197300
concurrency_n10_20260613_002350_kafka_feed8_rep1,kafka,sb-events-n10-feed8-rep1,bbad49fb-71c2-4fbf-901a-1295fa8cba46,3895060,567,35481248400,35481248600
concurrency_n10_20260613_002350_kafka_feed8_rep1,kafka,sb-events-n10-feed8-rep1,0d499b61-56d7-444f-b1a1-34ab319882f8,3895067,567,35485495300,35485495800
concurrency_n10_20260613_002350_kafka_feed8_rep1,kafka,sb-events-n10-feed8-rep1,9be861d7-d952-440c-9b03-985be6e791fa,3895067,567,35491610400,35491611000
concurrency_n10_20260613_002350_kafka_feed8_rep1,kafka,sb-events-n10-feed8-rep1,a23bc1ec-70f0-4cee-ac65-c548c161e34c,3895113,567,35500085900,35500086200
concurrency_n10_20260613_002350_kafka_feed8_rep1,kafka,sb-events-n10-feed8-rep1,d6dc199d-fe0f-4dca-873c-666cc4f7580b,3895074,568,35505945000,35505945200
concurrency_n10_20260613_002350_kafka_feed8_rep1,kafka,sb-events-n10-feed8-rep1,1acb9806-886f-4bf8-a858-8b2f3b876ab4,3895113,567,35505982600,35505982800
concurrency_n10_20260613_002350_kafka_feed8_rep1,kafka,sb-events-n10-feed8-rep1,4207d6a4-0228-4577-b031-4d416166a912,3895121,568,35514232000,35514232400
concurrency_n10_20260613_002350_kafka_feed8_rep1,kafka,sb-events-n10-feed8-rep1,b9041f26-493b-437f-a7da-3a6424b43560,3895134,568,35521416300,35521416800
concurrency_n10_20260613_002350_kafka_feed8_rep1,kafka,sb-events-n10-feed8-rep1,4143af48-0f1a-438c-a7af-ab6981596e34,3895074,569,35526546500,35526546900
concurrency_n10_20260613_002350_kafka_feed8_rep1,kafka,sb-events-n10-feed8-rep1,5ecc44df-780b-422c-ba24-37d2b3e2438f,3895074,569,35534468600,35534469200
concurrency_n10_20260613_002350_kafka_feed8_rep1,kafka,sb-events-n10-feed8-rep1,ae9ea283-4d1d-4e4e-ab59-748ba8a34e98,3895121,569,35545421200,35545421700
concurrency_n10_20260613_002350_kafka_feed8_rep1,kafka,sb-events-n10-feed8-rep1,3a16a221-9434-413f-9a6b-0a8fcaac7187,3895074,569,35545485100,35545485400
concurrency_n10_20260613_002350_kafka_feed8_rep1,kafka,sb-events-n10-feed8-rep1,b69cb150-6add-467e-95f5-373f645aec83,3895121,569,35554786600,35554787200
concurrency_n10_20260613_002350_kafka_feed8_rep1,kafka,sb-events-n10-feed8-rep1,e118cc39-f22c-4fd7-8959-0f87ccd83edb,3895121,569,35555304000,35555304500
concurrency_n10_20260613_002350_kafka_feed8_rep1,kafka,sb-events-n10-feed8-rep1,d6277188-5e56-4821-865a-2136185eb9f8,3895134,569,35561836800,35561837200
concurrency_n10_20260613_002350_kafka_feed8_rep1,kafka,sb-events-n10-feed8-rep1,ed41f0d9-2fcc-4f3e-b408-3a6332f3ccc2,3895134,569,35561875500,35561875700
concurrency_n10_20260613_002350_kafka_feed8_rep1,kafka,sb-events-n10-feed8-rep1,62287493-880c-4ed1-8e95-2fc6c48f7406,3895134,569,35570133200,35570133600
concurrency_n10_20260613_002350_kafka_feed8_rep1,kafka,sb-events-n10-feed8-rep1,94695ec3-fd04-4e7d-ad92-32a4b4910c85,3895134,569,35570175000,35570175200
concurrency_n10_20260613_002350_kafka_feed8_rep1,kafka,sb-events-n10-feed8-rep1,498d3916-efb1-4f24-bf9b-394fcf3fb8aa,3895052,569,35577539700,35577540100
concurrency_n10_20260613_002350_kafka_feed8_rep1,kafka,sb-events-n10-feed8-rep1,0c595cc6-c86d-45aa-90be-80aad494ce6e,3895121,570,35588044000,35588044500
concurrency_n10_20260613_002350_kafka_feed8_rep1,kafka,sb-events-n10-feed8-rep1,82a04586-669c-4ea2-99d8-ed5037368a1d,3895113,569,35588086000,35588086200
concurrency_n10_20260613_002350_kafka_feed8_rep1,kafka,sb-events-n10-feed8-rep1,12e6e67d-9811-4ba0-a908-f5a04b6d09cf,3895067,570,35594831000,35594831500
concurrency_n10_20260613_002350_kafka_feed8_rep1,kafka,sb-events-n10-feed8-rep1,aeab8653-2c7c-48d1-8e69-a7f408f6ebe0,3895134,570,35600866300,35600866600
concurrency_n10_20260613_002350_kafka_feed8_rep1,kafka,sb-events-n10-feed8-rep1,ba2fee64-0a6b-4776-95ed-f065ac49eff6,3895134,570,35600908000,35600908200
concurrency_n10_20260613_002350_kafka_feed8_rep1,kafka,sb-events-n10-feed8-rep1,544cac47-5c40-405d-b6d0-62165e550723,3895113,570,35607773100,35607773500
concurrency_n10_20260613_002350_kafka_feed8_rep1,kafka,sb-events-n10-feed8-rep1,715129f6-aac2-40bb-9334-8c49a26fc045,3895121,571,35616164500,35616165100
concurrency_n10_20260613_002350_kafka_feed8_rep1,kafka,sb-events-n10-feed8-rep1,8b305c0c-e9f9-4e2d-bcaa-23e4552182a9,3895121,571,35616231400,35616231800
concurrency_n10_20260613_002350_kafka_feed8_rep1,kafka,sb-events-n10-feed8-rep1,7dcc71fb-6a76-4e95-9839-a311460a34bd,3895121,571,35622725900,35622726400
concurrency_n10_20260613_002350_kafka_feed8_rep1,kafka,sb-events-n10-feed8-rep1,bbdc363f-ddad-4a3c-b497-24be542c3737,3895067,571,35622776500,35622776800
concurrency_n10_20260613_002350_kafka_feed8_rep1,kafka,sb-events-n10-feed8-rep1,7220c3ce-1994-4b3e-b8ad-820ec2f7be2d,3895067,571,35631039000,35631039700
concurrency_n10_20260613_002350_kafka_feed8_rep1,kafka,sb-events-n10-feed8-rep1,a3d79461-7ba9-4564-9c6d-897f19ef3a64,3895134,571,35631078100,35631078400
concurrency_n10_20260613_002350_kafka_feed8_rep1,kafka,sb-events-n10-feed8-rep1,29363af0-2353-4423-b976-37fa82d94740,3895134,571,35637813000,35637813500
concurrency_n10_20260613_002350_kafka_feed8_rep1,kafka,sb-events-n10-feed8-rep1,e838d752-a46c-4ab6-b347-0f20bebe3fa9,3895052,571,35637854200,35637854400
concurrency_n10_20260613_002350_kafka_feed8_rep1,kafka,sb-events-n10-feed8-rep1,88975cca-31fe-4a50-b622-4fb93865a601,3895052,571,35647041900,35647042400
concurrency_n10_20260613_002350_kafka_feed8_rep1,kafka,sb-events-n10-feed8-rep1,1db38ded-2eec-4ccc-952c-59dbc482485a,3895074,572,35647096300,35647096700
concurrency_n10_20260613_002350_kafka_feed8_rep1,kafka,sb-events-n10-feed8-rep1,9a741e55-d2cd-45fc-823d-7d38ae02b3f6,3895121,572,35655329200,35655329800
concurrency_n10_20260613_002350_kafka_feed8_rep1,kafka,sb-events-n10-feed8-rep1,6cf6ed29-f0fe-46e6-8365-74b2cf732543,3895121,572,35655459100,35655459500
concurrency_n10_20260613_002350_kafka_feed8_rep1,kafka,sb-events-n10-feed8-rep1,43d43481-ebe4-4d6e-8388-55250d1a3131,3895134,572,35665251300,35665251800
concurrency_n10_20260613_002350_kafka_feed8_rep1,kafka,sb-events-n10-feed8-rep1,55234fec-33e8-446b-9245-ce746400f97f,3895134,572,35665359600,35665360200
concurrency_n10_20260613_002350_kafka_feed8_rep1,kafka,sb-events-n10-feed8-rep1,ab509877-2fc3-4aa9-8158-d1f5ebe8da6d,3895052,572,35677250800,35677251300
concurrency_n10_20260613_002350_kafka_feed8_rep1,kafka,sb-events-n10-feed8-rep1,fd52e903-b306-4c1c-a68f-dcdcf71fef24,3895134,572,35677356700,35677357100
concurrency_n10_20260613_002350_kafka_feed8_rep1,kafka,sb-events-n10-feed8-rep1,943ef8eb-5292-4c53-8072-91c657571f42,3895052,572,35686198700,35686199000
concurrency_n10_20260613_002350_kafka_feed8_rep1,kafka,sb-events-n10-feed8-rep1,d5b4c99c-7c16-47cf-b5b3-c48c1d852fd8,3895121,573,35686242400,35686242600
concurrency_n10_20260613_002350_kafka_feed8_rep1,kafka,sb-events-n10-feed8-rep1,3ea8a716-0bb8-43be-b33c-dfa6014257ac,3895074,573,35686265600,35686265800
concurrency_n10_20260613_002350_kafka_feed8_rep1,kafka,sb-events-n10-feed8-rep1,f9b530b9-7dc4-48e9-bf73-ced6b0b1925a,3895134,573,35692952700,35692953000
concurrency_n10_20260613_002350_kafka_feed8_rep1,kafka,sb-events-n10-feed8-rep1,249bd339-ce23-492c-b3cf-b7214716e130,3895067,573,35692992200,35692992500
concurrency_n10_20260613_002350_kafka_feed8_rep1,kafka,sb-events-n10-feed8-rep1,fb1a9369-b9d5-4fd7-ac71-aa651f0168e9,3895052,573,35699732500,35699733000
concurrency_n10_20260613_002350_kafka_feed8_rep1,kafka,sb-events-n10-feed8-rep1,2dda5918-4209-4100-960e-e3edb058d48d,3895052,573,35699831800,35699832000
concurrency_n10_20260613_002350_kafka_feed8_rep1,kafka,sb-events-n10-feed8-rep1,1dae3789-5635-4d14-80fc-efd3c40db3b5,3895052,573,35706527900,35706528400
concurrency_n10_20260613_002350_kafka_feed8_rep1,kafka,sb-events-n10-feed8-rep1,0bcbb1c4-b220-4298-9847-5f821da04e9a,3895113,573,35710686600,35710687300
concurrency_n10_20260613_002350_kafka_feed8_rep1,kafka,sb-events-n10-feed8-rep1,8d5e711c-8993-4de5-ac7a-7ebccc01baf8,3895113,573,35716325900,35716326400
concurrency_n10_20260613_002350_kafka_feed8_rep1,kafka,sb-events-n10-feed8-rep1,f9c117a9-8333-4dca-8508-4cd6b1ed4bf7,3895074,574,35723376100,35723376600
concurrency_n10_20260613_002350_kafka_feed8_rep1,kafka,sb-events-n10-feed8-rep1,fec8d35a-02e4-4e46-99cd-8782881124ea,3895074,574,35723428700,35723429100
concurrency_n10_20260613_002350_kafka_feed8_rep1,kafka,sb-events-n10-feed8-rep1,ae054521-50e4-4650-88dc-56beb4f776e6,3895074,574,35728748100,35728748500
concurrency_n10_20260613_002350_kafka_feed8_rep1,kafka,sb-events-n10-feed8-rep1,e7ab799d-7eea-4ae5-a2e6-46a4ad5a46ed,3895074,574,35731914500,35731914800
concurrency_n10_20260613_002350_kafka_feed8_rep1,kafka,sb-events-n10-feed8-rep1,2ab1b2f9-6737-4a08-885e-10b6be2bb13c,3895121,574,35741425800,35741426200
concurrency_n10_20260613_002350_kafka_feed8_rep1,kafka,sb-events-n10-feed8-rep1,d8d8428e-76c9-4881-b4ed-0b13a72e0565,3895121,574,35745863400,35745864400
concurrency_n10_20260613_002350_kafka_feed8_rep1,kafka,sb-events-n10-feed8-rep1,596f2d53-66d8-4a23-b0a3-94edc6df8281,3895067,574,35745903800,35745904000
concurrency_n10_20260613_002350_kafka_feed8_rep1,kafka,sb-events-n10-feed8-rep1,8c02596a-6342-4489-8bbd-b18c0c84026a,3895067,574,35750849500,35750850200
concurrency_n10_20260613_002350_kafka_feed8_rep1,kafka,sb-events-n10-feed8-rep1,a3349cce-9229-41e9-8ccc-a5efc421a6f2,3895134,574,35759173300,35759174300
concurrency_n10_20260613_002350_kafka_feed8_rep1,kafka,sb-events-n10-feed8-rep1,4acfe84d-7381-4822-a218-7728e9b84f0f,3895134,574,35764863700,35764864200
concurrency_n10_20260613_002350_kafka_feed8_rep1,kafka,sb-events-n10-feed8-rep1,44e48928-bcd2-425d-bcd2-88b4b3e10764,3895134,574,35764915500,35764915900
concurrency_n10_20260613_002350_kafka_feed8_rep1,kafka,sb-events-n10-feed8-rep1,8b90acda-680a-4983-88c4-e77ee2e520d2,3895052,574,35770932300,35770933000
concurrency_n10_20260613_002350_kafka_feed8_rep1,kafka,sb-events-n10-feed8-rep1,2b5f9db5-ec05-4a07-a5f4-075a0ae73ace,3895086,574,35771065200,35771065700
concurrency_n10_20260613_002350_kafka_feed8_rep1,kafka,sb-events-n10-feed8-rep1,7199c049-130c-485e-8717-eed79cf6473e,3895052,574,35776887100,35776887600
concurrency_n10_20260613_002350_kafka_feed8_rep1,kafka,sb-events-n10-feed8-rep1,12f5d714-255c-4b77-b547-77df0d331ded,3895113,574,35788163000,35788163800
concurrency_n10_20260613_002350_kafka_feed8_rep1,kafka,sb-events-n10-feed8-rep1,19395768-0b78-473c-b1b1-61eda33bc094,3895113,574,35795631600,35795631900
concurrency_n10_20260613_002350_kafka_feed8_rep1,kafka,sb-events-n10-feed8-rep1,74bcdb7e-b4a3-40c3-8702-ef661db0155a,3895121,575,35795670900,35795671100
concurrency_n10_20260613_002350_kafka_feed8_rep1,kafka,sb-events-n10-feed8-rep1,485c6144-6361-4d77-a04e-9c1ed63426f0,3895107,575,35802800000,35802800700
concurrency_n10_20260613_002350_kafka_feed8_rep1,kafka,sb-events-n10-feed8-rep1,6efe26ce-d9e7-4d1c-9b78-3fa828b115be,3895074,576,35810285200,35810285600
concurrency_n10_20260613_002350_kafka_feed8_rep1,kafka,sb-events-n10-feed8-rep1,d5ebcc59-0d70-4f75-be32-b9bf306ede6d,3895121,576,35819139800,35819140300
concurrency_n10_20260613_002350_kafka_feed8_rep1,kafka,sb-events-n10-feed8-rep1,ac26105e-fbcb-4f13-9b1d-a042b7bbb33b,3895121,576,35819186300,35819186500
concurrency_n10_20260613_002350_kafka_feed8_rep1,kafka,sb-events-n10-feed8-rep1,2192e17c-695d-4241-ad3a-adb09073f21b,3895121,576,35824884600,35824885000
concurrency_n10_20260613_002350_kafka_feed8_rep1,kafka,sb-events-n10-feed8-rep1,8dda5da9-19e2-4ea6-ab79-a0867e90239c,3895095,577,35836040100,35836040700
concurrency_n10_20260613_002350_kafka_feed8_rep1,kafka,sb-events-n10-feed8-rep1,fe9872b2-9d59-431d-a963-6c10708ce1da,3895067,576,35836081900,35836082200
concurrency_n10_20260613_002350_kafka_feed8_rep1,kafka,sb-events-n10-feed8-rep1,5ec70097-2e02-49bb-9982-c006e40c1594,3895086,576,35836104300,35836104500
concurrency_n10_20260613_002350_kafka_feed8_rep1,kafka,sb-events-n10-feed8-rep1,330d23cc-c68b-4abb-93b1-62511656376a,3895074,577,35843685100,35843685600
concurrency_n10_20260613_002350_kafka_feed8_rep1,kafka,sb-events-n10-feed8-rep1,1d9edec0-5b27-45ad-96af-ada428ee719d,3895074,577,35848711900,35848712500
concurrency_n10_20260613_002350_kafka_feed8_rep1,kafka,sb-events-n10-feed8-rep1,6eb1a20d-8605-47f7-a06c-978069a3e269,3895121,577,35855634500,35855635000
concurrency_n10_20260613_002350_kafka_feed8_rep1,kafka,sb-events-n10-feed8-rep1,1e0d08d8-5dad-4be4-8e3d-b29725e55eb2,3895121,577,35855677500,35855677700
concurrency_n10_20260613_002350_kafka_feed8_rep1,kafka,sb-events-n10-feed8-rep1,9027b7b2-378a-4f24-a52f-05c83d32d245,3895107,577,35860290400,35860290900
concurrency_n10_20260613_002350_kafka_feed8_rep1,kafka,sb-events-n10-feed8-rep1,82b64c2b-7393-440f-bc6b-a47e02f6b722,3895107,577,35866405800,35866406300
concurrency_n10_20260613_002350_kafka_feed8_rep1,kafka,sb-events-n10-feed8-rep1,3501862c-2758-4201-a40b-b95d554e6457,3895107,577,35866515000,35866515400
concurrency_n10_20260613_002350_kafka_feed8_rep1,kafka,sb-events-n10-feed8-rep1,c7f7e256-15ad-4c70-988c-b1ea0c3e1771,3895086,577,35877011900,35877012300
concurrency_n10_20260613_002350_kafka_feed8_rep1,kafka,sb-events-n10-feed8-rep1,9504210d-0a74-4674-87d1-40e9820a7635,3895052,577,35883289600,35883290200
concurrency_n10_20260613_002350_kafka_feed8_rep1,kafka,sb-events-n10-feed8-rep1,d6e3276d-1d76-459b-bdaa-285f24adb999,3895113,577,35883334800,35883335100
concurrency_n10_20260613_002350_kafka_feed8_rep1,kafka,sb-events-n10-feed8-rep1,8d663b5e-05b6-4fe3-982b-e6ccdb91ac07,3895113,577,35892304900,35892305100
concurrency_n10_20260613_002350_kafka_feed8_rep1,kafka,sb-events-n10-feed8-rep1,c1e37455-ff85-42ac-ba62-7ddcb5049d00,3895067,578,35897713000,35897713400
concurrency_n10_20260613_002350_kafka_feed8_rep1,kafka,sb-events-n10-feed8-rep1,514df5c9-615b-4951-87a5-600e1487f35c,3895107,578,35897753600,35897753800
concurrency_n10_20260613_002350_kafka_feed8_rep1,kafka,sb-events-n10-feed8-rep1,1acaf70d-3037-4637-8830-b34157ea49f4,3895067,578,35905132400,35905133000
concurrency_n10_20260613_002350_kafka_feed8_rep1,kafka,sb-events-n10-feed8-rep1,fd006d44-2ee6-445a-aa8a-393b20bcff1c,3895074,579,35905173200,35905173400
concurrency_n10_20260613_002350_kafka_feed8_rep1,kafka,sb-events-n10-feed8-rep1,b61fab98-a6e0-4a32-b7e7-883f80a70d36,3895121,579,35915499300,35915499800
concurrency_n10_20260613_002350_kafka_feed8_rep1,kafka,sb-events-n10-feed8-rep1,f3a33620-83eb-4f9d-93b8-8f12b8874b10,3895067,579,35922021400,35922021700
concurrency_n10_20260613_002350_kafka_feed8_rep1,kafka,sb-events-n10-feed8-rep1,a4dbeb96-2862-4c2b-93f8-b996f946ed69,3895067,579,35922056300,35922056500
concurrency_n10_20260613_002350_kafka_feed8_rep1,kafka,sb-events-n10-feed8-rep1,de736173-7b94-48a1-9b15-3e529c34349b,3895067,579,35930448500,35930449400
concurrency_n10_20260613_002350_kafka_feed8_rep1,kafka,sb-events-n10-feed8-rep1,399fcced-37b1-496e-969f-d2568e5dda43,3895086,579,35938630900,35938631500
concurrency_n10_20260613_002350_kafka_feed8_rep1,kafka,sb-events-n10-feed8-rep1,f00d1a0d-3f91-4487-88ab-397cee279024,3895052,579,35945752400,35945752900
concurrency_n10_20260613_002350_kafka_feed8_rep1,kafka,sb-events-n10-feed8-rep1,44936a01-9dbe-4db5-b92e-14f4b4229339,3895052,579,35954126900,35954127300
concurrency_n10_20260613_002350_kafka_feed8_rep1,kafka,sb-events-n10-feed8-rep1,0fb7f4fe-944a-4419-84e5-274e4c29cb41,3895052,579,35954193000,35954193200
concurrency_n10_20260613_002350_kafka_feed8_rep1,kafka,sb-events-n10-feed8-rep1,26926823-2671-44ab-a8b0-79cebc31dac5,3895095,580,35959634700,35959635400
concurrency_n10_20260613_002350_kafka_feed8_rep1,kafka,sb-events-n10-feed8-rep1,06f17fd1-cb74-4096-8974-2340bfe25f2d,3895095,580,35967104500,35967105000
concurrency_n10_20260613_002350_kafka_feed8_rep1,kafka,sb-events-n10-feed8-rep1,03878179-d332-4d06-b754-b72c00c252be,3895074,580,35967146700,35967146900
concurrency_n10_20260613_002350_kafka_feed8_rep1,kafka,sb-events-n10-feed8-rep1,47c6df2d-d37a-4e2b-b740-93b358bdd219,3895074,580,35972669400,35972669900
concurrency_n10_20260613_002350_kafka_feed8_rep1,kafka,sb-events-n10-feed8-rep1,2afc41b2-4d4a-4d1e-937c-5240c039f51d,3895121,580,35978117400,35978118100
concurrency_n10_20260613_002350_kafka_feed8_rep1,kafka,sb-events-n10-feed8-rep1,6d1f2668-9ae8-42cb-b2d7-b6f477fa210e,3895121,580,35984101700,35984102300
concurrency_n10_20260613_002350_kafka_feed8_rep1,kafka,sb-events-n10-feed8-rep1,c2905112-a6a1-4371-99a0-b3c99454cc7b,3895067,580,35988001100,35988001500
concurrency_n10_20260613_002350_kafka_feed8_rep1,kafka,sb-events-n10-feed8-rep1,07161a20-941d-47d1-91f5-1e46df08ae8f,3895086,580,35996552700,35996553200
concurrency_n10_20260613_002350_kafka_feed8_rep1,kafka,sb-events-n10-feed8-rep1,6e774bb4-a1e1-4dfa-98e0-3a901ceb87fd,3895086,580,36000044200,36000044700
concurrency_n10_20260613_002350_kafka_feed8_rep1,kafka,sb-events-n10-feed8-rep1,26bc86da-748c-461a-82a8-48cfafcb8b23,3895113,580,36000083000,36000083200
concurrency_n10_20260613_002350_kafka_feed8_rep1,kafka,sb-events-n10-feed8-rep1,3e16077f-8888-4a37-9f41-aaf81610729c,3895113,580,36011089400,36011089700
concurrency_n10_20260613_002350_kafka_feed8_rep1,kafka,sb-events-n10-feed8-rep1,126d8b10-79d0-4513-b666-aa12d29b5919,3895113,580,36022835800,36022836400
concurrency_n10_20260613_002350_kafka_feed8_rep1,kafka,sb-events-n10-feed8-rep1,aaf8057c-333d-4648-9307-2648b6b38225,3895121,581,36022881200,36022881500
concurrency_n10_20260613_002350_kafka_feed8_rep1,kafka,sb-events-n10-feed8-rep1,a13bf632-3dbd-469c-a5cf-bb14853ea364,3895095,582,36022905400,36022905600
concurrency_n10_20260613_002350_kafka_feed8_rep1,kafka,sb-events-n10-feed8-rep1,15708b87-1ca9-489a-9fa0-ece9c6c24d40,3895095,582,36030564800,36030565500
concurrency_n10_20260613_002350_kafka_feed8_rep1,kafka,sb-events-n10-feed8-rep1,e8e057c1-643b-4f62-aac5-d4e64d879faa,3895074,582,36030608500,36030608800
concurrency_n10_20260613_002350_kafka_feed8_rep1,kafka,sb-events-n10-feed8-rep1,407a488f-1875-42e4-8467-91a113a9ca14,3895121,582,36030633900,36030634100
concurrency_n10_20260613_002350_kafka_feed8_rep1,kafka,sb-events-n10-feed8-rep1,f3d4cb1e-d5ae-4ed8-b435-5bf99155b9d1,3895067,582,36037603300,36037603800
concurrency_n10_20260613_002350_kafka_feed8_rep1,kafka,sb-events-n10-feed8-rep1,8af7f37f-0855-4c04-8ab2-2b8022f0301a,3895121,582,36037700000,36037700200
concurrency_n10_20260613_002350_kafka_feed8_rep1,kafka,sb-events-n10-feed8-rep1,a52e8dda-066e-4fab-ac60-e599fb9146b9,3895067,582,36045456300,36045456900
concurrency_n10_20260613_002350_kafka_feed8_rep1,kafka,sb-events-n10-feed8-rep1,654b5170-715f-4121-b1a4-1b2fa6d41363,3895113,582,36054437000,36054437600
concurrency_n10_20260613_002350_kafka_feed8_rep1,kafka,sb-events-n10-feed8-rep1,8002ac93-fea2-48c7-a08e-89645a85ed71,3895095,583,36054485300,36054485600
concurrency_n10_20260613_002350_kafka_feed8_rep1,kafka,sb-events-n10-feed8-rep1,6a1ac214-62a2-464d-8e27-b542815426b9,3895052,582,36054508800,36054509000
concurrency_n10_20260613_002350_kafka_feed8_rep1,kafka,sb-events-n10-feed8-rep1,d163cfe2-ca06-4dfc-a6f1-b93b3c6968aa,3895095,583,36061295600,36061296100
concurrency_n10_20260613_002350_kafka_feed8_rep1,kafka,sb-events-n10-feed8-rep1,2bc6ac86-5796-4188-938a-a55395c05826,3895074,583,36064516900,36064517400
concurrency_n10_20260613_002350_kafka_feed8_rep1,kafka,sb-events-n10-feed8-rep1,df464102-1945-47e6-9b71-2d042cca530d,3895074,583,36069443600,36069443900
concurrency_n10_20260613_002350_kafka_feed8_rep1,kafka,sb-events-n10-feed8-rep1,bd14667d-5e2c-413d-808f-3c81cce91e4e,3895121,583,36074618600,36074618900
concurrency_n10_20260613_002350_kafka_feed8_rep1,kafka,sb-events-n10-feed8-rep1,5f3b5117-1fa6-43b6-95f2-4100eddf6b91,3895095,584,36080374700,36080375200
concurrency_n10_20260613_002350_kafka_feed8_rep1,kafka,sb-events-n10-feed8-rep1,25817096-b252-46b1-afcb-457f6547860c,3895095,584,36080417200,36080417500
concurrency_n10_20260613_002350_kafka_feed8_rep1,kafka,sb-events-n10-feed8-rep1,6dacc37b-35b7-48c3-bf50-20da75990c64,3895095,584,36089225200,36089225600
concurrency_n10_20260613_002350_kafka_feed8_rep1,kafka,sb-events-n10-feed8-rep1,2be6cb1e-6475-475d-8e73-3d17196b4796,3895121,584,36094257600,36094258000
concurrency_n10_20260613_002350_kafka_feed8_rep1,kafka,sb-events-n10-feed8-rep1,e8e97225-a503-4f1c-9084-dad448ad351a,3895121,584,36098781700,36098782200
concurrency_n10_20260613_002350_kafka_feed8_rep1,kafka,sb-events-n10-feed8-rep1,a99b1edb-17d3-4eac-9643-4a93f7607844,3895086,584,36104288900,36104289500
concurrency_n10_20260613_002350_kafka_feed8_rep1,kafka,sb-events-n10-feed8-rep1,dee82969-8747-49e7-b33f-2584cb83a6ec,3895052,584,36112163400,36112163800
concurrency_n10_20260613_002350_kafka_feed8_rep1,kafka,sb-events-n10-feed8-rep1,41c5b82d-9c22-40ee-8306-d16f4e77e6cb,3895052,584,36118521700,36118522200
concurrency_n10_20260613_002350_kafka_feed8_rep1,kafka,sb-events-n10-feed8-rep1,b2c8c6d5-4526-47af-8161-be9a5bc3ffe8,3895095,585,36124756300,36124756600
concurrency_n10_20260613_002350_kafka_feed8_rep1,kafka,sb-events-n10-feed8-rep1,c039c599-0593-4656-9076-4022b598a10a,3895095,585,36131642000,36131642300
concurrency_n10_20260613_002350_kafka_feed8_rep1,kafka,sb-events-n10-feed8-rep1,e31d3d1a-a15c-40b5-9da2-932a37570abf,3895074,585,36138953000,36138953500
concurrency_n10_20260613_002350_kafka_feed8_rep1,kafka,sb-events-n10-feed8-rep1,934c6929-d98f-469a-b9a5-d811df5d6196,3895067,585,36138997300,36138997500
concurrency_n10_20260613_002350_kafka_feed8_rep1,kafka,sb-events-n10-feed8-rep1,cea9fbf0-e6ce-4511-b252-51e223ac9f03,3895086,585,36142707100,36142707700
concurrency_n10_20260613_002350_kafka_feed8_rep1,kafka,sb-events-n10-feed8-rep1,eaadf129-ba27-43ce-9517-0e27218d35dc,3895121,586,36147342300,36147342700
concurrency_n10_20260613_002350_kafka_feed8_rep1,kafka,sb-events-n10-feed8-rep1,ccbe3f4d-4aa9-4caa-86e1-0f6dd610eaec,3895067,586,36147380100,36147380300
concurrency_n10_20260613_002350_kafka_feed8_rep1,kafka,sb-events-n10-feed8-rep1,53084186-3b2c-4728-aa37-ece7042f5bf8,3895067,586,36153671800,36153672200
concurrency_n10_20260613_002350_kafka_feed8_rep1,kafka,sb-events-n10-feed8-rep1,4a31e5db-6985-4e82-9277-c5b4346ee03e,3895086,586,36165873600,36165874000
concurrency_n10_20260613_002350_kafka_feed8_rep1,kafka,sb-events-n10-feed8-rep1,d4698e93-767a-4a04-9b43-145c313dc583,3895074,587,36173654500,36173655000
concurrency_n10_20260613_002350_kafka_feed8_rep1,kafka,sb-events-n10-feed8-rep1,aa0f6ad4-6b9a-490a-aac9-de3727a54e95,3895121,587,36181449700,36181450100
concurrency_n10_20260613_002350_kafka_feed8_rep1,kafka,sb-events-n10-feed8-rep1,28ee7bbf-019d-48d7-982b-8ef8460fa8cf,3895074,587,36181490700,36181491000
concurrency_n10_20260613_002350_kafka_feed8_rep1,kafka,sb-events-n10-feed8-rep1,c2b60be5-8a97-4f3a-91f1-56b4a00cb397,3895121,587,36187827800,36187828200
concurrency_n10_20260613_002350_kafka_feed8_rep1,kafka,sb-events-n10-feed8-rep1,c5bbefc4-2220-4ef9-951b-46c03379a3fd,3895121,587,36187907900,36187908000
concurrency_n10_20260613_002350_kafka_feed8_rep1,kafka,sb-events-n10-feed8-rep1,a359b301-ff67-407b-8c92-0a2981771d6a,3895067,587,36192061100,36192061500
concurrency_n10_20260613_002350_kafka_feed8_rep1,kafka,sb-events-n10-feed8-rep1,01b2c475-8bfa-4408-a256-4b578f8cba11,3895052,587,36199056100,36199056600
concurrency_n10_20260613_002350_kafka_feed8_rep1,kafka,sb-events-n10-feed8-rep1,93cdfde4-d905-419e-970c-66838f08b789,3895095,588,36204847500,36204848000
concurrency_n10_20260613_002350_kafka_feed8_rep1,kafka,sb-events-n10-feed8-rep1,0007e05d-1ecd-4a27-9e6c-0176a558137b,3895095,588,36214291800,36214292400
concurrency_n10_20260613_002350_kafka_feed8_rep1,kafka,sb-events-n10-feed8-rep1,01f933ec-0422-411a-ba65-50c62b560327,3895074,588,36214330600,36214330800
concurrency_n10_20260613_002350_kafka_feed8_rep1,kafka,sb-events-n10-feed8-rep1,df05a7fa-61cf-4637-ac5a-dd71ecc74a46,3895074,588,36214351800,36214351900
concurrency_n10_20260613_002350_kafka_feed8_rep1,kafka,sb-events-n10-feed8-rep1,2d16c691-e38a-4070-8977-ba0a8f0062a6,3895121,588,36220776900,36220777400
concurrency_n10_20260613_002350_kafka_feed8_rep1,kafka,sb-events-n10-feed8-rep1,2d6de105-3c8e-46f8-aba1-2ca82db5db75,3895121,588,36230935300,36230936200
concurrency_n10_20260613_002350_kafka_feed8_rep1,kafka,sb-events-n10-feed8-rep1,ad3c7cfe-990e-48e0-a5b6-07324d7dffdf,3895121,588,36230985200,36230985600
concurrency_n10_20260613_002350_kafka_feed8_rep1,kafka,sb-events-n10-feed8-rep1,01f77ba8-732f-460e-9843-000fe8c22e88,3895134,588,36248565600,36248566000
concurrency_n10_20260613_002350_kafka_feed8_rep1,kafka,sb-events-n10-feed8-rep1,9a87f887-e1e8-4e56-a787-b33541d656b2,3895121,588,36248620200,36248620500
concurrency_n10_20260613_002350_kafka_feed8_rep1,kafka,sb-events-n10-feed8-rep1,ce1f7616-723f-4d2e-976c-217ce8af7dfc,3895052,588,36248640700,36248640900
concurrency_n10_20260613_002350_kafka_feed8_rep1,kafka,sb-events-n10-feed8-rep1,1799529b-9648-4fc6-b554-538c995a3d7b,3895052,588,36257256400,36257257000
concurrency_n10_20260613_002350_kafka_feed8_rep1,kafka,sb-events-n10-feed8-rep1,8273b7db-96ad-41d7-bad6-a79c3a73f8bd,3895113,588,36257306000,36257307000
concurrency_n10_20260613_002350_kafka_feed8_rep1,kafka,sb-events-n10-feed8-rep1,e1645f19-ebe2-44a2-afb4-0f6694777739,3895134,589,36257336000,36257336300
concurrency_n10_20260613_002350_kafka_feed8_rep1,kafka,sb-events-n10-feed8-rep1,809cb891-65b3-4382-be9b-2c923fb09941,3895134,589,36266115300,36266115700
concurrency_n10_20260613_002350_kafka_feed8_rep1,kafka,sb-events-n10-feed8-rep1,4fb2ce2e-ae99-47be-8835-d4fe76a81a1e,3895067,589,36266154300,36266154500
concurrency_n10_20260613_002350_kafka_feed8_rep1,kafka,sb-events-n10-feed8-rep1,c4106ee7-bccf-4d7c-96b1-66bdf3556775,3895067,589,36272782400,36272783100
concurrency_n10_20260613_002350_kafka_feed8_rep1,kafka,sb-events-n10-feed8-rep1,3d089aa7-d69e-4513-b9b4-bd51df20dd3f,3895067,589,36272820500,36272820700
concurrency_n10_20260613_002350_kafka_feed8_rep1,kafka,sb-events-n10-feed8-rep1,fd572d23-148f-4dee-82da-ff57f4613bc3,3895113,589,36280809700,36280810300
concurrency_n10_20260613_002350_kafka_feed8_rep1,kafka,sb-events-n10-feed8-rep1,dfedbad8-ed5f-4886-9f1a-8e785565e557,3895095,590,36287199000,36287199500
concurrency_n10_20260613_002350_kafka_feed8_rep1,kafka,sb-events-n10-feed8-rep1,e0e51306-6abb-4869-9b4f-b78bfef48a64,3895095,590,36293653000,36293653500
concurrency_n10_20260613_002350_kafka_feed8_rep1,kafka,sb-events-n10-feed8-rep1,7e4dbf65-c4de-4920-b670-7ee27db2791e,3895095,590,36293694700,36293695000
concurrency_n10_20260613_002350_kafka_feed8_rep1,kafka,sb-events-n10-feed8-rep1,274a4919-849b-41ff-a8db-95719055d98f,3895095,590,36303116500,36303116900
concurrency_n10_20260613_002350_kafka_feed8_rep1,kafka,sb-events-n10-feed8-rep1,ffd58c50-e6dc-4754-a17f-4bcedff0bd58,3895095,590,36309859400,36309860000
concurrency_n10_20260613_002350_kafka_feed8_rep1,kafka,sb-events-n10-feed8-rep1,4d63112a-4703-42dc-9b8b-0d491b710db4,3895121,590,36309901600,36309901900
concurrency_n10_20260613_002350_kafka_feed8_rep1,kafka,sb-events-n10-feed8-rep1,a492638f-cf4e-4655-b650-5f7805409bdc,3895121,590,36316422800,36316423200
concurrency_n10_20260613_002350_kafka_feed8_rep1,kafka,sb-events-n10-feed8-rep1,95429182-4915-412e-9c8f-eba416a911f9,3895086,590,36320380400,36320380800
concurrency_n10_20260613_002350_kafka_feed8_rep1,kafka,sb-events-n10-feed8-rep1,de2d9276-b461-421a-a7d5-95b38a2fe016,3895074,591,36327079200,36327079700
concurrency_n10_20260613_002350_kafka_feed8_rep1,kafka,sb-events-n10-feed8-rep1,55aff21f-5c1d-476e-853b-2b75b44ee60f,3895067,591,36332138400,36332139000
concurrency_n10_20260613_002350_kafka_feed8_rep1,kafka,sb-events-n10-feed8-rep1,20ebfb52-e4b9-4c9e-839d-43d0755b2d0d,3895067,591,36332182700,36332183000
concurrency_n10_20260613_002350_kafka_feed8_rep1,kafka,sb-events-n10-feed8-rep1,7392ddeb-056c-4099-9ec9-6bd3f433a94d,3895086,591,36337305500,36337306400
concurrency_n10_20260613_002350_kafka_feed8_rep1,kafka,sb-events-n10-feed8-rep1,79abe03f-a1e7-4211-9dd9-13c47f0e3826,3895113,591,36347626700,36347627100
concurrency_n10_20260613_002350_kafka_feed8_rep1,kafka,sb-events-n10-feed8-rep1,c38fbeec-9df9-4255-9284-cc8a89885445,3895086,591,36347666500,36347666700
concurrency_n10_20260613_002350_kafka_feed8_rep1,kafka,sb-events-n10-feed8-rep1,23f7d010-216e-448e-bb0b-e44b94ed38fd,3895113,591,36355578000,36355578600
concurrency_n10_20260613_002350_kafka_feed8_rep1,kafka,sb-events-n10-feed8-rep1,3cbf1fef-6c02-4b30-97a6-cfa657fefa69,3895113,591,36355618600,36355618800
concurrency_n10_20260613_002350_kafka_feed8_rep1,kafka,sb-events-n10-feed8-rep1,07489da0-ed25-4dec-9f71-e7d52d170d6f,3895074,592,36362888900,36362889400
concurrency_n10_20260613_002350_kafka_feed8_rep1,kafka,sb-events-n10-feed8-rep1,62cb7654-87d6-49ca-b7e3-394c14e14586,3895095,592,36362939300,36362939600
concurrency_n10_20260613_002350_kafka_feed8_rep1,kafka,sb-events-n10-feed8-rep1,8f6ec563-4ae7-4d02-a80c-10edf465fc58,3895074,592,36369966400,36369966800
concurrency_n10_20260613_002350_kafka_feed8_rep1,kafka,sb-events-n10-feed8-rep1,bcd383cc-3f29-47fa-b423-a4f49b7ded62,3895060,592,36375477100,36375477700
concurrency_n10_20260613_002350_kafka_feed8_rep1,kafka,sb-events-n10-feed8-rep1,8837658b-2527-43e3-a879-61625227993a,3895121,592,36381164600,36381165100
concurrency_n10_20260613_002350_kafka_feed8_rep1,kafka,sb-events-n10-feed8-rep1,1ccaafd0-5da8-4c30-9cd8-7090212b6c92,3895095,593,36389654500,36389655100
concurrency_n10_20260613_002350_kafka_feed8_rep1,kafka,sb-events-n10-feed8-rep1,7102b045-f359-41ef-91a8-d13c6d9b3028,3895067,592,36390164400,36390164900
concurrency_n10_20260613_002350_kafka_feed8_rep1,kafka,sb-events-n10-feed8-rep1,24d3f73e-8b24-4a15-9099-4a3a7109a3b2,3895095,593,36403603300,36403603900
concurrency_n10_20260613_002350_kafka_feed8_rep1,kafka,sb-events-n10-feed8-rep1,b1cbbb36-ac6e-4c70-b238-98b51f3bbb7c,3895095,593,36403647000,36403647200
concurrency_n10_20260613_002350_kafka_feed8_rep1,kafka,sb-events-n10-feed8-rep1,57253780-463d-4baa-9322-b11a5b9ebc86,3895074,593,36410146600,36410147000
concurrency_n10_20260613_002350_kafka_feed8_rep1,kafka,sb-events-n10-feed8-rep1,97c68392-b18c-4eb6-b41a-02a291f7bdcd,3895060,593,36410190300,36410190600
concurrency_n10_20260613_002350_kafka_feed8_rep1,kafka,sb-events-n10-feed8-rep1,325b7350-d13b-4667-9ae2-08650699aee7,3895060,593,36410216800,36410217000
concurrency_n10_20260613_002350_kafka_feed8_rep1,kafka,sb-events-n10-feed8-rep1,1ee45a48-d32b-412a-a1b3-a4e08abe87ea,3895121,593,36417152800,36417153400
concurrency_n10_20260613_002350_kafka_feed8_rep1,kafka,sb-events-n10-feed8-rep1,bbd763f4-fe80-4cea-9bf4-1b47e08d11d6,3895067,593,36423587600,36423587900
concurrency_n10_20260613_002350_kafka_feed8_rep1,kafka,sb-events-n10-feed8-rep1,c01d1018-8026-4e17-b3b9-4c78935ea6b8,3895121,593,36423628100,36423628300
concurrency_n10_20260613_002350_kafka_feed8_rep1,kafka,sb-events-n10-feed8-rep1,aa6d638b-e544-42a0-9835-0ccf2a8b2009,3895067,593,36429051200,36429051900
concurrency_n10_20260613_002350_kafka_feed8_rep1,kafka,sb-events-n10-feed8-rep1,867833da-be58-4632-bf9d-10b4978f6b09,3895067,593,36435689200,36435689800
concurrency_n10_20260613_002350_kafka_feed8_rep1,kafka,sb-events-n10-feed8-rep1,869aae17-d932-4ee3-b96a-8b08c917626d,3895067,594,36444206200,36444206700
concurrency_n10_20260613_002350_kafka_feed8_rep1,kafka,sb-events-n10-feed8-rep1,7ef4fe71-8a42-4e25-8404-442b43c65cbe,3895086,594,36444670300,36444670700
concurrency_n10_20260613_002350_kafka_feed8_rep1,kafka,sb-events-n10-feed8-rep1,78d5565d-e7bd-4df3-8894-f8b4be813d9f,3895095,595,36463142900,36463143300
concurrency_n10_20260613_002350_kafka_feed8_rep1,kafka,sb-events-n10-feed8-rep1,9609ad02-f511-4e04-a077-be41c9922920,3895052,594,36463190000,36463190300
concurrency_n10_20260613_002350_kafka_feed8_rep1,kafka,sb-events-n10-feed8-rep1,fc0dd055-9543-4007-a0bd-faaf427044b9,3895113,594,36463212000,36463212200
concurrency_n10_20260613_002350_kafka_feed8_rep1,kafka,sb-events-n10-feed8-rep1,70a15b69-d176-48c0-aaf5-32ecf171eb90,3895095,595,36472009600,36472010100
concurrency_n10_20260613_002350_kafka_feed8_rep1,kafka,sb-events-n10-feed8-rep1,c64c07f4-7b41-417b-a342-f8e693d9ff62,3895060,595,36477476300,36477476900
concurrency_n10_20260613_002350_kafka_feed8_rep1,kafka,sb-events-n10-feed8-rep1,92df5b4c-9c50-41fc-a2db-03910550d1cd,3895095,595,36477516700,36477516900
concurrency_n10_20260613_002350_kafka_feed8_rep1,kafka,sb-events-n10-feed8-rep1,3e671347-5500-4b12-9ded-efff1b8e899a,3895067,595,36487365200,36487365700
concurrency_n10_20260613_002350_kafka_feed8_rep1,kafka,sb-events-n10-feed8-rep1,7b751184-997d-404d-9060-41ff2e453407,3895067,595,36492947800,36492948200
concurrency_n10_20260613_002350_kafka_feed8_rep1,kafka,sb-events-n10-feed8-rep1,a850c678-e21a-4e6f-90c9-a51e6a8fd8cb,3895067,595,36505998700,36505999300
concurrency_n10_20260613_002350_kafka_feed8_rep1,kafka,sb-events-n10-feed8-rep1,82e91245-e35c-4e7a-9b9f-36567f4fb53e,3895067,595,36506039400,36506039700
concurrency_n10_20260613_002350_kafka_feed8_rep1,kafka,sb-events-n10-feed8-rep1,5e65a51e-1c00-48d0-ab7c-e4f6ea8d6c57,3895052,595,36518370600,36518371000
concurrency_n10_20260613_002350_kafka_feed8_rep1,kafka,sb-events-n10-feed8-rep1,39456ea0-0b80-4c31-8130-70e6d5bbfe2b,3895052,595,36518413200,36518413400
concurrency_n10_20260613_002350_kafka_feed8_rep1,kafka,sb-events-n10-feed8-rep1,60e98bd7-d72c-422f-95ef-9ade285cbf36,3895113,595,36518437000,36518437200
concurrency_n10_20260613_002350_kafka_feed8_rep1,kafka,sb-events-n10-feed8-rep1,68f25357-617f-432d-a774-4e511ea8b43c,3895113,595,36528696200,36528696800
concurrency_n10_20260613_002350_kafka_feed8_rep1,kafka,sb-events-n10-feed8-rep1,e66736e2-0e2b-4dd0-893c-11cb9911c93d,3895074,596,36528740600,36528740900
concurrency_n10_20260613_002350_kafka_feed8_rep1,kafka,sb-events-n10-feed8-rep1,a4de3a21-86e4-4464-8f73-6f99aac1a914,3895074,596,36533220300,36533220900
concurrency_n10_20260613_002350_kafka_feed8_rep1,kafka,sb-events-n10-feed8-rep1,a56ebc2b-d6e5-4ddf-b7a2-fd73a17a7b67,3895121,596,36533271600,36533271900
concurrency_n10_20260613_002350_kafka_feed8_rep1,kafka,sb-events-n10-feed8-rep1,025d0917-460a-43d5-9551-4c7417149147,3895086,596,36543006300,36543006600
concurrency_n10_20260613_002350_kafka_feed8_rep1,kafka,sb-events-n10-feed8-rep1,dabafd5b-e47f-44e9-9371-4e45b7a854c0,3895086,596,36549121100,36549121600
concurrency_n10_20260613_002350_kafka_feed8_rep1,kafka,sb-events-n10-feed8-rep1,a099715a-3c28-437f-8708-fe3330203256,3895052,596,36549313300,36549313700
concurrency_n10_20260613_002350_kafka_feed8_rep1,kafka,sb-events-n10-feed8-rep1,4ad2e00f-8f8e-4c16-aaaf-4d389988550f,3895113,596,36559019800,36559020500
concurrency_n10_20260613_002350_kafka_feed8_rep1,kafka,sb-events-n10-feed8-rep1,429965c2-860d-4f12-8b2a-bb2604711b1b,3895113,596,36559075200,36559075600
concurrency_n10_20260613_002350_kafka_feed8_rep1,kafka,sb-events-n10-feed8-rep1,6d992ac7-8092-4c3d-9938-ee63ec251fb9,3895113,596,36570287900,36570288300
concurrency_n10_20260613_002350_kafka_feed8_rep1,kafka,sb-events-n10-feed8-rep1,afdd469f-31ed-4c14-9509-0a869670a319,3895107,597,36579794200,36579794600
concurrency_n10_20260613_002350_kafka_feed8_rep1,kafka,sb-events-n10-feed8-rep1,d8d93327-120a-4a11-adf6-2be67f0cbf9f,3895095,597,36579837400,36579837600
concurrency_n10_20260613_002350_kafka_feed8_rep1,kafka,sb-events-n10-feed8-rep1,15ff84f8-5411-4f4c-b403-410a9a87844b,3895121,597,36592399300,36592399900
concurrency_n10_20260613_002350_kafka_feed8_rep1,kafka,sb-events-n10-feed8-rep1,a2d459f5-b2f5-4230-980f-428882780ad7,3895121,597,36592489800,36592490200
concurrency_n10_20260613_002350_kafka_feed8_rep1,kafka,sb-events-n10-feed8-rep1,1eb502e7-3f05-417a-b7f7-b12b64e0f817,3895052,597,36603063400,36603064000
concurrency_n10_20260613_002350_kafka_feed8_rep1,kafka,sb-events-n10-feed8-rep1,3d29d282-4708-4cc5-a441-c2937ee305ba,3895052,597,36603123700,36603124100
concurrency_n10_20260613_002350_kafka_feed8_rep1,kafka,sb-events-n10-feed8-rep1,0b6b240e-8dcb-4b7c-9568-ff6f91c58520,3895113,597,36603155800,36603156100
concurrency_n10_20260613_002350_kafka_feed8_rep1,kafka,sb-events-n10-feed8-rep1,16689d72-9e0b-49be-a374-2a6e85cc790f,3895074,598,36603186000,36603186200
concurrency_n10_20260613_002350_kafka_feed8_rep1,kafka,sb-events-n10-feed8-rep1,0194222a-31c9-49eb-b56f-eb5ae999d927,3895107,598,36610890600,36610891100
concurrency_n10_20260613_002350_kafka_feed8_rep1,kafka,sb-events-n10-feed8-rep1,3448dd12-e7c1-449a-b8b7-89a9efda9a6a,3895107,598,36610933400,36610933600
concurrency_n10_20260613_002350_kafka_feed8_rep1,kafka,sb-events-n10-feed8-rep1,70706640-fa1a-4f13-948a-d6f359a8b7ce,3895121,598,36614768800,36614769400
concurrency_n10_20260613_002350_kafka_feed8_rep1,kafka,sb-events-n10-feed8-rep1,d3b7b07f-fc87-4ca9-bed4-8747b5edd352,3895086,598,36623959600,36623960300
concurrency_n10_20260613_002350_kafka_feed8_rep1,kafka,sb-events-n10-feed8-rep1,992e40c4-184e-406f-8648-916d30f2af24,3895052,598,36624002700,36624002900
concurrency_n10_20260613_002350_kafka_feed8_rep1,kafka,sb-events-n10-feed8-rep1,e8bd7331-c826-415a-bf93-83626ea5b567,3895113,598,36629241000,36629241400
concurrency_n10_20260613_002350_kafka_feed8_rep1,kafka,sb-events-n10-feed8-rep1,fd5697d4-df0f-4481-83a4-2ba2c0b3ed81,3895113,598,36629283900,36629284100
concurrency_n10_20260613_002350_kafka_feed8_rep1,kafka,sb-events-n10-feed8-rep1,a98d1db4-a554-4290-9887-5f1ac16a5651,3895113,598,36633863000,36633863500
concurrency_n10_20260613_002350_kafka_feed8_rep1,kafka,sb-events-n10-feed8-rep1,6fa0d1e8-ab63-47b8-87a7-93516a9f4975,3895095,599,36637401700,36637402300
concurrency_n10_20260613_002350_kafka_feed8_rep1,kafka,sb-events-n10-feed8-rep1,297487ce-1887-48df-adec-dfec5e677300,3895095,599,36637452000,36637452400
concurrency_n10_20260613_002350_kafka_feed8_rep1,kafka,sb-events-n10-feed8-rep1,5ec47445-daf6-48e4-a036-c1513f14005a,3895095,599,36641648000,36641648600
concurrency_n10_20260613_002350_kafka_feed8_rep1,kafka,sb-events-n10-feed8-rep1,77e80273-6376-47e3-a9ce-66412fcf1a24,3895074,599,36646473200,36646473700
concurrency_n10_20260613_002350_kafka_feed8_rep1,kafka,sb-events-n10-feed8-rep1,bdb8df01-2865-4796-a69f-b15d47e177eb,3895060,599,36652215100,36652215700
concurrency_n10_20260613_002350_kafka_feed8_rep1,kafka,sb-events-n10-feed8-rep1,1505872e-3190-4b41-9eaa-3ca2bc93c056,3895074,599,36652271200,36652271600
concurrency_n10_20260613_002350_kafka_feed8_rep1,kafka,sb-events-n10-feed8-rep1,bd65e731-6511-4ac1-a903-2e4dccf2b761,3895060,599,36656519700,36656520100
concurrency_n10_20260613_002350_kafka_feed8_rep1,kafka,sb-events-n10-feed8-rep1,832c2cb9-d99f-4222-8483-a7ba2d897559,3895121,599,36664834700,36664835200
concurrency_n10_20260613_002350_kafka_feed8_rep1,kafka,sb-events-n10-feed8-rep1,dab46250-a6a1-4d9f-92a8-11d6890e79d2,3895121,599,36664875500,36664875700
concurrency_n10_20260613_002350_kafka_feed8_rep1,kafka,sb-events-n10-feed8-rep1,520a7584-038a-4311-9040-51792b1b9d82,3895052,599,36668986400,36668986700
concurrency_n10_20260613_002350_kafka_feed8_rep1,kafka,sb-events-n10-feed8-rep1,dc8e1918-234f-4fea-8aa0-0111b971bf68,3895052,599,36669238800,36669239300
concurrency_n10_20260613_002350_kafka_feed8_rep1,kafka,sb-events-n10-feed8-rep1,453274d2-fbc7-45a5-85be-8224ecf4e430,3895113,599,36676974400,36676974900
concurrency_n10_20260613_002350_kafka_feed8_rep1,kafka,sb-events-n10-feed8-rep1,3656789d-4b9c-4b5a-9ec1-167bf77a76d6,3895113,599,36681951500,36681951800
concurrency_n10_20260613_002350_kafka_feed8_rep1,kafka,sb-events-n10-feed8-rep1,0e7386cb-f8ce-4dfe-b10c-1ea03beca223,3895095,600,36681989000,36681989700
concurrency_n10_20260613_002350_kafka_feed8_rep1,kafka,sb-events-n10-feed8-rep1,6f7d1385-e675-483e-a3eb-cf10ad5faa3a,3895095,600,36688730800,36688732500
concurrency_n10_20260613_002350_kafka_feed8_rep1,kafka,sb-events-n10-feed8-rep1,40d45191-8f2d-4197-a519-bb3093a56c47,3895074,600,36689463800,36689464200
concurrency_n10_20260613_002350_kafka_feed8_rep1,kafka,sb-events-n10-feed8-rep1,29fd27aa-51df-41ac-b3a0-d03fa518ae38,3895060,600,36695447500,36695448100
concurrency_n10_20260613_002350_kafka_feed8_rep1,kafka,sb-events-n10-feed8-rep1,29a0bfad-41ae-4241-99f8-2cd38849736a,3895086,600,36706012800,36706013300
concurrency_n10_20260613_002350_kafka_feed8_rep1,kafka,sb-events-n10-feed8-rep1,0e0310aa-0552-48ad-9e97-591e122c78b9,3895067,600,36706055200,36706055500
concurrency_n10_20260613_002350_kafka_feed8_rep1,kafka,sb-events-n10-feed8-rep1,6594127e-6701-4f06-a373-1e6e8a4518b9,3895086,600,36709646600,36709647200
