run_id,backend,topic,event_id,match_id,t_sim_seconds,t_cons_recv_ns,t_output_ns
s3_s2sf12j2_kafka_rep4_20260612,kafka,sb-events-s3_s2sf12j2_kafka_rep4_20260612,ea1e6876-4179-4750-8231-55c3d6ec8001,3895113,0,2902716000,2902716200
s3_s2sf12j2_kafka_rep4_20260612,kafka,sb-events-s3_s2sf12j2_kafka_rep4_20260612,7eb000ee-2ef0-462a-bd57-e4320f459c68,3895067,0,2904481600,2904481900
s3_s2sf12j2_kafka_rep4_20260612,kafka,sb-events-s3_s2sf12j2_kafka_rep4_20260612,84fbca7e-c79e-4f67-8026-4c9578366292,3895107,0,2906416500,2906416700
s3_s2sf12j2_kafka_rep4_20260612,kafka,sb-events-s3_s2sf12j2_kafka_rep4_20260612,69bb4fa7-f177-49a8-9b19-7c01cd9d9a9c,3895052,0,2907973400,2907973700
s3_s2sf12j2_kafka_rep4_20260612,kafka,sb-events-s3_s2sf12j2_kafka_rep4_20260612,7f498384-e379-41b8-bdd2-8bf16412e8cc,3895134,0,2909989200,2909989400
s3_s2sf12j2_kafka_rep4_20260612,kafka,sb-events-s3_s2sf12j2_kafka_rep4_20260612,6c9ebdf9-117f-4a31-8b52-ebcf3c35d0c6,3895086,0,2911709800,2911710000
s3_s2sf12j2_kafka_rep4_20260612,kafka,sb-events-s3_s2sf12j2_kafka_rep4_20260612,16d29511-a5c7-4a18-a4b4-d40571e69bd4,3895121,0,2913506400,2913506800
s3_s2sf12j2_kafka_rep4_20260612,kafka,sb-events-s3_s2sf12j2_kafka_rep4_20260612,664c81bb-315d-4de4-86d5-f326eebf0684,3895074,0,2915270400,2915270600
s3_s2sf12j2_kafka_rep4_20260612,kafka,sb-events-s3_s2sf12j2_kafka_rep4_20260612,9103cd62-6a36-40c6-9f80-ab1f6d258133,3895095,0,2916835400,2916835700
s3_s2sf12j2_kafka_rep4_20260612,kafka,sb-events-s3_s2sf12j2_kafka_rep4_20260612,207c41be-4905-457d-af38-e356b67981de,3895060,0,2918805200,2918805400
s3_s2sf12j2_kafka_rep4_20260612,kafka,sb-events-s3_s2sf12j2_kafka_rep4_20260612,a88295ad-33e8-4427-872c-eba006d8a0ef,3895113,0,2920207800,2920208000
s3_s2sf12j2_kafka_rep4_20260612,kafka,sb-events-s3_s2sf12j2_kafka_rep4_20260612,d593adb3-8980-46f6-b384-4a91f4ec01ba,3895067,0,2921968700,2921969100
s3_s2sf12j2_kafka_rep4_20260612,kafka,sb-events-s3_s2sf12j2_kafka_rep4_20260612,b4bd630b-4e82-4f31-8947-17beb238dc5a,3895107,0,2922996200,2922996500
s3_s2sf12j2_kafka_rep4_20260612,kafka,sb-events-s3_s2sf12j2_kafka_rep4_20260612,9790a466-9c56-42aa-96aa-a9ad1a6f8811,3895052,0,2925085500,2925085700
s3_s2sf12j2_kafka_rep4_20260612,kafka,sb-events-s3_s2sf12j2_kafka_rep4_20260612,4af6d17a-69ad-4bca-aece-f3be76c10138,3895134,0,2926835800,2926836100
s3_s2sf12j2_kafka_rep4_20260612,kafka,sb-events-s3_s2sf12j2_kafka_rep4_20260612,6755b1ac-4f37-4c35-b1ef-181d68375e7d,3895086,0,2928287100,2928287400
s3_s2sf12j2_kafka_rep4_20260612,kafka,sb-events-s3_s2sf12j2_kafka_rep4_20260612,27cf4ae2-0319-4fc6-9ace-9f960bb0e4e6,3895121,0,2930355000,2930355200
s3_s2sf12j2_kafka_rep4_20260612,kafka,sb-events-s3_s2sf12j2_kafka_rep4_20260612,3dd463f6-b445-407d-8120-bf6aeab35526,3895074,0,2931854700,2931855000
s3_s2sf12j2_kafka_rep4_20260612,kafka,sb-events-s3_s2sf12j2_kafka_rep4_20260612,73376ffb-3f9f-4570-9b3e-c51d44315ef3,3895095,0,2933330400,2933330700
s3_s2sf12j2_kafka_rep4_20260612,kafka,sb-events-s3_s2sf12j2_kafka_rep4_20260612,fefef503-f3cc-4d41-9b3f-9ddc57b6a93b,3895060,0,2934467700,2934467900
s3_s2sf12j2_kafka_rep4_20260612,kafka,sb-events-s3_s2sf12j2_kafka_rep4_20260612,6d6ab3f4-8136-407c-a92f-3f8a6549abdd,3895113,0,2936159900,2936160100
s3_s2sf12j2_kafka_rep4_20260612,kafka,sb-events-s3_s2sf12j2_kafka_rep4_20260612,a40403c7-74d7-45e6-ba91-5ebd6c313d8e,3895067,0,2938426000,2938426200
s3_s2sf12j2_kafka_rep4_20260612,kafka,sb-events-s3_s2sf12j2_kafka_rep4_20260612,6810c39c-8726-412f-b831-62dfec867465,3895107,0,2940616600,2940616800
s3_s2sf12j2_kafka_rep4_20260612,kafka,sb-events-s3_s2sf12j2_kafka_rep4_20260612,c6762724-3ad0-4ed1-b232-7f32ac192ec6,3895052,0,2942295500,2942295700
s3_s2sf12j2_kafka_rep4_20260612,kafka,sb-events-s3_s2sf12j2_kafka_rep4_20260612,a281da9d-e3f4-43f1-ac2e-f46bbd04fed0,3895134,0,2943808000,2943808300
s3_s2sf12j2_kafka_rep4_20260612,kafka,sb-events-s3_s2sf12j2_kafka_rep4_20260612,8b3af8ba-e26c-40b0-8278-c3e4c7a925f8,3895086,0,2945738800,2945739200
s3_s2sf12j2_kafka_rep4_20260612,kafka,sb-events-s3_s2sf12j2_kafka_rep4_20260612,92e52894-484a-48de-8051-469ea23d6aaa,3895121,0,2947190500,2947190700
s3_s2sf12j2_kafka_rep4_20260612,kafka,sb-events-s3_s2sf12j2_kafka_rep4_20260612,77f9b3e5-e0e4-4032-8228-089aa0dd578b,3895074,0,2949046900,2949047200
s3_s2sf12j2_kafka_rep4_20260612,kafka,sb-events-s3_s2sf12j2_kafka_rep4_20260612,52a1e2ea-5b27-4cb1-9204-865583191956,3895095,0,2950249700,2950250000
s3_s2sf12j2_kafka_rep4_20260612,kafka,sb-events-s3_s2sf12j2_kafka_rep4_20260612,2f46ad65-50a4-4834-9bd9-86a61f034234,3895060,0,2960241300,2960241500
s3_s2sf12j2_kafka_rep4_20260612,kafka,sb-events-s3_s2sf12j2_kafka_rep4_20260612,51a7253e-31ed-49f5-9494-f5ab0d2ee039,3895113,0,2962042300,2962042600
s3_s2sf12j2_kafka_rep4_20260612,kafka,sb-events-s3_s2sf12j2_kafka_rep4_20260612,fae27a68-42f4-44cf-8fc0-8d4126407ae3,3895067,0,2963595700,2963596000
s3_s2sf12j2_kafka_rep4_20260612,kafka,sb-events-s3_s2sf12j2_kafka_rep4_20260612,a549d56e-c626-419f-9244-ad813ec8e559,3895107,0,2972130200,2972130400
s3_s2sf12j2_kafka_rep4_20260612,kafka,sb-events-s3_s2sf12j2_kafka_rep4_20260612,ba22283a-c920-448c-804e-3737cccd9fff,3895052,0,2974025900,2974026100
s3_s2sf12j2_kafka_rep4_20260612,kafka,sb-events-s3_s2sf12j2_kafka_rep4_20260612,6d5e4ad7-9dd8-428b-97f9-5eee0ee14c17,3895134,0,2975704100,2975704400
s3_s2sf12j2_kafka_rep4_20260612,kafka,sb-events-s3_s2sf12j2_kafka_rep4_20260612,b795eae8-ba56-4343-8662-92a8da669bc5,3895086,0,2976937900,2976938200
s3_s2sf12j2_kafka_rep4_20260612,kafka,sb-events-s3_s2sf12j2_kafka_rep4_20260612,d16c061b-99fe-4266-ad73-d7f9c73482b0,3895121,0,2978185300,2978185500
s3_s2sf12j2_kafka_rep4_20260612,kafka,sb-events-s3_s2sf12j2_kafka_rep4_20260612,e627413d-5de5-402a-9bb3-90c4cd3b65ec,3895074,0,2979555300,2979555500
s3_s2sf12j2_kafka_rep4_20260612,kafka,sb-events-s3_s2sf12j2_kafka_rep4_20260612,a7102458-910f-4583-b653-e3165351e124,3895095,0,2987446300,2987446600
s3_s2sf12j2_kafka_rep4_20260612,kafka,sb-events-s3_s2sf12j2_kafka_rep4_20260612,3b3a42a2-e2a1-49f8-9b77-5ec638303a06,3895060,0,2989366300,2989366500
s3_s2sf12j2_kafka_rep4_20260612,kafka,sb-events-s3_s2sf12j2_kafka_rep4_20260612,ac5aac4c-5a0e-44c2-97ca-ec38bdb05917,3895113,0,2991182400,2991182700
s3_s2sf12j2_kafka_rep4_20260612,kafka,sb-events-s3_s2sf12j2_kafka_rep4_20260612,ad010a23-88fe-43af-8b5c-8cd1772842ac,3895067,0,2992688900,2992689100
s3_s2sf12j2_kafka_rep4_20260612,kafka,sb-events-s3_s2sf12j2_kafka_rep4_20260612,cc3b6a56-e194-4ce6-901d-a4f84177e81b,3895107,0,2994230800,2994231000
s3_s2sf12j2_kafka_rep4_20260612,kafka,sb-events-s3_s2sf12j2_kafka_rep4_20260612,9a50295b-7f7a-449c-9ef3-87e60467e8e1,3895052,0,2995474300,2995474600
s3_s2sf12j2_kafka_rep4_20260612,kafka,sb-events-s3_s2sf12j2_kafka_rep4_20260612,1bed9ec9-1af9-4570-a620-8aab3469a6dd,3895134,0,2996726900,2996727000
s3_s2sf12j2_kafka_rep4_20260612,kafka,sb-events-s3_s2sf12j2_kafka_rep4_20260612,3aee3cdf-be11-4ee6-b4bb-828cb4edbe36,3895086,0,2998770100,2998770300
s3_s2sf12j2_kafka_rep4_20260612,kafka,sb-events-s3_s2sf12j2_kafka_rep4_20260612,1cdd596e-bf1f-4096-848a-a2a5db4fd313,3895121,0,3000728200,3000728500
s3_s2sf12j2_kafka_rep4_20260612,kafka,sb-events-s3_s2sf12j2_kafka_rep4_20260612,16252ec8-ab09-4119-bcf6-7fd6524f9128,3895074,0,3002551100,3002551400
s3_s2sf12j2_kafka_rep4_20260612,kafka,sb-events-s3_s2sf12j2_kafka_rep4_20260612,4a13ba2d-59ad-43d3-b567-6aee81422367,3895095,0,3004058300,3004058600
s3_s2sf12j2_kafka_rep4_20260612,kafka,sb-events-s3_s2sf12j2_kafka_rep4_20260612,69bdfb9b-ba46-41c8-814a-98f0a43c6501,3895060,0,3005239800,3005240100
s3_s2sf12j2_kafka_rep4_20260612,kafka,sb-events-s3_s2sf12j2_kafka_rep4_20260612,e03021cc-80c5-4ac6-909e-903dca845ee3,3895107,0,3006651300,3006651700
s3_s2sf12j2_kafka_rep4_20260612,kafka,sb-events-s3_s2sf12j2_kafka_rep4_20260612,f3dfb8ef-6678-493f-bbce-99f9678b7f75,3895107,0,3007951200,3007951500
s3_s2sf12j2_kafka_rep4_20260612,kafka,sb-events-s3_s2sf12j2_kafka_rep4_20260612,17c0df03-219a-4603-befe-8cd2f58d6d47,3895052,1,3009190500,3009190700
s3_s2sf12j2_kafka_rep4_20260612,kafka,sb-events-s3_s2sf12j2_kafka_rep4_20260612,b306ec30-5755-4017-861a-670617955a41,3895074,1,3011063000,3011063500
s3_s2sf12j2_kafka_rep4_20260612,kafka,sb-events-s3_s2sf12j2_kafka_rep4_20260612,6c4c62f2-7d95-4094-a714-50c0161ee2e6,3895052,1,3013061200,3013061400
s3_s2sf12j2_kafka_rep4_20260612,kafka,sb-events-s3_s2sf12j2_kafka_rep4_20260612,2b7eff06-8d56-4f2c-bab1-076d4077ed10,3895074,1,3014771800,3014772100
s3_s2sf12j2_kafka_rep4_20260612,kafka,sb-events-s3_s2sf12j2_kafka_rep4_20260612,8d4e66c1-7ddb-4e75-b89f-bdb0592be264,3895107,1,3016406000,3016406200
s3_s2sf12j2_kafka_rep4_20260612,kafka,sb-events-s3_s2sf12j2_kafka_rep4_20260612,d54cc444-c9f7-4e31-820a-28e0ad5d8ec4,3895113,2,3018265800,3018266200
s3_s2sf12j2_kafka_rep4_20260612,kafka,sb-events-s3_s2sf12j2_kafka_rep4_20260612,0e2c9eac-6504-4dae-9939-5f2920e7102d,3895067,2,3019805000,3019805400
s3_s2sf12j2_kafka_rep4_20260612,kafka,sb-events-s3_s2sf12j2_kafka_rep4_20260612,50dad646-a7c1-450b-8a63-2e2fd90b3cd1,3895134,2,3021437100,3021437400
s3_s2sf12j2_kafka_rep4_20260612,kafka,sb-events-s3_s2sf12j2_kafka_rep4_20260612,40f9b6ab-32ab-47e8-8b92-9b97e90d4c4f,3895086,2,3022767100,3022767400
s3_s2sf12j2_kafka_rep4_20260612,kafka,sb-events-s3_s2sf12j2_kafka_rep4_20260612,f8442e6f-3919-46bc-848a-5f545627cf82,3895121,2,3024483600,3024483900
s3_s2sf12j2_kafka_rep4_20260612,kafka,sb-events-s3_s2sf12j2_kafka_rep4_20260612,f69d0d63-6ad0-41ea-bcec-f1b86b886a83,3895095,2,3026274200,3026274500
s3_s2sf12j2_kafka_rep4_20260612,kafka,sb-events-s3_s2sf12j2_kafka_rep4_20260612,ceaa47dd-e3bf-4016-ade0-ed3d54afe971,3895060,2,3028018900,3028019200
s3_s2sf12j2_kafka_rep4_20260612,kafka,sb-events-s3_s2sf12j2_kafka_rep4_20260612,eb3fde27-a34b-42be-b262-d329e138fff2,3895113,2,3029492400,3029492800
s3_s2sf12j2_kafka_rep4_20260612,kafka,sb-events-s3_s2sf12j2_kafka_rep4_20260612,c04183cf-75d8-42b0-91fd-4a026dba10b4,3895067,2,3031292300,3031292600
s3_s2sf12j2_kafka_rep4_20260612,kafka,sb-events-s3_s2sf12j2_kafka_rep4_20260612,b293256b-d885-4135-98ca-8ecf12f9e5a6,3895134,2,3032873400,3032873700
s3_s2sf12j2_kafka_rep4_20260612,kafka,sb-events-s3_s2sf12j2_kafka_rep4_20260612,55321383-ae1f-407e-8f20-2524fd16d04a,3895086,2,3034377000,3034377300
s3_s2sf12j2_kafka_rep4_20260612,kafka,sb-events-s3_s2sf12j2_kafka_rep4_20260612,f296523f-5c17-4d25-8371-f7142523a057,3895121,2,3035754500,3035754800
s3_s2sf12j2_kafka_rep4_20260612,kafka,sb-events-s3_s2sf12j2_kafka_rep4_20260612,285e8e4a-7c84-4ca1-9688-d8b56d623cc2,3895095,2,3037316800,3037317200
s3_s2sf12j2_kafka_rep4_20260612,kafka,sb-events-s3_s2sf12j2_kafka_rep4_20260612,70432a35-52ff-429b-8a11-c47bba8fab19,3895060,2,3038931900,3038932100
s3_s2sf12j2_kafka_rep4_20260612,kafka,sb-events-s3_s2sf12j2_kafka_rep4_20260612,6acfcb07-7343-4821-aa28-a91f66140043,3895134,2,3040547300,3040547500
s3_s2sf12j2_kafka_rep4_20260612,kafka,sb-events-s3_s2sf12j2_kafka_rep4_20260612,d6b118e9-dee4-4f3a-9046-2a086e85ca6b,3895074,2,3042069700,3042069900
s3_s2sf12j2_kafka_rep4_20260612,kafka,sb-events-s3_s2sf12j2_kafka_rep4_20260612,080124d4-8c99-46a5-aaf3-9a935ccd1248,3895107,2,3043277300,3043277700
s3_s2sf12j2_kafka_rep4_20260612,kafka,sb-events-s3_s2sf12j2_kafka_rep4_20260612,f9a9b240-dc0d-49e8-b72a-ec081b4c2bf3,3895107,2,3044908700,3044909000
s3_s2sf12j2_kafka_rep4_20260612,kafka,sb-events-s3_s2sf12j2_kafka_rep4_20260612,e5f7cd6e-b6e9-4538-96f5-380ee1534325,3895107,2,3046412900,3046413200
s3_s2sf12j2_kafka_rep4_20260612,kafka,sb-events-s3_s2sf12j2_kafka_rep4_20260612,15bf07b2-c5b7-4074-8693-1d9e4a5b7153,3895052,3,3048372400,3048372800
s3_s2sf12j2_kafka_rep4_20260612,kafka,sb-events-s3_s2sf12j2_kafka_rep4_20260612,28f3d343-a6db-4854-bae5-f3390857e90c,3895086,3,3049850800,3049851000
s3_s2sf12j2_kafka_rep4_20260612,kafka,sb-events-s3_s2sf12j2_kafka_rep4_20260612,c5fa6ce0-df8d-42a2-8bdd-601d167d5ec1,3895121,3,3051124700,3051124900
s3_s2sf12j2_kafka_rep4_20260612,kafka,sb-events-s3_s2sf12j2_kafka_rep4_20260612,494d25f1-83d3-4375-aa5c-29dfd26dfebd,3895095,3,3053228500,3053228900
s3_s2sf12j2_kafka_rep4_20260612,kafka,sb-events-s3_s2sf12j2_kafka_rep4_20260612,748f1afc-2300-4252-bc9b-f161b5e7c6ef,3895060,3,3054638800,3054639000
s3_s2sf12j2_kafka_rep4_20260612,kafka,sb-events-s3_s2sf12j2_kafka_rep4_20260612,3c689040-9b59-4fad-8456-48b2ec8a2058,3895052,3,3056301900,3056302400
s3_s2sf12j2_kafka_rep4_20260612,kafka,sb-events-s3_s2sf12j2_kafka_rep4_20260612,c5dd24ba-9256-48e3-b852-121bc71914e3,3895107,3,3058356600,3058357000
s3_s2sf12j2_kafka_rep4_20260612,kafka,sb-events-s3_s2sf12j2_kafka_rep4_20260612,3114849f-6506-405c-bb4d-71ba30905d5e,3895107,3,3060213500,3060213900
s3_s2sf12j2_kafka_rep4_20260612,kafka,sb-events-s3_s2sf12j2_kafka_rep4_20260612,042f1fd2-3cd4-439a-97c4-9275f435f098,3895113,4,3061473700,3061474100
s3_s2sf12j2_kafka_rep4_20260612,kafka,sb-events-s3_s2sf12j2_kafka_rep4_20260612,0195cc34-10dc-41e9-ada9-e853f9c16f02,3895134,4,3062958000,3062958300
s3_s2sf12j2_kafka_rep4_20260612,kafka,sb-events-s3_s2sf12j2_kafka_rep4_20260612,4f14f36d-c3c1-45d5-9c94-a65f9489d40f,3895074,4,3064915200,3064915500
s3_s2sf12j2_kafka_rep4_20260612,kafka,sb-events-s3_s2sf12j2_kafka_rep4_20260612,980abd18-b5d2-49cd-b110-7f534fd23dfc,3895095,4,3066517600,3066517900
s3_s2sf12j2_kafka_rep4_20260612,kafka,sb-events-s3_s2sf12j2_kafka_rep4_20260612,88661240-834a-430d-8629-b37b64dbcddc,3895052,4,3067842100,3067842300
s3_s2sf12j2_kafka_rep4_20260612,kafka,sb-events-s3_s2sf12j2_kafka_rep4_20260612,5342ea84-0732-454a-9551-8bc9fbe70d05,3895134,4,3069192500,3069192800
s3_s2sf12j2_kafka_rep4_20260612,kafka,sb-events-s3_s2sf12j2_kafka_rep4_20260612,2256b8d2-0b23-4080-9849-1553d0135c73,3895074,4,3070661300,3070661500
s3_s2sf12j2_kafka_rep4_20260612,kafka,sb-events-s3_s2sf12j2_kafka_rep4_20260612,df085776-1a71-4f2d-9b9a-d385914ac874,3895095,4,3071714600,3071714800
s3_s2sf12j2_kafka_rep4_20260612,kafka,sb-events-s3_s2sf12j2_kafka_rep4_20260612,b8c2ef59-5a72-4382-8d37-ef532f1ba623,3895107,4,3073205400,3073205800
s3_s2sf12j2_kafka_rep4_20260612,kafka,sb-events-s3_s2sf12j2_kafka_rep4_20260612,aabb516d-6ede-4543-9394-967c0499af8a,3895067,5,3074567400,3074567800
s3_s2sf12j2_kafka_rep4_20260612,kafka,sb-events-s3_s2sf12j2_kafka_rep4_20260612,c93d7723-7a1c-4be8-97e1-0babb1be6f11,3895113,5,3075982300,3075982500
s3_s2sf12j2_kafka_rep4_20260612,kafka,sb-events-s3_s2sf12j2_kafka_rep4_20260612,3cb0c74e-75be-431c-917f-011efc184fdb,3895113,5,3077823700,3077824000
s3_s2sf12j2_kafka_rep4_20260612,kafka,sb-events-s3_s2sf12j2_kafka_rep4_20260612,3d52c020-9bad-49c3-8ae7-05c40e223268,3895113,5,3080032000,3080032400
s3_s2sf12j2_kafka_rep4_20260612,kafka,sb-events-s3_s2sf12j2_kafka_rep4_20260612,39ec53e3-9bd4-4411-814d-6e1ede254aac,3895086,6,3081319200,3081319400
s3_s2sf12j2_kafka_rep4_20260612,kafka,sb-events-s3_s2sf12j2_kafka_rep4_20260612,c744951c-c660-4c83-8083-049bf85c8cbd,3895060,6,3082775500,3082775800
s3_s2sf12j2_kafka_rep4_20260612,kafka,sb-events-s3_s2sf12j2_kafka_rep4_20260612,33fdf203-b847-4fa5-9021-5f1875717796,3895060,6,3084025000,3084025200
s3_s2sf12j2_kafka_rep4_20260612,kafka,sb-events-s3_s2sf12j2_kafka_rep4_20260612,98e575e4-0886-40e5-96a8-9c9f857ebcc1,3895052,6,3085641000,3085641300
s3_s2sf12j2_kafka_rep4_20260612,kafka,sb-events-s3_s2sf12j2_kafka_rep4_20260612,d4683bb7-cdad-4a7d-9851-743212fba939,3895074,6,3087225500,3087225900
s3_s2sf12j2_kafka_rep4_20260612,kafka,sb-events-s3_s2sf12j2_kafka_rep4_20260612,f019df08-0da5-48d9-a838-1da35f369c3c,3895052,6,3088470400,3088470800
s3_s2sf12j2_kafka_rep4_20260612,kafka,sb-events-s3_s2sf12j2_kafka_rep4_20260612,e8a7f299-6faa-4914-bcdf-2e44131ed85c,3895107,6,3090111200,3090111400
s3_s2sf12j2_kafka_rep4_20260612,kafka,sb-events-s3_s2sf12j2_kafka_rep4_20260612,7ddab21c-8faf-4fbc-a290-a2cdb40b7df7,3895107,6,3091909400,3091909800
s3_s2sf12j2_kafka_rep4_20260612,kafka,sb-events-s3_s2sf12j2_kafka_rep4_20260612,d6006eb1-3ef6-4955-a47a-7b2b9192b522,3895121,7,3093866400,3093866700
s3_s2sf12j2_kafka_rep4_20260612,kafka,sb-events-s3_s2sf12j2_kafka_rep4_20260612,d87f4aa7-4a9b-4319-8dd9-c5426dc81e34,3895121,7,3095069800,3095070000
s3_s2sf12j2_kafka_rep4_20260612,kafka,sb-events-s3_s2sf12j2_kafka_rep4_20260612,a0313cd5-9822-48bf-8ca6-3c92789a7474,3895121,7,3096843000,3096843400
s3_s2sf12j2_kafka_rep4_20260612,kafka,sb-events-s3_s2sf12j2_kafka_rep4_20260612,a88a8b7b-dab2-4a21-a85b-580af51a83d1,3895095,7,3098299300,3098299600
s3_s2sf12j2_kafka_rep4_20260612,kafka,sb-events-s3_s2sf12j2_kafka_rep4_20260612,ff2841c0-d955-494b-a7a9-ac8bbb82ad73,3895113,7,3099914000,3099914500
s3_s2sf12j2_kafka_rep4_20260612,kafka,sb-events-s3_s2sf12j2_kafka_rep4_20260612,39fe9846-f889-4790-956c-d8df633e77d5,3895074,7,3101308600,3101309000
s3_s2sf12j2_kafka_rep4_20260612,kafka,sb-events-s3_s2sf12j2_kafka_rep4_20260612,5af66cb7-f6a6-47cb-a57d-696dcdbe6716,3895113,7,3102962500,3102963000
s3_s2sf12j2_kafka_rep4_20260612,kafka,sb-events-s3_s2sf12j2_kafka_rep4_20260612,5550d825-5f3b-41f6-bba0-d4cf66c1438e,3895074,7,3104598200,3104598400
s3_s2sf12j2_kafka_rep4_20260612,kafka,sb-events-s3_s2sf12j2_kafka_rep4_20260612,45ee08ea-fdab-4a8e-8114-f0dec4a5e815,3895113,7,3106205000,3106205400
s3_s2sf12j2_kafka_rep4_20260612,kafka,sb-events-s3_s2sf12j2_kafka_rep4_20260612,e8aa6b61-931b-4bf8-b329-cb66ffbd4313,3895074,7,3107835800,3107836000
s3_s2sf12j2_kafka_rep4_20260612,kafka,sb-events-s3_s2sf12j2_kafka_rep4_20260612,b2d11f7f-8c0d-4533-b2a3-843e981238ad,3895067,8,3109750100,3109750400
s3_s2sf12j2_kafka_rep4_20260612,kafka,sb-events-s3_s2sf12j2_kafka_rep4_20260612,320e0bbb-8e37-429c-aa29-d58d9ae85075,3895067,8,3111149700,3111150000
s3_s2sf12j2_kafka_rep4_20260612,kafka,sb-events-s3_s2sf12j2_kafka_rep4_20260612,1739877d-1a9a-45a1-a72d-189cd19ce825,3895060,8,3112395500,3112395700
s3_s2sf12j2_kafka_rep4_20260612,kafka,sb-events-s3_s2sf12j2_kafka_rep4_20260612,d8ec2ac3-0202-455a-8a5d-255e1e4cc473,3895121,8,3113607100,3113607400
s3_s2sf12j2_kafka_rep4_20260612,kafka,sb-events-s3_s2sf12j2_kafka_rep4_20260612,71c80fb5-ad88-4f1a-a7d4-fd63ed429bcd,3895095,8,3114751800,3114752000
s3_s2sf12j2_kafka_rep4_20260612,kafka,sb-events-s3_s2sf12j2_kafka_rep4_20260612,2da5d3ff-deec-4d16-b866-8a7d1fbb93e9,3895060,8,3116540700,3116541200
s3_s2sf12j2_kafka_rep4_20260612,kafka,sb-events-s3_s2sf12j2_kafka_rep4_20260612,1d75ee1b-f1e8-43ab-a31d-cc0805acd5e2,3895052,8,3118670400,3118670600
s3_s2sf12j2_kafka_rep4_20260612,kafka,sb-events-s3_s2sf12j2_kafka_rep4_20260612,cc3655de-3632-4a2c-8a22-d670144485db,3895095,8,3120344000,3120344300
s3_s2sf12j2_kafka_rep4_20260612,kafka,sb-events-s3_s2sf12j2_kafka_rep4_20260612,38932aa9-ad68-4202-bc2b-cca968001831,3895113,8,3121858500,3121858700
s3_s2sf12j2_kafka_rep4_20260612,kafka,sb-events-s3_s2sf12j2_kafka_rep4_20260612,5ff692af-8337-40bf-bf94-3357c44a9765,3895113,8,3123518500,3123518800
s3_s2sf12j2_kafka_rep4_20260612,kafka,sb-events-s3_s2sf12j2_kafka_rep4_20260612,dd059ddd-697b-4957-a691-f20eec306ea5,3895121,9,3125075800,3125076000
s3_s2sf12j2_kafka_rep4_20260612,kafka,sb-events-s3_s2sf12j2_kafka_rep4_20260612,8f1fbe41-034b-43eb-9585-edbb0aadb7ba,3895052,9,3126871300,3126871500
s3_s2sf12j2_kafka_rep4_20260612,kafka,sb-events-s3_s2sf12j2_kafka_rep4_20260612,629bf2a1-ed9d-4d49-a2d8-cfd7a59e6e3e,3895121,9,3128536600,3128537000
s3_s2sf12j2_kafka_rep4_20260612,kafka,sb-events-s3_s2sf12j2_kafka_rep4_20260612,99c1964f-2b9c-4442-b485-f7e6ce554c84,3895095,9,3130465000,3130465300
s3_s2sf12j2_kafka_rep4_20260612,kafka,sb-events-s3_s2sf12j2_kafka_rep4_20260612,4127d02c-6da9-47dc-b26f-40da7d121a92,3895052,9,3132426500,3132426900
s3_s2sf12j2_kafka_rep4_20260612,kafka,sb-events-s3_s2sf12j2_kafka_rep4_20260612,9d075ad4-9f9f-4e6f-a093-5919a1a920b3,3895074,9,3133798500,3133798700
s3_s2sf12j2_kafka_rep4_20260612,kafka,sb-events-s3_s2sf12j2_kafka_rep4_20260612,0427f1ec-ddae-4698-ab55-cc0403e01b74,3895095,9,3135472100,3135472400
s3_s2sf12j2_kafka_rep4_20260612,kafka,sb-events-s3_s2sf12j2_kafka_rep4_20260612,43c3670a-83aa-427e-b4db-68d69ea6f60a,3895074,9,3136793300,3136793600
s3_s2sf12j2_kafka_rep4_20260612,kafka,sb-events-s3_s2sf12j2_kafka_rep4_20260612,31528025-7c8a-4a3c-abf4-a6b496204f3f,3895074,9,3138196900,3138197200
s3_s2sf12j2_kafka_rep4_20260612,kafka,sb-events-s3_s2sf12j2_kafka_rep4_20260612,08b17ce3-0fb5-45ee-b37f-1dff007b694a,3895067,10,3139814700,3139815000
s3_s2sf12j2_kafka_rep4_20260612,kafka,sb-events-s3_s2sf12j2_kafka_rep4_20260612,174d1bd5-23b1-403b-b417-fc59eab9339c,3895134,10,3141662600,3141662800
s3_s2sf12j2_kafka_rep4_20260612,kafka,sb-events-s3_s2sf12j2_kafka_rep4_20260612,7cba4468-f2eb-4352-94e8-2474e078f085,3895067,10,3143500100,3143500400
s3_s2sf12j2_kafka_rep4_20260612,kafka,sb-events-s3_s2sf12j2_kafka_rep4_20260612,7604592e-b68b-4f0b-a7ff-eca7a0e2440b,3895134,10,3145691500,3145692000
s3_s2sf12j2_kafka_rep4_20260612,kafka,sb-events-s3_s2sf12j2_kafka_rep4_20260612,3a82e4ae-0527-4391-a6c1-23c5e4ace661,3895067,10,3147126300,3147126600
s3_s2sf12j2_kafka_rep4_20260612,kafka,sb-events-s3_s2sf12j2_kafka_rep4_20260612,55773380-38a7-49a4-b73a-a688f19444c1,3895134,10,3148763800,3148764100
s3_s2sf12j2_kafka_rep4_20260612,kafka,sb-events-s3_s2sf12j2_kafka_rep4_20260612,ed38d77f-8234-4921-88d2-52ae89331fc2,3895060,10,3149783000,3149783200
s3_s2sf12j2_kafka_rep4_20260612,kafka,sb-events-s3_s2sf12j2_kafka_rep4_20260612,74e102e0-b7bc-4d69-a21b-fe814eb02b6e,3895134,10,3151492800,3151493100
s3_s2sf12j2_kafka_rep4_20260612,kafka,sb-events-s3_s2sf12j2_kafka_rep4_20260612,7aa7a387-f694-48d3-9239-56af7324dae2,3895060,10,3152631400,3152631700
s3_s2sf12j2_kafka_rep4_20260612,kafka,sb-events-s3_s2sf12j2_kafka_rep4_20260612,897c5f7a-b611-400d-a4bd-546cbba4e897,3895134,10,3154223100,3154223300
s3_s2sf12j2_kafka_rep4_20260612,kafka,sb-events-s3_s2sf12j2_kafka_rep4_20260612,2fdcfc97-4f53-46be-ae4a-a5b67c508cf9,3895121,10,3155498700,3155499000
s3_s2sf12j2_kafka_rep4_20260612,kafka,sb-events-s3_s2sf12j2_kafka_rep4_20260612,fac6763f-5f80-4b02-94e3-799bd452abc8,3895113,10,3156862900,3156863200
s3_s2sf12j2_kafka_rep4_20260612,kafka,sb-events-s3_s2sf12j2_kafka_rep4_20260612,d5a131da-001e-451d-94a2-16c8fddf1ae0,3895086,11,3158684100,3158684300
s3_s2sf12j2_kafka_rep4_20260612,kafka,sb-events-s3_s2sf12j2_kafka_rep4_20260612,43134fef-e6aa-4650-9198-9da79f955c83,3895067,11,3160508500,3160508900
s3_s2sf12j2_kafka_rep4_20260612,kafka,sb-events-s3_s2sf12j2_kafka_rep4_20260612,e62a0339-6478-4758-9dda-9c3a672cda2b,3895067,11,3162016000,3162016200
s3_s2sf12j2_kafka_rep4_20260612,kafka,sb-events-s3_s2sf12j2_kafka_rep4_20260612,b767f8cf-4d2d-45c2-befd-2acd1c356621,3895060,11,3163402300,3163402600
s3_s2sf12j2_kafka_rep4_20260612,kafka,sb-events-s3_s2sf12j2_kafka_rep4_20260612,635f9e3a-22a3-4328-aa0d-299e2244750f,3895134,11,3164746300,3164746600
s3_s2sf12j2_kafka_rep4_20260612,kafka,sb-events-s3_s2sf12j2_kafka_rep4_20260612,b2a1e34b-f362-4be7-abc3-7d5015d54850,3895121,11,3166233800,3166234200
s3_s2sf12j2_kafka_rep4_20260612,kafka,sb-events-s3_s2sf12j2_kafka_rep4_20260612,6fcdcd6a-f032-47d6-8ab5-40021f4c097d,3895095,11,3167458300,3167458600
s3_s2sf12j2_kafka_rep4_20260612,kafka,sb-events-s3_s2sf12j2_kafka_rep4_20260612,177cc6d8-cc4d-4509-9a20-021f81a25de5,3895134,11,3168882800,3168883100
s3_s2sf12j2_kafka_rep4_20260612,kafka,sb-events-s3_s2sf12j2_kafka_rep4_20260612,480e7b02-6900-48ff-a092-84edfe968c1e,3895121,11,3170434700,3170434900
s3_s2sf12j2_kafka_rep4_20260612,kafka,sb-events-s3_s2sf12j2_kafka_rep4_20260612,523c9836-c56d-469f-a9b2-b2cccef6dab7,3895095,11,3171847500,3171847800
s3_s2sf12j2_kafka_rep4_20260612,kafka,sb-events-s3_s2sf12j2_kafka_rep4_20260612,429856a9-3da6-4b26-b2c7-bffd25ab0c19,3895113,11,3173523500,3173523900
s3_s2sf12j2_kafka_rep4_20260612,kafka,sb-events-s3_s2sf12j2_kafka_rep4_20260612,7962ad90-9dc3-435e-b10a-9bbfa62c5d21,3895074,11,3174947700,3174948000
s3_s2sf12j2_kafka_rep4_20260612,kafka,sb-events-s3_s2sf12j2_kafka_rep4_20260612,7913f543-9fcd-488e-84d6-8a14f0455694,3895074,11,3176583100,3176583400
s3_s2sf12j2_kafka_rep4_20260612,kafka,sb-events-s3_s2sf12j2_kafka_rep4_20260612,8847c801-2b00-4bf3-9bb8-88f92ab95fa1,3895074,11,3178043700,3178044000
s3_s2sf12j2_kafka_rep4_20260612,kafka,sb-events-s3_s2sf12j2_kafka_rep4_20260612,5b924c30-ccff-4008-a917-fda9ba37cba4,3895074,11,3179959200,3179959600
s3_s2sf12j2_kafka_rep4_20260612,kafka,sb-events-s3_s2sf12j2_kafka_rep4_20260612,1e2eb1e6-7441-4fcb-b532-b7e4ff107657,3895086,12,3181507500,3181508000
s3_s2sf12j2_kafka_rep4_20260612,kafka,sb-events-s3_s2sf12j2_kafka_rep4_20260612,a03fa6b0-0944-4d90-9881-9d2b47418d86,3895086,12,3182864900,3182865200
s3_s2sf12j2_kafka_rep4_20260612,kafka,sb-events-s3_s2sf12j2_kafka_rep4_20260612,e7281523-4786-460c-a9a4-c25b2828a783,3895086,12,3184617800,3184618400
s3_s2sf12j2_kafka_rep4_20260612,kafka,sb-events-s3_s2sf12j2_kafka_rep4_20260612,86c3a258-b8ca-4ec4-955d-05e4a45f4053,3895067,12,3186310300,3186310500
s3_s2sf12j2_kafka_rep4_20260612,kafka,sb-events-s3_s2sf12j2_kafka_rep4_20260612,585a8685-12a2-418f-91a6-4d2a02ad8430,3895052,12,3187648300,3187648500
s3_s2sf12j2_kafka_rep4_20260612,kafka,sb-events-s3_s2sf12j2_kafka_rep4_20260612,316981db-6e7f-44a0-999e-b56d5da36fd6,3895060,12,3189788300,3189788700
s3_s2sf12j2_kafka_rep4_20260612,kafka,sb-events-s3_s2sf12j2_kafka_rep4_20260612,e7b35a27-1240-4696-9680-00347a4fd4ab,3895067,12,3191283900,3191284200
s3_s2sf12j2_kafka_rep4_20260612,kafka,sb-events-s3_s2sf12j2_kafka_rep4_20260612,66cebf02-2ea6-4c35-a551-862b09130220,3895107,12,3193046000,3193046300
s3_s2sf12j2_kafka_rep4_20260612,kafka,sb-events-s3_s2sf12j2_kafka_rep4_20260612,01867a27-4aa7-42ac-ab96-6d7f49d8dcb8,3895134,12,3194615400,3194615800
s3_s2sf12j2_kafka_rep4_20260612,kafka,sb-events-s3_s2sf12j2_kafka_rep4_20260612,5bdb34eb-55f0-4afa-b200-3172dc49c743,3895121,12,3196052000,3196052300
s3_s2sf12j2_kafka_rep4_20260612,kafka,sb-events-s3_s2sf12j2_kafka_rep4_20260612,817e0fb2-07b1-470b-9ad7-0bba4767e247,3895095,12,3197419300,3197419500
s3_s2sf12j2_kafka_rep4_20260612,kafka,sb-events-s3_s2sf12j2_kafka_rep4_20260612,ba2de37d-ee65-4feb-a5ea-b54fc0236494,3895113,12,3199326400,3199326700
s3_s2sf12j2_kafka_rep4_20260612,kafka,sb-events-s3_s2sf12j2_kafka_rep4_20260612,c55ee278-e7d5-4f2f-aaf9-1d7e71c7ee6f,3895134,12,3200980500,3200980800
s3_s2sf12j2_kafka_rep4_20260612,kafka,sb-events-s3_s2sf12j2_kafka_rep4_20260612,51fb02b5-26e7-43ac-8165-4ca01a5c46d6,3895113,12,3202508800,3202509200
s3_s2sf12j2_kafka_rep4_20260612,kafka,sb-events-s3_s2sf12j2_kafka_rep4_20260612,da7c4c87-47cc-43e4-abc7-ed5153ccd953,3895086,13,3204233200,3204233500
s3_s2sf12j2_kafka_rep4_20260612,kafka,sb-events-s3_s2sf12j2_kafka_rep4_20260612,2d158032-d266-417c-b308-7988ff8c3ffc,3895086,13,3205745500,3205745900
s3_s2sf12j2_kafka_rep4_20260612,kafka,sb-events-s3_s2sf12j2_kafka_rep4_20260612,54f1c83c-f7c4-4413-8a2a-69aaac9bec05,3895052,13,3207147600,3207147800
s3_s2sf12j2_kafka_rep4_20260612,kafka,sb-events-s3_s2sf12j2_kafka_rep4_20260612,4c6fb264-6641-4514-9dfb-96a0f17f3899,3895060,13,3208609600,3208610100
s3_s2sf12j2_kafka_rep4_20260612,kafka,sb-events-s3_s2sf12j2_kafka_rep4_20260612,e295f3e0-e0cc-4adc-91fa-062599b27d25,3895107,13,3210008400,3210008700
s3_s2sf12j2_kafka_rep4_20260612,kafka,sb-events-s3_s2sf12j2_kafka_rep4_20260612,50fa5c47-ce69-41d3-bf4a-29b4f86d02fd,3895052,13,3211843900,3211844200
s3_s2sf12j2_kafka_rep4_20260612,kafka,sb-events-s3_s2sf12j2_kafka_rep4_20260612,fe1233fa-d40a-4e0c-8b0d-55809b7d774b,3895060,13,3213553600,3213553800
s3_s2sf12j2_kafka_rep4_20260612,kafka,sb-events-s3_s2sf12j2_kafka_rep4_20260612,d79cf0c7-e0cd-4718-a96e-2b06b1cb0bed,3895107,13,3215001000,3215001400
s3_s2sf12j2_kafka_rep4_20260612,kafka,sb-events-s3_s2sf12j2_kafka_rep4_20260612,d46689a3-08bd-4188-bc0d-6a6bace1f531,3895086,14,3216565000,3216565300
s3_s2sf12j2_kafka_rep4_20260612,kafka,sb-events-s3_s2sf12j2_kafka_rep4_20260612,93753357-15d4-4424-9899-669adf6f34ea,3895052,14,3218076500,3218077000
s3_s2sf12j2_kafka_rep4_20260612,kafka,sb-events-s3_s2sf12j2_kafka_rep4_20260612,1615450f-4d55-4fef-91d6-ab9f981c6185,3895095,14,3219594900,3219595100
s3_s2sf12j2_kafka_rep4_20260612,kafka,sb-events-s3_s2sf12j2_kafka_rep4_20260612,9dcf795d-a1b5-4b33-b421-af35da8f1708,3895095,14,3221418000,3221418200
s3_s2sf12j2_kafka_rep4_20260612,kafka,sb-events-s3_s2sf12j2_kafka_rep4_20260612,bd76ea17-62ca-436b-b60f-ebbce8df5a58,3895074,14,3223051200,3223051500
s3_s2sf12j2_kafka_rep4_20260612,kafka,sb-events-s3_s2sf12j2_kafka_rep4_20260612,d0309ed5-a714-4866-9594-2806ec7f3053,3895074,14,3224896900,3224897200
s3_s2sf12j2_kafka_rep4_20260612,kafka,sb-events-s3_s2sf12j2_kafka_rep4_20260612,59d5f7d4-b2c8-4777-ad5d-f682a5be2482,3895074,14,3226553300,3226553600
s3_s2sf12j2_kafka_rep4_20260612,kafka,sb-events-s3_s2sf12j2_kafka_rep4_20260612,7b8d5bb4-4ed6-4983-806a-c8ca1feeef81,3895121,15,3228388100,3228388600
s3_s2sf12j2_kafka_rep4_20260612,kafka,sb-events-s3_s2sf12j2_kafka_rep4_20260612,8d671e50-4b4d-4fcc-be94-351d53828756,3895107,15,3229957700,3229958000
s3_s2sf12j2_kafka_rep4_20260612,kafka,sb-events-s3_s2sf12j2_kafka_rep4_20260612,bf8ecf65-adbc-42d1-99f7-c48a6ef2ec06,3895052,15,3231515700,3231515900
s3_s2sf12j2_kafka_rep4_20260612,kafka,sb-events-s3_s2sf12j2_kafka_rep4_20260612,4cf23b83-c0d3-4df1-bdef-c5caded9cc07,3895121,15,3232895000,3232895300
s3_s2sf12j2_kafka_rep4_20260612,kafka,sb-events-s3_s2sf12j2_kafka_rep4_20260612,67f9bdbc-8feb-49b2-b7fe-705375aac0db,3895052,15,3234866500,3234866800
s3_s2sf12j2_kafka_rep4_20260612,kafka,sb-events-s3_s2sf12j2_kafka_rep4_20260612,a6fdb7f7-8cbe-4f00-a6bc-68733f24f18c,3895121,15,3237307500,3237307900
s3_s2sf12j2_kafka_rep4_20260612,kafka,sb-events-s3_s2sf12j2_kafka_rep4_20260612,5891ef4b-5571-4b46-961f-60fcb3d5029b,3895095,15,3239187700,3239188100
s3_s2sf12j2_kafka_rep4_20260612,kafka,sb-events-s3_s2sf12j2_kafka_rep4_20260612,0ae08622-c5d6-4f51-ac0a-85c965101887,3895095,15,3240976700,3240977100
s3_s2sf12j2_kafka_rep4_20260612,kafka,sb-events-s3_s2sf12j2_kafka_rep4_20260612,b2aa3ef3-18c5-47bb-8d2b-ae0489efea39,3895134,16,3242777700,3242778200
s3_s2sf12j2_kafka_rep4_20260612,kafka,sb-events-s3_s2sf12j2_kafka_rep4_20260612,923309c9-3dcf-4141-a48f-e3208bd1f952,3895113,16,3244361500,3244361900
s3_s2sf12j2_kafka_rep4_20260612,kafka,sb-events-s3_s2sf12j2_kafka_rep4_20260612,e8f5cb79-b270-408d-8a30-991d50c8bccd,3895095,16,3245762500,3245762900
s3_s2sf12j2_kafka_rep4_20260612,kafka,sb-events-s3_s2sf12j2_kafka_rep4_20260612,740e3759-e2fa-4c08-bb5e-ac9ff7760fce,3895074,16,3247214200,3247214400
s3_s2sf12j2_kafka_rep4_20260612,kafka,sb-events-s3_s2sf12j2_kafka_rep4_20260612,3f1b90e5-46c3-4832-b386-a774f9ef7762,3895074,16,3249157200,3249157500
s3_s2sf12j2_kafka_rep4_20260612,kafka,sb-events-s3_s2sf12j2_kafka_rep4_20260612,4453ce7d-4348-41a1-a86f-beae68288f76,3895074,16,3250747800,3250748100
s3_s2sf12j2_kafka_rep4_20260612,kafka,sb-events-s3_s2sf12j2_kafka_rep4_20260612,8eadb67c-5080-4a27-836f-922f5a6eeeb6,3895074,16,3252587500,3252587900
s3_s2sf12j2_kafka_rep4_20260612,kafka,sb-events-s3_s2sf12j2_kafka_rep4_20260612,4917b4e0-e17c-4412-bec0-734319e40d03,3895074,16,3254401200,3254401600
s3_s2sf12j2_kafka_rep4_20260612,kafka,sb-events-s3_s2sf12j2_kafka_rep4_20260612,6bae2646-95ef-4ae3-808b-79fa5756e3a0,3895086,17,3255516500,3255516800
s3_s2sf12j2_kafka_rep4_20260612,kafka,sb-events-s3_s2sf12j2_kafka_rep4_20260612,6099cc29-0d11-4fee-9d00-ce786f36eca9,3895113,17,3256827600,3256827900
s3_s2sf12j2_kafka_rep4_20260612,kafka,sb-events-s3_s2sf12j2_kafka_rep4_20260612,86a2db30-3020-4a3a-af2f-3b1d59b73adc,3895052,17,3258415700,3258416100
s3_s2sf12j2_kafka_rep4_20260612,kafka,sb-events-s3_s2sf12j2_kafka_rep4_20260612,da8b4ee3-3079-4353-ac9d-451a47100b52,3895121,17,3259622300,3259622600
s3_s2sf12j2_kafka_rep4_20260612,kafka,sb-events-s3_s2sf12j2_kafka_rep4_20260612,238ccd63-a906-4647-a994-0b592cedbb4d,3895113,17,3260861000,3260861300
s3_s2sf12j2_kafka_rep4_20260612,kafka,sb-events-s3_s2sf12j2_kafka_rep4_20260612,5f5f1bfd-17e6-4a75-a48d-23c004391ca0,3895121,17,3262315900,3262316200
s3_s2sf12j2_kafka_rep4_20260612,kafka,sb-events-s3_s2sf12j2_kafka_rep4_20260612,f56d4891-5044-48bc-98bd-2714de02c555,3895095,17,3263857000,3263857300
s3_s2sf12j2_kafka_rep4_20260612,kafka,sb-events-s3_s2sf12j2_kafka_rep4_20260612,74fb2011-216f-43aa-8c61-587989c3083d,3895095,17,3265451500,3265451900
s3_s2sf12j2_kafka_rep4_20260612,kafka,sb-events-s3_s2sf12j2_kafka_rep4_20260612,c4f630f3-cffd-4397-a545-146b8ed79cba,3895095,17,3267052500,3267052800
s3_s2sf12j2_kafka_rep4_20260612,kafka,sb-events-s3_s2sf12j2_kafka_rep4_20260612,a2d472e0-2844-401d-94b3-333c820b3d2d,3895086,18,3268559900,3268560300
s3_s2sf12j2_kafka_rep4_20260612,kafka,sb-events-s3_s2sf12j2_kafka_rep4_20260612,a3d8c0c0-3e97-47d3-8bee-8eba75a19ae8,3895086,18,3269868600,3269868900
s3_s2sf12j2_kafka_rep4_20260612,kafka,sb-events-s3_s2sf12j2_kafka_rep4_20260612,e1464657-428c-47db-b28c-41c44d976b21,3895086,18,3271180400,3271180700
s3_s2sf12j2_kafka_rep4_20260612,kafka,sb-events-s3_s2sf12j2_kafka_rep4_20260612,c6cba519-72a4-4c6a-a204-27bb2809348d,3895107,18,3272301000,3272301300
s3_s2sf12j2_kafka_rep4_20260612,kafka,sb-events-s3_s2sf12j2_kafka_rep4_20260612,415243ce-3849-4896-9be1-75365ad90b78,3895134,18,3273693500,3273693800
s3_s2sf12j2_kafka_rep4_20260612,kafka,sb-events-s3_s2sf12j2_kafka_rep4_20260612,f3cf7038-cbb0-4e2b-be0e-87d31d2aa135,3895086,18,3275305400,3275305800
s3_s2sf12j2_kafka_rep4_20260612,kafka,sb-events-s3_s2sf12j2_kafka_rep4_20260612,0419e708-847b-4ff2-a6f7-50031b3683e4,3895107,18,3276903300,3276903600
s3_s2sf12j2_kafka_rep4_20260612,kafka,sb-events-s3_s2sf12j2_kafka_rep4_20260612,f9096f10-3921-40be-bcaa-d7439f4bef6c,3895134,18,3278284900,3278285200
s3_s2sf12j2_kafka_rep4_20260612,kafka,sb-events-s3_s2sf12j2_kafka_rep4_20260612,b4c2c8e7-ca1b-4d18-863e-e58021f75654,3895086,18,3279543500,3279543800
s3_s2sf12j2_kafka_rep4_20260612,kafka,sb-events-s3_s2sf12j2_kafka_rep4_20260612,da618d2e-27e6-47f5-ba91-a32d880fc3f3,3895052,18,3280951000,3280951300
s3_s2sf12j2_kafka_rep4_20260612,kafka,sb-events-s3_s2sf12j2_kafka_rep4_20260612,c6085c22-483f-4a4b-a3a7-27fbee22ae65,3895052,18,3282787900,3282788100
s3_s2sf12j2_kafka_rep4_20260612,kafka,sb-events-s3_s2sf12j2_kafka_rep4_20260612,3211acd7-830e-4b57-9d44-ffc087f09783,3895121,18,3284886500,3284886700
s3_s2sf12j2_kafka_rep4_20260612,kafka,sb-events-s3_s2sf12j2_kafka_rep4_20260612,5ecff428-f7e5-4098-a070-003bae61d520,3895052,18,3287200300,3287200700
s3_s2sf12j2_kafka_rep4_20260612,kafka,sb-events-s3_s2sf12j2_kafka_rep4_20260612,08a00791-17e3-4e67-acbb-494c7c518e23,3895095,18,3288699900,3288700300
s3_s2sf12j2_kafka_rep4_20260612,kafka,sb-events-s3_s2sf12j2_kafka_rep4_20260612,4acda0ae-ebda-4589-806c-c3233063335e,3895107,19,3290193200,3290193500
s3_s2sf12j2_kafka_rep4_20260612,kafka,sb-events-s3_s2sf12j2_kafka_rep4_20260612,61c008f9-cf5c-4ebe-ae27-f5ee5b22c150,3895134,19,3291648700,3291649000
s3_s2sf12j2_kafka_rep4_20260612,kafka,sb-events-s3_s2sf12j2_kafka_rep4_20260612,7d098e93-c4a3-4d21-94e1-ee7f39346658,3895113,19,3293114700,3293114900
s3_s2sf12j2_kafka_rep4_20260612,kafka,sb-events-s3_s2sf12j2_kafka_rep4_20260612,95573a25-89e1-4453-899f-9231016295df,3895107,19,3294477200,3294477500
s3_s2sf12j2_kafka_rep4_20260612,kafka,sb-events-s3_s2sf12j2_kafka_rep4_20260612,f6afab09-dd54-41b0-9eab-2f54641f6cc7,3895134,19,3295805500,3295805800
s3_s2sf12j2_kafka_rep4_20260612,kafka,sb-events-s3_s2sf12j2_kafka_rep4_20260612,82b43325-f1c1-48f8-8a96-f447e73e0014,3895107,19,3297687200,3297687400
s3_s2sf12j2_kafka_rep4_20260612,kafka,sb-events-s3_s2sf12j2_kafka_rep4_20260612,fbeffccf-f6ec-4792-812e-6aa5f8535b6c,3895134,19,3299798800,3299799200
s3_s2sf12j2_kafka_rep4_20260612,kafka,sb-events-s3_s2sf12j2_kafka_rep4_20260612,babaa5b7-7d2a-455f-9d53-09929055b994,3895121,19,3301248800,3301249000
s3_s2sf12j2_kafka_rep4_20260612,kafka,sb-events-s3_s2sf12j2_kafka_rep4_20260612,31656a86-ac6f-48e7-8588-664d49470dcf,3895121,19,3302896600,3302896900
s3_s2sf12j2_kafka_rep4_20260612,kafka,sb-events-s3_s2sf12j2_kafka_rep4_20260612,c1fd3b58-ecc8-4b74-baf6-d706324c0a37,3895095,19,3305153800,3305154100
s3_s2sf12j2_kafka_rep4_20260612,kafka,sb-events-s3_s2sf12j2_kafka_rep4_20260612,34a68da4-a761-418e-a94a-29bb8fd8e96e,3895095,19,3306647500,3306647800
s3_s2sf12j2_kafka_rep4_20260612,kafka,sb-events-s3_s2sf12j2_kafka_rep4_20260612,5ea481e0-e6e1-4897-b6e0-78445211ad3d,3895060,20,3308243300,3308243700
s3_s2sf12j2_kafka_rep4_20260612,kafka,sb-events-s3_s2sf12j2_kafka_rep4_20260612,58a678fb-10ef-4114-9bbb-099466db1636,3895086,20,3309780000,3309780400
s3_s2sf12j2_kafka_rep4_20260612,kafka,sb-events-s3_s2sf12j2_kafka_rep4_20260612,5e0455ba-95d7-4dc9-92d6-c8b777a5c7b6,3895086,20,3311557100,3311557400
s3_s2sf12j2_kafka_rep4_20260612,kafka,sb-events-s3_s2sf12j2_kafka_rep4_20260612,9adb3957-42ed-4d0a-80fc-38ad27500ee0,3895113,20,3313111700,3313112000
s3_s2sf12j2_kafka_rep4_20260612,kafka,sb-events-s3_s2sf12j2_kafka_rep4_20260612,8e9c5a9a-0084-457b-93be-2ba84bbe4fcb,3895113,20,3314466300,3314466600
s3_s2sf12j2_kafka_rep4_20260612,kafka,sb-events-s3_s2sf12j2_kafka_rep4_20260612,91c869e1-262b-4223-89b4-903cf7e9b527,3895107,20,3315813400,3315813800
s3_s2sf12j2_kafka_rep4_20260612,kafka,sb-events-s3_s2sf12j2_kafka_rep4_20260612,a6f33202-5449-458f-8473-9c4274528e11,3895052,20,3317163800,3317164100
s3_s2sf12j2_kafka_rep4_20260612,kafka,sb-events-s3_s2sf12j2_kafka_rep4_20260612,20d4b309-2546-439a-96d6-c362fb3ecb2d,3895113,20,3318493500,3318493800
s3_s2sf12j2_kafka_rep4_20260612,kafka,sb-events-s3_s2sf12j2_kafka_rep4_20260612,91e88312-848a-47f2-8871-b71be8bb172c,3895107,20,3320173800,3320174100
s3_s2sf12j2_kafka_rep4_20260612,kafka,sb-events-s3_s2sf12j2_kafka_rep4_20260612,04f7f325-bfc0-4731-a32f-7f8232c8296e,3895121,20,3321715800,3321716000
s3_s2sf12j2_kafka_rep4_20260612,kafka,sb-events-s3_s2sf12j2_kafka_rep4_20260612,5bd4ec7d-4d90-4a2d-bcea-2fe45009e3e5,3895113,20,3322976100,3322976400
s3_s2sf12j2_kafka_rep4_20260612,kafka,sb-events-s3_s2sf12j2_kafka_rep4_20260612,90ec0daf-d61f-4501-ab28-c24d33c3ac5f,3895060,21,3324529800,3324530000
s3_s2sf12j2_kafka_rep4_20260612,kafka,sb-events-s3_s2sf12j2_kafka_rep4_20260612,948f6c30-084e-4ef6-a45d-90557e5552d8,3895060,21,3325913100,3325913300
s3_s2sf12j2_kafka_rep4_20260612,kafka,sb-events-s3_s2sf12j2_kafka_rep4_20260612,a4cf9a70-b481-4b49-9ce1-ca29ff7c506e,3895134,21,3327212900,3327213200
s3_s2sf12j2_kafka_rep4_20260612,kafka,sb-events-s3_s2sf12j2_kafka_rep4_20260612,ce0cff7d-de0c-4e19-8496-2dd948d69413,3895052,21,3328530400,3328530600
s3_s2sf12j2_kafka_rep4_20260612,kafka,sb-events-s3_s2sf12j2_kafka_rep4_20260612,d2616640-d066-4175-a00a-35d3db6e7ef0,3895134,21,3330323400,3330323800
s3_s2sf12j2_kafka_rep4_20260612,kafka,sb-events-s3_s2sf12j2_kafka_rep4_20260612,377feb38-fa03-4b29-bb7f-2cfbb3baf194,3895107,21,3331946300,3331946600
s3_s2sf12j2_kafka_rep4_20260612,kafka,sb-events-s3_s2sf12j2_kafka_rep4_20260612,ebaf6e35-461e-411b-a4c6-bd8c8807ed4b,3895052,21,3333536200,3333536500
s3_s2sf12j2_kafka_rep4_20260612,kafka,sb-events-s3_s2sf12j2_kafka_rep4_20260612,a5317761-7d6b-4332-832c-56edfbce761f,3895121,21,3335168000,3335168300
s3_s2sf12j2_kafka_rep4_20260612,kafka,sb-events-s3_s2sf12j2_kafka_rep4_20260612,6824686d-4590-42ed-bcb5-84522be6958f,3895113,21,3336525500,3336525800
s3_s2sf12j2_kafka_rep4_20260612,kafka,sb-events-s3_s2sf12j2_kafka_rep4_20260612,d0a1094c-65af-4a38-8aa7-a18ff8210a8e,3895107,21,3337780000,3337780300
s3_s2sf12j2_kafka_rep4_20260612,kafka,sb-events-s3_s2sf12j2_kafka_rep4_20260612,7b952b7f-319c-4b59-9887-322eb909afae,3895121,21,3339468600,3339468900
s3_s2sf12j2_kafka_rep4_20260612,kafka,sb-events-s3_s2sf12j2_kafka_rep4_20260612,4c5afbe4-b097-4acf-8087-c15c6b876bb2,3895113,21,3340986900,3340987200
s3_s2sf12j2_kafka_rep4_20260612,kafka,sb-events-s3_s2sf12j2_kafka_rep4_20260612,d7d57b8f-e679-4a01-9112-8c67d14816da,3895121,21,3342245500,3342245800
s3_s2sf12j2_kafka_rep4_20260612,kafka,sb-events-s3_s2sf12j2_kafka_rep4_20260612,13cdffc6-1a64-46ed-9d46-9d52584911eb,3895095,21,3343654400,3343654600
s3_s2sf12j2_kafka_rep4_20260612,kafka,sb-events-s3_s2sf12j2_kafka_rep4_20260612,380b0b2e-41af-476d-bb8d-683c2c4bc624,3895134,22,3345428500,3345428900
s3_s2sf12j2_kafka_rep4_20260612,kafka,sb-events-s3_s2sf12j2_kafka_rep4_20260612,9a40ee6a-81c2-48c1-b86d-7b611f1cbad9,3895052,22,3347062500,3347062700
s3_s2sf12j2_kafka_rep4_20260612,kafka,sb-events-s3_s2sf12j2_kafka_rep4_20260612,13033282-511b-44a2-bdfb-112ad4f2cbe2,3895107,22,3348525500,3348525700
s3_s2sf12j2_kafka_rep4_20260612,kafka,sb-events-s3_s2sf12j2_kafka_rep4_20260612,064b72e5-2907-4fec-ae0a-2108f5e8524f,3895052,22,3349859700,3349860100
s3_s2sf12j2_kafka_rep4_20260612,kafka,sb-events-s3_s2sf12j2_kafka_rep4_20260612,6d76d333-ddbe-4dd4-b0e0-f04bace0d42c,3895121,22,3351176900,3351177200
s3_s2sf12j2_kafka_rep4_20260612,kafka,sb-events-s3_s2sf12j2_kafka_rep4_20260612,b718de1e-9955-427d-a714-9612b515b37f,3895060,23,3352474900,3352475200
s3_s2sf12j2_kafka_rep4_20260612,kafka,sb-events-s3_s2sf12j2_kafka_rep4_20260612,5d1189db-89e2-4f3a-9fe7-9ca309a9180b,3895086,23,3353807500,3353807700
s3_s2sf12j2_kafka_rep4_20260612,kafka,sb-events-s3_s2sf12j2_kafka_rep4_20260612,0ff21259-8e4f-4ca9-b2f0-eeca108eaf72,3895107,23,3355161000,3355161300
s3_s2sf12j2_kafka_rep4_20260612,kafka,sb-events-s3_s2sf12j2_kafka_rep4_20260612,bf131dfc-aa54-477b-aa3a-fe427e0f5a4d,3895052,23,3356648400,3356648800
s3_s2sf12j2_kafka_rep4_20260612,kafka,sb-events-s3_s2sf12j2_kafka_rep4_20260612,f436fba2-fe86-4de4-81a8-6f0ade75bb37,3895095,23,3358533300,3358533800
s3_s2sf12j2_kafka_rep4_20260612,kafka,sb-events-s3_s2sf12j2_kafka_rep4_20260612,0330715d-3ebb-4144-b556-11d9aea021f7,3895107,23,3360107100,3360107300
s3_s2sf12j2_kafka_rep4_20260612,kafka,sb-events-s3_s2sf12j2_kafka_rep4_20260612,cb77e8ab-344f-468f-81fa-a6da694d993e,3895095,23,3362133800,3362134100
s3_s2sf12j2_kafka_rep4_20260612,kafka,sb-events-s3_s2sf12j2_kafka_rep4_20260612,13f2f67e-ce8a-45c1-91d1-965bd994230e,3895107,23,3363605000,3363605300
s3_s2sf12j2_kafka_rep4_20260612,kafka,sb-events-s3_s2sf12j2_kafka_rep4_20260612,30439125-dd53-46d2-95b0-e188be25443c,3895067,24,3365150400,3365150600
s3_s2sf12j2_kafka_rep4_20260612,kafka,sb-events-s3_s2sf12j2_kafka_rep4_20260612,11e909cf-1292-4ff6-877b-047271284066,3895060,24,3366863000,3366863300
s3_s2sf12j2_kafka_rep4_20260612,kafka,sb-events-s3_s2sf12j2_kafka_rep4_20260612,43d00079-b73c-4617-aa1a-2d5d3d54ba34,3895086,24,3368554400,3368554700
s3_s2sf12j2_kafka_rep4_20260612,kafka,sb-events-s3_s2sf12j2_kafka_rep4_20260612,a332d835-268e-4498-8bfb-67085f324c46,3895086,24,3370378400,3370378700
s3_s2sf12j2_kafka_rep4_20260612,kafka,sb-events-s3_s2sf12j2_kafka_rep4_20260612,cf31353b-8f9d-4a5e-9fbe-b74bcc381264,3895121,24,3372116600,3372116800
s3_s2sf12j2_kafka_rep4_20260612,kafka,sb-events-s3_s2sf12j2_kafka_rep4_20260612,e8f164f5-a160-4c46-a82c-abe4e89677d9,3895121,24,3374088000,3374088400
s3_s2sf12j2_kafka_rep4_20260612,kafka,sb-events-s3_s2sf12j2_kafka_rep4_20260612,dcc91b79-7910-496f-853c-e3a279361c9c,3895107,24,3376098700,3376099000
s3_s2sf12j2_kafka_rep4_20260612,kafka,sb-events-s3_s2sf12j2_kafka_rep4_20260612,a815f844-803f-46d0-98ef-cb7d3aca3c8b,3895067,25,3377408700,3377409000
s3_s2sf12j2_kafka_rep4_20260612,kafka,sb-events-s3_s2sf12j2_kafka_rep4_20260612,ead699aa-f13c-4cdf-8423-f658ad925cb5,3895067,25,3378838700,3378839100
s3_s2sf12j2_kafka_rep4_20260612,kafka,sb-events-s3_s2sf12j2_kafka_rep4_20260612,9f680d72-f947-4b6e-a483-04e6cb981cf5,3895060,25,3380477300,3380477600
s3_s2sf12j2_kafka_rep4_20260612,kafka,sb-events-s3_s2sf12j2_kafka_rep4_20260612,84c01004-f3ae-4fda-bcdd-31980eb13196,3895060,25,3381711600,3381711800
s3_s2sf12j2_kafka_rep4_20260612,kafka,sb-events-s3_s2sf12j2_kafka_rep4_20260612,2b8248b7-ca1e-4b25-8019-43dcd354312b,3895134,25,3383366700,3383366900
s3_s2sf12j2_kafka_rep4_20260612,kafka,sb-events-s3_s2sf12j2_kafka_rep4_20260612,07087bbe-871b-46b9-af20-4c074da4a10d,3895113,25,3385009200,3385009600
s3_s2sf12j2_kafka_rep4_20260612,kafka,sb-events-s3_s2sf12j2_kafka_rep4_20260612,24fa959e-ad78-4dfb-9cf7-ff352947271c,3895052,25,3386673300,3386673800
s3_s2sf12j2_kafka_rep4_20260612,kafka,sb-events-s3_s2sf12j2_kafka_rep4_20260612,03f103fa-f1fc-463e-87d9-cd3db62d4291,3895052,25,3388261600,3388262100
s3_s2sf12j2_kafka_rep4_20260612,kafka,sb-events-s3_s2sf12j2_kafka_rep4_20260612,da6d72e8-314a-4232-892f-7f2b7aa233da,3895052,25,3389677200,3389677500
s3_s2sf12j2_kafka_rep4_20260612,kafka,sb-events-s3_s2sf12j2_kafka_rep4_20260612,197edbf9-491f-48e7-b569-16790aa29662,3895107,25,3391065200,3391065600
s3_s2sf12j2_kafka_rep4_20260612,kafka,sb-events-s3_s2sf12j2_kafka_rep4_20260612,8cbf25e7-f76d-430e-b1c7-4b5c77f460f1,3895107,25,3392412200,3392412500
s3_s2sf12j2_kafka_rep4_20260612,kafka,sb-events-s3_s2sf12j2_kafka_rep4_20260612,e1f2d0bd-aeb0-42b2-867d-f5e407986d61,3895086,26,3393615300,3393615600
s3_s2sf12j2_kafka_rep4_20260612,kafka,sb-events-s3_s2sf12j2_kafka_rep4_20260612,1cfdd0b2-0f61-4520-8329-c24d895696b1,3895113,26,3394685900,3394686200
s3_s2sf12j2_kafka_rep4_20260612,kafka,sb-events-s3_s2sf12j2_kafka_rep4_20260612,4a4a7e44-43c5-44e2-bf4c-ca1637daea87,3895107,26,3396302500,3396302900
s3_s2sf12j2_kafka_rep4_20260612,kafka,sb-events-s3_s2sf12j2_kafka_rep4_20260612,b812268f-ce7d-4b17-9ad2-f38e50908694,3895107,26,3398450900,3398451100
s3_s2sf12j2_kafka_rep4_20260612,kafka,sb-events-s3_s2sf12j2_kafka_rep4_20260612,984ac2c7-33e7-43ac-8152-f88bdf9bcb40,3895107,26,3400034400,3400034600
s3_s2sf12j2_kafka_rep4_20260612,kafka,sb-events-s3_s2sf12j2_kafka_rep4_20260612,2c82e5ca-792d-4700-8f46-ad27ebbb3545,3895107,26,3401648400,3401648700
s3_s2sf12j2_kafka_rep4_20260612,kafka,sb-events-s3_s2sf12j2_kafka_rep4_20260612,d109e813-a171-4eab-bd01-20c8e0a2d54b,3895067,27,3403198000,3403198400
s3_s2sf12j2_kafka_rep4_20260612,kafka,sb-events-s3_s2sf12j2_kafka_rep4_20260612,4dbc35f7-4520-4c1d-a0c1-81c1760b2c40,3895067,27,3404542900,3404543200
s3_s2sf12j2_kafka_rep4_20260612,kafka,sb-events-s3_s2sf12j2_kafka_rep4_20260612,10df0432-33a1-4c21-9b36-dc9a9488ba69,3895067,27,3405897700,3405897900
s3_s2sf12j2_kafka_rep4_20260612,kafka,sb-events-s3_s2sf12j2_kafka_rep4_20260612,1ada5a52-ccdd-47d6-bfae-a3c6cfe6695c,3895086,27,3407300200,3407300500
s3_s2sf12j2_kafka_rep4_20260612,kafka,sb-events-s3_s2sf12j2_kafka_rep4_20260612,3e22029c-1ffc-479a-8824-66a065a2fdf6,3895134,27,3408612800,3408613100
s3_s2sf12j2_kafka_rep4_20260612,kafka,sb-events-s3_s2sf12j2_kafka_rep4_20260612,49b31666-46f5-4aa7-a2b1-869d05a27d90,3895086,27,3410442500,3410442800
s3_s2sf12j2_kafka_rep4_20260612,kafka,sb-events-s3_s2sf12j2_kafka_rep4_20260612,3ef9a433-6ad8-4533-b8c7-8465064ae209,3895134,27,3412344200,3412344400
s3_s2sf12j2_kafka_rep4_20260612,kafka,sb-events-s3_s2sf12j2_kafka_rep4_20260612,c3ae126d-34d6-421c-813d-3e3179428b05,3895086,27,3414304400,3414304600
s3_s2sf12j2_kafka_rep4_20260612,kafka,sb-events-s3_s2sf12j2_kafka_rep4_20260612,cfe9b540-ca3b-4aad-b553-0674713203bb,3895113,27,3415732000,3415732300
s3_s2sf12j2_kafka_rep4_20260612,kafka,sb-events-s3_s2sf12j2_kafka_rep4_20260612,6a8269d2-5ce9-4921-9502-03ae5b27b8b6,3895113,27,3417342100,3417342400
s3_s2sf12j2_kafka_rep4_20260612,kafka,sb-events-s3_s2sf12j2_kafka_rep4_20260612,87c20b3f-2fe3-4696-b387-5997a79262eb,3895052,27,3418959800,3418960000
s3_s2sf12j2_kafka_rep4_20260612,kafka,sb-events-s3_s2sf12j2_kafka_rep4_20260612,ce148b24-1185-48a7-bc22-d593e8115f3c,3895052,27,3420510100,3420510400
s3_s2sf12j2_kafka_rep4_20260612,kafka,sb-events-s3_s2sf12j2_kafka_rep4_20260612,12eedca2-420b-4b01-a81d-12b847d2f8a6,3895107,27,3421896700,3421897100
s3_s2sf12j2_kafka_rep4_20260612,kafka,sb-events-s3_s2sf12j2_kafka_rep4_20260612,b343f95e-f220-4957-afda-b760c0859784,3895107,27,3423496400,3423496600
s3_s2sf12j2_kafka_rep4_20260612,kafka,sb-events-s3_s2sf12j2_kafka_rep4_20260612,d4611d70-d895-41fc-95ab-a1c65347c86b,3895095,28,3425104100,3425104300
s3_s2sf12j2_kafka_rep4_20260612,kafka,sb-events-s3_s2sf12j2_kafka_rep4_20260612,e3e1f7c7-4932-4722-9f8c-b801ec0f3eb9,3895113,28,3426477700,3426478100
s3_s2sf12j2_kafka_rep4_20260612,kafka,sb-events-s3_s2sf12j2_kafka_rep4_20260612,f2148745-955f-4ae6-99fc-7eea72344f5c,3895052,28,3428220100,3428220600
s3_s2sf12j2_kafka_rep4_20260612,kafka,sb-events-s3_s2sf12j2_kafka_rep4_20260612,2e41f9b8-5553-4025-bfb2-90dc50a9013a,3895107,28,3430331500,3430332000
s3_s2sf12j2_kafka_rep4_20260612,kafka,sb-events-s3_s2sf12j2_kafka_rep4_20260612,78f5f9b2-8e23-4ed5-bc21-6cb65b4bfecd,3895107,28,3432705600,3432706000
s3_s2sf12j2_kafka_rep4_20260612,kafka,sb-events-s3_s2sf12j2_kafka_rep4_20260612,d0c9136b-fb00-4bfe-bd7f-3b3dbdc6992c,3895107,28,3434597000,3434597300
s3_s2sf12j2_kafka_rep4_20260612,kafka,sb-events-s3_s2sf12j2_kafka_rep4_20260612,9279e24a-1872-4df5-9f01-bb6acffcaaf3,3895107,28,3436336300,3436336700
s3_s2sf12j2_kafka_rep4_20260612,kafka,sb-events-s3_s2sf12j2_kafka_rep4_20260612,79692146-523d-48d7-bb97-a2bfe9215a4c,3895107,28,3438126000,3438126200
s3_s2sf12j2_kafka_rep4_20260612,kafka,sb-events-s3_s2sf12j2_kafka_rep4_20260612,447b0a0c-05be-471b-aaf1-2bc3a39574a6,3895067,29,3439838800,3439839200
s3_s2sf12j2_kafka_rep4_20260612,kafka,sb-events-s3_s2sf12j2_kafka_rep4_20260612,5a772691-1265-464f-aabd-c573e8a0ab8c,3895074,29,3441551700,3441552000
s3_s2sf12j2_kafka_rep4_20260612,kafka,sb-events-s3_s2sf12j2_kafka_rep4_20260612,263393dd-6b86-4b3d-b4d4-08e19a071251,3895134,29,3442858900,3442859300
s3_s2sf12j2_kafka_rep4_20260612,kafka,sb-events-s3_s2sf12j2_kafka_rep4_20260612,6b3357d7-8b5b-4068-944b-8abb2b0458ff,3895086,29,3444392200,3444392700
s3_s2sf12j2_kafka_rep4_20260612,kafka,sb-events-s3_s2sf12j2_kafka_rep4_20260612,8ecf55aa-b2b4-4325-87ae-b9773d146ca4,3895086,29,3445846900,3445847200
s3_s2sf12j2_kafka_rep4_20260612,kafka,sb-events-s3_s2sf12j2_kafka_rep4_20260612,dcdc9caf-542f-4fed-b166-7702a8293952,3895086,29,3447143400,3447143600
s3_s2sf12j2_kafka_rep4_20260612,kafka,sb-events-s3_s2sf12j2_kafka_rep4_20260612,ae5bee75-9e2e-4cae-8851-9bc9f0cc7b5a,3895095,29,3448588400,3448588700
s3_s2sf12j2_kafka_rep4_20260612,kafka,sb-events-s3_s2sf12j2_kafka_rep4_20260612,aa1a96f4-8527-46a3-acd2-83312ccc9a0e,3895095,29,3450152600,3450152900
s3_s2sf12j2_kafka_rep4_20260612,kafka,sb-events-s3_s2sf12j2_kafka_rep4_20260612,ee3252c0-e79b-495e-ae80-583351179971,3895113,29,3452206800,3452207000
s3_s2sf12j2_kafka_rep4_20260612,kafka,sb-events-s3_s2sf12j2_kafka_rep4_20260612,19f46068-5944-4812-bfac-1e1aa46413fb,3895113,29,3454367800,3454368100
s3_s2sf12j2_kafka_rep4_20260612,kafka,sb-events-s3_s2sf12j2_kafka_rep4_20260612,914c3940-48b4-4246-bd08-2b34e8349649,3895052,29,3455828300,3455828700
s3_s2sf12j2_kafka_rep4_20260612,kafka,sb-events-s3_s2sf12j2_kafka_rep4_20260612,45e61b15-c483-49fa-8a40-525424f6f0fd,3895107,29,3457313000,3457313200
s3_s2sf12j2_kafka_rep4_20260612,kafka,sb-events-s3_s2sf12j2_kafka_rep4_20260612,15787cdd-9935-4bff-b68c-760a497af7cc,3895107,29,3458922900,3458923400
s3_s2sf12j2_kafka_rep4_20260612,kafka,sb-events-s3_s2sf12j2_kafka_rep4_20260612,71b87a61-6e42-47b4-b6be-ca855a10d871,3895074,30,3460232900,3460233200
s3_s2sf12j2_kafka_rep4_20260612,kafka,sb-events-s3_s2sf12j2_kafka_rep4_20260612,627a9ff5-4a44-4ca1-a183-ed241303d231,3895074,30,3461775100,3461775400
s3_s2sf12j2_kafka_rep4_20260612,kafka,sb-events-s3_s2sf12j2_kafka_rep4_20260612,9351a75c-1c91-4205-b38c-4875eb4ab288,3895134,30,3463124200,3463124400
s3_s2sf12j2_kafka_rep4_20260612,kafka,sb-events-s3_s2sf12j2_kafka_rep4_20260612,0eb76ef4-ed2e-4a58-b18f-6a3f6722f9e1,3895074,30,3465101800,3465102300
s3_s2sf12j2_kafka_rep4_20260612,kafka,sb-events-s3_s2sf12j2_kafka_rep4_20260612,b1ebe5e7-8980-4421-b068-c1b1a36c650d,3895134,30,3466873400,3466873800
s3_s2sf12j2_kafka_rep4_20260612,kafka,sb-events-s3_s2sf12j2_kafka_rep4_20260612,f1851ae9-876d-42a8-8c1c-9d39b58512ef,3895134,30,3468709600,3468710100
s3_s2sf12j2_kafka_rep4_20260612,kafka,sb-events-s3_s2sf12j2_kafka_rep4_20260612,296e5f1d-e535-4774-b97f-5a38164d4b8f,3895095,30,3470274100,3470274400
s3_s2sf12j2_kafka_rep4_20260612,kafka,sb-events-s3_s2sf12j2_kafka_rep4_20260612,b3acab4e-f147-4ab7-8b84-8d90f00ed126,3895067,31,3471634500,3471634800
s3_s2sf12j2_kafka_rep4_20260612,kafka,sb-events-s3_s2sf12j2_kafka_rep4_20260612,e06cfc4c-9c3c-4733-a711-b3d88fad8f32,3895086,31,3472919100,3472919600
s3_s2sf12j2_kafka_rep4_20260612,kafka,sb-events-s3_s2sf12j2_kafka_rep4_20260612,f7644a7f-0ac8-482f-9ec0-f722e6b7f072,3895086,31,3474409300,3474409800
s3_s2sf12j2_kafka_rep4_20260612,kafka,sb-events-s3_s2sf12j2_kafka_rep4_20260612,10ccacd2-12e9-4f5f-907e-988c1c25c90e,3895086,31,3475742900,3475743200
s3_s2sf12j2_kafka_rep4_20260612,kafka,sb-events-s3_s2sf12j2_kafka_rep4_20260612,5139bbac-6a19-4cef-956b-a1a6c0e36dbc,3895095,31,3477183700,3477183900
s3_s2sf12j2_kafka_rep4_20260612,kafka,sb-events-s3_s2sf12j2_kafka_rep4_20260612,2122e986-fc97-4fb7-82e7-52bbebd90352,3895095,31,3479195000,3479195200
s3_s2sf12j2_kafka_rep4_20260612,kafka,sb-events-s3_s2sf12j2_kafka_rep4_20260612,7ec1b841-0000-48ef-8b63-277239da3299,3895067,32,3480848100,3480848500
s3_s2sf12j2_kafka_rep4_20260612,kafka,sb-events-s3_s2sf12j2_kafka_rep4_20260612,8dd23275-eba9-4971-bce5-da81859b6b2e,3895121,32,3482555500,3482555800
s3_s2sf12j2_kafka_rep4_20260612,kafka,sb-events-s3_s2sf12j2_kafka_rep4_20260612,2c6c5867-a9c6-45c0-b53b-8f50c49f7e92,3895113,32,3484123400,3484123800
s3_s2sf12j2_kafka_rep4_20260612,kafka,sb-events-s3_s2sf12j2_kafka_rep4_20260612,b858f0f4-ba17-4962-b947-b84799009462,3895113,32,3485965300,3485965600
s3_s2sf12j2_kafka_rep4_20260612,kafka,sb-events-s3_s2sf12j2_kafka_rep4_20260612,bab99ff3-3588-4401-a890-bdf6608b9a48,3895107,32,3487104600,3487104800
s3_s2sf12j2_kafka_rep4_20260612,kafka,sb-events-s3_s2sf12j2_kafka_rep4_20260612,c1ae8433-3128-4a28-aae7-22525204f668,3895067,33,3488377600,3488377800
s3_s2sf12j2_kafka_rep4_20260612,kafka,sb-events-s3_s2sf12j2_kafka_rep4_20260612,3eaad870-8b07-4e98-b321-069674f3f82b,3895074,33,3489855600,3489855900
s3_s2sf12j2_kafka_rep4_20260612,kafka,sb-events-s3_s2sf12j2_kafka_rep4_20260612,4bdb4956-a093-46d2-98fe-109bb1fb1765,3895121,33,3491758300,3491758500
s3_s2sf12j2_kafka_rep4_20260612,kafka,sb-events-s3_s2sf12j2_kafka_rep4_20260612,592d4541-7545-4895-bb90-16cd88fd6bf2,3895121,33,3493473400,3493473800
s3_s2sf12j2_kafka_rep4_20260612,kafka,sb-events-s3_s2sf12j2_kafka_rep4_20260612,a5ee5014-88eb-46e6-994c-e1ba365efbb1,3895121,33,3495106100,3495106400
s3_s2sf12j2_kafka_rep4_20260612,kafka,sb-events-s3_s2sf12j2_kafka_rep4_20260612,85016910-7a46-41d7-9daa-e67ae1f50e97,3895086,33,3496659900,3496660200
s3_s2sf12j2_kafka_rep4_20260612,kafka,sb-events-s3_s2sf12j2_kafka_rep4_20260612,4dd4ac95-4164-4d15-8e70-836f84f12a8a,3895121,33,3498442400,3498442700
s3_s2sf12j2_kafka_rep4_20260612,kafka,sb-events-s3_s2sf12j2_kafka_rep4_20260612,02c211e4-b3bf-4022-be9f-fc5e3d0f59b6,3895086,33,3500021200,3500021800
s3_s2sf12j2_kafka_rep4_20260612,kafka,sb-events-s3_s2sf12j2_kafka_rep4_20260612,b1f40782-0844-4ca7-8a99-20694926c324,3895121,33,3501495500,3501495800
s3_s2sf12j2_kafka_rep4_20260612,kafka,sb-events-s3_s2sf12j2_kafka_rep4_20260612,d9e6bd9b-89d4-45ee-85fc-00900e577173,3895121,33,3502971800,3502972200
s3_s2sf12j2_kafka_rep4_20260612,kafka,sb-events-s3_s2sf12j2_kafka_rep4_20260612,5452081a-96f0-4852-86c5-8e0190c4ce6c,3895107,33,3504966400,3504966700
s3_s2sf12j2_kafka_rep4_20260612,kafka,sb-events-s3_s2sf12j2_kafka_rep4_20260612,db85ec6b-1a44-4182-96fb-36516fe277aa,3895107,33,3506753300,3506753600
s3_s2sf12j2_kafka_rep4_20260612,kafka,sb-events-s3_s2sf12j2_kafka_rep4_20260612,92c1b7bb-eaee-47f1-bb28-3688ba247c98,3895060,34,3508263700,3508264200
s3_s2sf12j2_kafka_rep4_20260612,kafka,sb-events-s3_s2sf12j2_kafka_rep4_20260612,3d40db80-19ae-4784-9115-8a64c8382f1f,3895074,34,3509941700,3509942000
s3_s2sf12j2_kafka_rep4_20260612,kafka,sb-events-s3_s2sf12j2_kafka_rep4_20260612,f7ccc18b-f57d-473d-aef2-7b018211ff13,3895074,34,3511440500,3511440800
s3_s2sf12j2_kafka_rep4_20260612,kafka,sb-events-s3_s2sf12j2_kafka_rep4_20260612,343cc444-e0ab-43f0-a93f-66266b9dbea8,3895113,34,3513350000,3513350300
s3_s2sf12j2_kafka_rep4_20260612,kafka,sb-events-s3_s2sf12j2_kafka_rep4_20260612,1286483f-b0bf-4d49-9a2f-2233368aaa37,3895113,34,3515092900,3515093200
s3_s2sf12j2_kafka_rep4_20260612,kafka,sb-events-s3_s2sf12j2_kafka_rep4_20260612,35c75d8f-f13e-4940-8843-96202930c58c,3895121,34,3516596400,3516596800
s3_s2sf12j2_kafka_rep4_20260612,kafka,sb-events-s3_s2sf12j2_kafka_rep4_20260612,d97ce31d-b6bd-454f-b4f3-583b06b5b821,3895113,34,3518146800,3518147200
s3_s2sf12j2_kafka_rep4_20260612,kafka,sb-events-s3_s2sf12j2_kafka_rep4_20260612,db104f0b-4bee-4708-8598-d5233acbfd34,3895107,34,3520024800,3520025100
s3_s2sf12j2_kafka_rep4_20260612,kafka,sb-events-s3_s2sf12j2_kafka_rep4_20260612,d8bafa86-623c-428c-b507-6da8d83df984,3895060,35,3521135700,3521136100
s3_s2sf12j2_kafka_rep4_20260612,kafka,sb-events-s3_s2sf12j2_kafka_rep4_20260612,8a9895c6-a43d-4488-b3c3-826e7813c15e,3895060,35,3522703900,3522704100
s3_s2sf12j2_kafka_rep4_20260612,kafka,sb-events-s3_s2sf12j2_kafka_rep4_20260612,38e6d097-a9de-49da-b6cf-d57ea1fbdfa9,3895121,35,3524644000,3524644500
s3_s2sf12j2_kafka_rep4_20260612,kafka,sb-events-s3_s2sf12j2_kafka_rep4_20260612,5e8cf1bd-a044-4542-b2bf-cac8667f4322,3895113,35,3526190900,3526191200
s3_s2sf12j2_kafka_rep4_20260612,kafka,sb-events-s3_s2sf12j2_kafka_rep4_20260612,90d289d6-4046-4fdb-9ea5-387717cb297d,3895113,35,3527780100,3527780400
s3_s2sf12j2_kafka_rep4_20260612,kafka,sb-events-s3_s2sf12j2_kafka_rep4_20260612,edd5ce07-d5a1-480e-b4b3-d3cfe453d008,3895113,35,3530178500,3530178700
s3_s2sf12j2_kafka_rep4_20260612,kafka,sb-events-s3_s2sf12j2_kafka_rep4_20260612,d5f49005-e164-4a56-b36c-8e788d813b4c,3895086,36,3531597500,3531597800
s3_s2sf12j2_kafka_rep4_20260612,kafka,sb-events-s3_s2sf12j2_kafka_rep4_20260612,42c600fd-1ba8-4635-888b-d1c43e4642ca,3895121,36,3533593600,3533594100
s3_s2sf12j2_kafka_rep4_20260612,kafka,sb-events-s3_s2sf12j2_kafka_rep4_20260612,32090cac-d662-4ecc-99e0-ac0e4575877f,3895113,36,3534903500,3534903800
s3_s2sf12j2_kafka_rep4_20260612,kafka,sb-events-s3_s2sf12j2_kafka_rep4_20260612,c375c660-a042-4e1d-9377-a3d8e9137b77,3895113,36,3536233600,3536233900
s3_s2sf12j2_kafka_rep4_20260612,kafka,sb-events-s3_s2sf12j2_kafka_rep4_20260612,956dc981-5c22-41fc-800c-123fe8ce5e4a,3895113,36,3537507800,3537508000
s3_s2sf12j2_kafka_rep4_20260612,kafka,sb-events-s3_s2sf12j2_kafka_rep4_20260612,2385fdd1-5767-4de2-9c4b-54ed4e9d1e43,3895067,37,3539199600,3539200000
s3_s2sf12j2_kafka_rep4_20260612,kafka,sb-events-s3_s2sf12j2_kafka_rep4_20260612,68b68600-4736-4bb8-96f4-4648b096d2ad,3895074,37,3540582300,3540582600
s3_s2sf12j2_kafka_rep4_20260612,kafka,sb-events-s3_s2sf12j2_kafka_rep4_20260612,06029eea-1721-442f-b067-5ea6dc7b0631,3895074,37,3542166500,3542166800
s3_s2sf12j2_kafka_rep4_20260612,kafka,sb-events-s3_s2sf12j2_kafka_rep4_20260612,345213be-58bb-4752-82aa-82a0cd026971,3895121,37,3543897800,3543898200
s3_s2sf12j2_kafka_rep4_20260612,kafka,sb-events-s3_s2sf12j2_kafka_rep4_20260612,26e2822c-be09-429f-b5e1-9478a147e355,3895121,37,3546012800,3546013100
s3_s2sf12j2_kafka_rep4_20260612,kafka,sb-events-s3_s2sf12j2_kafka_rep4_20260612,6fa24066-9ea3-4e9f-83cb-2c9bf05e6167,3895121,37,3547780700,3547781000
s3_s2sf12j2_kafka_rep4_20260612,kafka,sb-events-s3_s2sf12j2_kafka_rep4_20260612,325e9b33-e862-4822-88ad-25bff06d2c07,3895121,37,3549946900,3549947300
s3_s2sf12j2_kafka_rep4_20260612,kafka,sb-events-s3_s2sf12j2_kafka_rep4_20260612,acb76887-5356-44c9-bc8e-16b40dea5fdd,3895113,37,3551449200,3551449500
s3_s2sf12j2_kafka_rep4_20260612,kafka,sb-events-s3_s2sf12j2_kafka_rep4_20260612,5647da51-88db-4e25-a864-8610b7aaea93,3895067,38,3553276400,3553276800
s3_s2sf12j2_kafka_rep4_20260612,kafka,sb-events-s3_s2sf12j2_kafka_rep4_20260612,26deaac5-4c1c-429d-bc3b-a714e513cc0c,3895060,38,3554769800,3554770200
s3_s2sf12j2_kafka_rep4_20260612,kafka,sb-events-s3_s2sf12j2_kafka_rep4_20260612,12a36da3-d1f7-4490-a4f8-f4be3907a880,3895067,38,3556576900,3556577200
s3_s2sf12j2_kafka_rep4_20260612,kafka,sb-events-s3_s2sf12j2_kafka_rep4_20260612,bb7d9289-4044-46d8-8558-4f23cc40f18b,3895095,38,3558682800,3558683100
s3_s2sf12j2_kafka_rep4_20260612,kafka,sb-events-s3_s2sf12j2_kafka_rep4_20260612,191352f4-b6b1-4676-bb29-03561c51730b,3895107,38,3560591900,3560592100
s3_s2sf12j2_kafka_rep4_20260612,kafka,sb-events-s3_s2sf12j2_kafka_rep4_20260612,90e3b280-77a2-42f8-80a1-789498a383d1,3895060,39,3562453800,3562454100
s3_s2sf12j2_kafka_rep4_20260612,kafka,sb-events-s3_s2sf12j2_kafka_rep4_20260612,cea8c7fe-1b2f-4beb-9b6b-0c11f999b909,3895060,39,3563916200,3563916400
s3_s2sf12j2_kafka_rep4_20260612,kafka,sb-events-s3_s2sf12j2_kafka_rep4_20260612,59f60e75-1337-46d7-bc7c-676bad3acc07,3895060,39,3565610000,3565610500
s3_s2sf12j2_kafka_rep4_20260612,kafka,sb-events-s3_s2sf12j2_kafka_rep4_20260612,00da8b93-dab3-460e-b1e5-1ee467331388,3895095,39,3567133300,3567133500
s3_s2sf12j2_kafka_rep4_20260612,kafka,sb-events-s3_s2sf12j2_kafka_rep4_20260612,91c32868-e70e-4b6a-a7ce-6723528ed7e8,3895095,39,3568543700,3568544000
s3_s2sf12j2_kafka_rep4_20260612,kafka,sb-events-s3_s2sf12j2_kafka_rep4_20260612,58ddef64-ed5b-4758-911b-9cc6f9bc3ab0,3895121,39,3569942300,3569942600
s3_s2sf12j2_kafka_rep4_20260612,kafka,sb-events-s3_s2sf12j2_kafka_rep4_20260612,bfd7ab2d-8af5-4ae1-a8a2-c438e0ecf01d,3895121,39,3571519600,3571519900
s3_s2sf12j2_kafka_rep4_20260612,kafka,sb-events-s3_s2sf12j2_kafka_rep4_20260612,220cb931-5cd7-4c7b-8fc0-6550c89e4b6b,3895113,39,3573226200,3573226700
s3_s2sf12j2_kafka_rep4_20260612,kafka,sb-events-s3_s2sf12j2_kafka_rep4_20260612,fb37f522-69f3-458c-96f4-574410785219,3895121,39,3574989100,3574989500
s3_s2sf12j2_kafka_rep4_20260612,kafka,sb-events-s3_s2sf12j2_kafka_rep4_20260612,4b550bc1-31ac-4914-8a11-29a4cecb6380,3895113,39,3576982900,3576983400
s3_s2sf12j2_kafka_rep4_20260612,kafka,sb-events-s3_s2sf12j2_kafka_rep4_20260612,f85aeff4-b9ad-4127-9dd6-ee22d8df6683,3895107,39,3578870800,3578871400
s3_s2sf12j2_kafka_rep4_20260612,kafka,sb-events-s3_s2sf12j2_kafka_rep4_20260612,e435a0b9-4c8a-4470-b59a-5ec58d706789,3895060,40,3581070300,3581070700
s3_s2sf12j2_kafka_rep4_20260612,kafka,sb-events-s3_s2sf12j2_kafka_rep4_20260612,22e32209-bb97-4c30-9b3b-beee02261e71,3895074,40,3583480300,3583480600
s3_s2sf12j2_kafka_rep4_20260612,kafka,sb-events-s3_s2sf12j2_kafka_rep4_20260612,42c834c5-484a-4ac0-8d9f-0bd7f0b4ae95,3895086,40,3586047000,3586047700
s3_s2sf12j2_kafka_rep4_20260612,kafka,sb-events-s3_s2sf12j2_kafka_rep4_20260612,dc60fe07-6cc5-473b-8ccf-9bf00e152a49,3895086,40,3588511500,3588512000
s3_s2sf12j2_kafka_rep4_20260612,kafka,sb-events-s3_s2sf12j2_kafka_rep4_20260612,75b3f799-6706-436e-bad8-445ccd64f4e2,3895095,40,3590908900,3590909200
s3_s2sf12j2_kafka_rep4_20260612,kafka,sb-events-s3_s2sf12j2_kafka_rep4_20260612,846dfbba-d9ca-4a4e-9f80-b12670b4085e,3895067,41,3592916400,3592916700
s3_s2sf12j2_kafka_rep4_20260612,kafka,sb-events-s3_s2sf12j2_kafka_rep4_20260612,b20d045a-73cb-4eab-8dfc-bc07269ce986,3895060,41,3594766700,3594766900
s3_s2sf12j2_kafka_rep4_20260612,kafka,sb-events-s3_s2sf12j2_kafka_rep4_20260612,998ca3a4-a5cc-4a15-9c36-122431d2f843,3895060,41,3596790400,3596790800
s3_s2sf12j2_kafka_rep4_20260612,kafka,sb-events-s3_s2sf12j2_kafka_rep4_20260612,61c32a5d-7d5c-4b88-a59b-8e5ebed5e25c,3895060,41,3599004000,3599004300
s3_s2sf12j2_kafka_rep4_20260612,kafka,sb-events-s3_s2sf12j2_kafka_rep4_20260612,d4bf08dc-9205-4261-8876-566102e23931,3895060,41,3601061800,3601062100
s3_s2sf12j2_kafka_rep4_20260612,kafka,sb-events-s3_s2sf12j2_kafka_rep4_20260612,932cd718-07b8-4f43-843a-040ea138a086,3895095,41,3602546800,3602547000
s3_s2sf12j2_kafka_rep4_20260612,kafka,sb-events-s3_s2sf12j2_kafka_rep4_20260612,d63c807a-8016-408b-8ede-1c8b62314bd2,3895095,41,3604527600,3604528000
s3_s2sf12j2_kafka_rep4_20260612,kafka,sb-events-s3_s2sf12j2_kafka_rep4_20260612,b6b79bd5-83a0-45aa-ae80-3d1d5e30a83f,3895095,41,3606117500,3606117700
s3_s2sf12j2_kafka_rep4_20260612,kafka,sb-events-s3_s2sf12j2_kafka_rep4_20260612,f9d31109-d4a2-4fbf-b479-d10ce5b80123,3895095,41,3607505000,3607505300
s3_s2sf12j2_kafka_rep4_20260612,kafka,sb-events-s3_s2sf12j2_kafka_rep4_20260612,0bcbb10c-b3c8-406b-be58-ce0986f273ae,3895095,41,3609170000,3609170200
s3_s2sf12j2_kafka_rep4_20260612,kafka,sb-events-s3_s2sf12j2_kafka_rep4_20260612,92b772f2-c273-4ec4-a7e2-3d09c1452965,3895107,41,3610818500,3610818900
s3_s2sf12j2_kafka_rep4_20260612,kafka,sb-events-s3_s2sf12j2_kafka_rep4_20260612,e2fec3bf-0acb-49b9-9afa-4d4a4ecce0c1,3895107,41,3612687000,3612687200
s3_s2sf12j2_kafka_rep4_20260612,kafka,sb-events-s3_s2sf12j2_kafka_rep4_20260612,5ec55ad0-1494-4ad7-9fdd-7226078bb2db,3895067,42,3614620600,3614620800
s3_s2sf12j2_kafka_rep4_20260612,kafka,sb-events-s3_s2sf12j2_kafka_rep4_20260612,e04b6836-a1e8-4472-b5ef-4f602b2c983e,3895067,42,3615899700,3615899900
s3_s2sf12j2_kafka_rep4_20260612,kafka,sb-events-s3_s2sf12j2_kafka_rep4_20260612,13e3148f-e1f5-46b5-929a-d4dc6755ebf6,3895067,42,3617636900,3617637200
s3_s2sf12j2_kafka_rep4_20260612,kafka,sb-events-s3_s2sf12j2_kafka_rep4_20260612,468623e8-7e76-4b78-b553-f607b9fb4b07,3895067,42,3619086300,3619086500
s3_s2sf12j2_kafka_rep4_20260612,kafka,sb-events-s3_s2sf12j2_kafka_rep4_20260612,65a00927-90a1-4c33-a35c-363da5bcaaeb,3895060,42,3620950800,3620951000
s3_s2sf12j2_kafka_rep4_20260612,kafka,sb-events-s3_s2sf12j2_kafka_rep4_20260612,747510a6-98ed-4a69-9400-5617988abdfa,3895060,42,3623152200,3623152500
s3_s2sf12j2_kafka_rep4_20260612,kafka,sb-events-s3_s2sf12j2_kafka_rep4_20260612,f5acbdd4-0316-4e8d-b8d1-48c192aba5ba,3895060,42,3625096300,3625096600
s3_s2sf12j2_kafka_rep4_20260612,kafka,sb-events-s3_s2sf12j2_kafka_rep4_20260612,244fd2c8-b53e-4e9e-8f15-a3d4fc996e95,3895060,42,3627397400,3627397900
s3_s2sf12j2_kafka_rep4_20260612,kafka,sb-events-s3_s2sf12j2_kafka_rep4_20260612,4bbe9045-17fc-4dd4-b422-1b2c0b7f7c2d,3895086,42,3628843100,3628843400
s3_s2sf12j2_kafka_rep4_20260612,kafka,sb-events-s3_s2sf12j2_kafka_rep4_20260612,ee5e44ed-cec3-40a9-b760-3312d3d02746,3895086,42,3630679000,3630679300
s3_s2sf12j2_kafka_rep4_20260612,kafka,sb-events-s3_s2sf12j2_kafka_rep4_20260612,b7857dd2-503f-47c6-a8b4-71291a3e9b6c,3895121,42,3632362900,3632363200
s3_s2sf12j2_kafka_rep4_20260612,kafka,sb-events-s3_s2sf12j2_kafka_rep4_20260612,02d38453-def0-4dfb-8f41-809f0d0ee531,3895113,42,3633987300,3633987600
s3_s2sf12j2_kafka_rep4_20260612,kafka,sb-events-s3_s2sf12j2_kafka_rep4_20260612,88b6503f-b7ef-4671-8e00-5ce2fc49c9f7,3895107,42,3636018100,3636018400
s3_s2sf12j2_kafka_rep4_20260612,kafka,sb-events-s3_s2sf12j2_kafka_rep4_20260612,0ada3c93-0dea-44b3-838b-308d7032cb53,3895134,43,3638775500,3638776000
s3_s2sf12j2_kafka_rep4_20260612,kafka,sb-events-s3_s2sf12j2_kafka_rep4_20260612,490ee852-fb5c-4bc5-9ad4-60c7fa3aeb35,3895060,43,3640959900,3640960300
s3_s2sf12j2_kafka_rep4_20260612,kafka,sb-events-s3_s2sf12j2_kafka_rep4_20260612,e2b37f00-81ce-493d-9f04-3b60b2d08ff3,3895060,43,3642889200,3642889500
s3_s2sf12j2_kafka_rep4_20260612,kafka,sb-events-s3_s2sf12j2_kafka_rep4_20260612,33f17635-b8f6-4118-a3df-72500fc4136b,3895060,43,3645034600,3645035000
s3_s2sf12j2_kafka_rep4_20260612,kafka,sb-events-s3_s2sf12j2_kafka_rep4_20260612,e04ea77c-949a-42c1-a58b-9b2cd5ec3f86,3895086,43,3647000800,3647001100
s3_s2sf12j2_kafka_rep4_20260612,kafka,sb-events-s3_s2sf12j2_kafka_rep4_20260612,ea294bae-9cde-4a49-ba92-8de0e5558724,3895086,43,3648818200,3648818600
s3_s2sf12j2_kafka_rep4_20260612,kafka,sb-events-s3_s2sf12j2_kafka_rep4_20260612,bf7dd8ff-3505-484f-b34a-1cfbd05f5203,3895086,43,3651730700,3651731300
s3_s2sf12j2_kafka_rep4_20260612,kafka,sb-events-s3_s2sf12j2_kafka_rep4_20260612,7e09cb25-daea-481e-a291-444a2e190a68,3895113,43,3653995100,3653995400
s3_s2sf12j2_kafka_rep4_20260612,kafka,sb-events-s3_s2sf12j2_kafka_rep4_20260612,4334c761-3d76-4734-89ce-0d25fd4d1d5c,3895067,44,3656297200,3656297800
s3_s2sf12j2_kafka_rep4_20260612,kafka,sb-events-s3_s2sf12j2_kafka_rep4_20260612,de2f5dd9-8866-4731-8ba6-b62075693025,3895067,44,3659269200,3659269600
s3_s2sf12j2_kafka_rep4_20260612,kafka,sb-events-s3_s2sf12j2_kafka_rep4_20260612,e607fbaf-57c6-46a5-9065-cd6ef1483ee7,3895060,44,3661631000,3661631300
s3_s2sf12j2_kafka_rep4_20260612,kafka,sb-events-s3_s2sf12j2_kafka_rep4_20260612,b081c486-1265-44bc-9b1e-bdbab86027bc,3895060,44,3663755800,3663756100
s3_s2sf12j2_kafka_rep4_20260612,kafka,sb-events-s3_s2sf12j2_kafka_rep4_20260612,1294206e-9663-4a6b-9df5-c439b597a356,3895086,44,3666478600,3666478900
s3_s2sf12j2_kafka_rep4_20260612,kafka,sb-events-s3_s2sf12j2_kafka_rep4_20260612,6e6d3a04-3b2d-4594-912c-ef552bb70b66,3895121,44,3668799900,3668800500
s3_s2sf12j2_kafka_rep4_20260612,kafka,sb-events-s3_s2sf12j2_kafka_rep4_20260612,b7d0f261-5334-4d69-96af-25ae011560ca,3895121,44,3670677000,3670677300
s3_s2sf12j2_kafka_rep4_20260612,kafka,sb-events-s3_s2sf12j2_kafka_rep4_20260612,6bfc5905-fd3d-4a0f-8dd4-e66a22373576,3895134,45,3672415400,3672415600
s3_s2sf12j2_kafka_rep4_20260612,kafka,sb-events-s3_s2sf12j2_kafka_rep4_20260612,2083aef2-6d41-4a34-8a5a-4a3775a71852,3895134,45,3674302700,3674303000
s3_s2sf12j2_kafka_rep4_20260612,kafka,sb-events-s3_s2sf12j2_kafka_rep4_20260612,e7838e3a-3874-4ca3-b660-ea74ef2c384d,3895060,45,3676310800,3676311200
s3_s2sf12j2_kafka_rep4_20260612,kafka,sb-events-s3_s2sf12j2_kafka_rep4_20260612,58cdc1d1-788b-4e0b-a07b-84d6db9ad04b,3895086,45,3679669100,3679669500
s3_s2sf12j2_kafka_rep4_20260612,kafka,sb-events-s3_s2sf12j2_kafka_rep4_20260612,959b2e5b-016f-4594-9d72-537819b03bd8,3895086,45,3681095300,3681095700
s3_s2sf12j2_kafka_rep4_20260612,kafka,sb-events-s3_s2sf12j2_kafka_rep4_20260612,43d448f5-3161-4484-a1e9-7ead8dbb8df2,3895113,45,3682781500,3682781700
s3_s2sf12j2_kafka_rep4_20260612,kafka,sb-events-s3_s2sf12j2_kafka_rep4_20260612,7baac0c7-203d-4e43-89f7-7d482a26ee0d,3895121,45,3684158200,3684158400
s3_s2sf12j2_kafka_rep4_20260612,kafka,sb-events-s3_s2sf12j2_kafka_rep4_20260612,31bf416b-2f8b-436b-a233-07d16a05f948,3895113,45,3686027500,3686028000
s3_s2sf12j2_kafka_rep4_20260612,kafka,sb-events-s3_s2sf12j2_kafka_rep4_20260612,84b5ba76-8141-4875-82aa-039802b7b1e9,3895113,45,3687899800,3687900400
s3_s2sf12j2_kafka_rep4_20260612,kafka,sb-events-s3_s2sf12j2_kafka_rep4_20260612,87666b3c-fae0-4ec8-a71d-c2d3be7beb84,3895052,46,3689700400,3689700800
s3_s2sf12j2_kafka_rep4_20260612,kafka,sb-events-s3_s2sf12j2_kafka_rep4_20260612,89e0e216-29e0-4bad-b415-358338ffc09f,3895121,46,3691156800,3691157000
s3_s2sf12j2_kafka_rep4_20260612,kafka,sb-events-s3_s2sf12j2_kafka_rep4_20260612,533800e7-a633-4c16-989e-88d349c01143,3895113,46,3693141700,3693142200
s3_s2sf12j2_kafka_rep4_20260612,kafka,sb-events-s3_s2sf12j2_kafka_rep4_20260612,351f7fc6-14b7-46ba-9fb9-04f41961ded3,3895052,47,3694845600,3694845900
s3_s2sf12j2_kafka_rep4_20260612,kafka,sb-events-s3_s2sf12j2_kafka_rep4_20260612,fdc51a4b-28c8-4fce-84e7-171fe7b1d4b6,3895052,47,3696590200,3696590500
s3_s2sf12j2_kafka_rep4_20260612,kafka,sb-events-s3_s2sf12j2_kafka_rep4_20260612,f2ada232-d480-4ba1-abd7-75e39f0030a3,3895060,47,3698012400,3698012800
s3_s2sf12j2_kafka_rep4_20260612,kafka,sb-events-s3_s2sf12j2_kafka_rep4_20260612,79dceb5a-d57a-4e48-9857-49a39de9e10c,3895060,47,3699450800,3699451000
s3_s2sf12j2_kafka_rep4_20260612,kafka,sb-events-s3_s2sf12j2_kafka_rep4_20260612,0c0f4cd0-cd24-4049-a9c1-842b9ce36562,3895060,47,3701078000,3701078400
s3_s2sf12j2_kafka_rep4_20260612,kafka,sb-events-s3_s2sf12j2_kafka_rep4_20260612,04713f82-6bc1-4e6b-904b-eb4fd56d5eb3,3895067,48,3702399200,3702399500
s3_s2sf12j2_kafka_rep4_20260612,kafka,sb-events-s3_s2sf12j2_kafka_rep4_20260612,5f268cd7-74fc-4aea-9caa-8cdf9d717648,3895067,48,3704000700,3704001000
s3_s2sf12j2_kafka_rep4_20260612,kafka,sb-events-s3_s2sf12j2_kafka_rep4_20260612,76fa657c-52d9-444e-8432-b36a4d76771f,3895067,48,3705906700,3705907000
s3_s2sf12j2_kafka_rep4_20260612,kafka,sb-events-s3_s2sf12j2_kafka_rep4_20260612,96bd8297-91b0-47fc-a7b2-2c433ec2e694,3895052,48,3707344500,3707344900
s3_s2sf12j2_kafka_rep4_20260612,kafka,sb-events-s3_s2sf12j2_kafka_rep4_20260612,8d0349fb-568c-440c-9069-42adbf1f9c3a,3895052,48,3708654800,3708655100
s3_s2sf12j2_kafka_rep4_20260612,kafka,sb-events-s3_s2sf12j2_kafka_rep4_20260612,f5c259e0-c5c7-49b0-9c59-02585ab58986,3895086,48,3710166300,3710166600
s3_s2sf12j2_kafka_rep4_20260612,kafka,sb-events-s3_s2sf12j2_kafka_rep4_20260612,e008a8be-aa49-49e9-bd13-a93552b5c052,3895113,48,3711431400,3711431700
s3_s2sf12j2_kafka_rep4_20260612,kafka,sb-events-s3_s2sf12j2_kafka_rep4_20260612,cda89eb4-2a08-49d3-b303-e8d036641f46,3895134,49,3712808200,3712808500
s3_s2sf12j2_kafka_rep4_20260612,kafka,sb-events-s3_s2sf12j2_kafka_rep4_20260612,dc5c5cf4-f423-403a-b51c-979540ef7622,3895060,49,3714328600,3714329000
s3_s2sf12j2_kafka_rep4_20260612,kafka,sb-events-s3_s2sf12j2_kafka_rep4_20260612,1a55229e-3379-44ed-a2d0-4c24a2d6169a,3895060,49,3715880700,3715881000
s3_s2sf12j2_kafka_rep4_20260612,kafka,sb-events-s3_s2sf12j2_kafka_rep4_20260612,fac5aea2-5596-489a-968e-56f16712940d,3895107,49,3717250800,3717251100
s3_s2sf12j2_kafka_rep4_20260612,kafka,sb-events-s3_s2sf12j2_kafka_rep4_20260612,efcf17d5-c042-4aaf-b0d7-93d7c93295e4,3895067,50,3719125200,3719125400
s3_s2sf12j2_kafka_rep4_20260612,kafka,sb-events-s3_s2sf12j2_kafka_rep4_20260612,47018dac-e300-4c82-be64-a8bc5b624fe0,3895052,50,3720521800,3720522000
s3_s2sf12j2_kafka_rep4_20260612,kafka,sb-events-s3_s2sf12j2_kafka_rep4_20260612,e3fd3a05-da3c-47a0-a92c-2719348c579e,3895052,50,3722291200,3722291500
s3_s2sf12j2_kafka_rep4_20260612,kafka,sb-events-s3_s2sf12j2_kafka_rep4_20260612,2128811a-aed8-4767-93e5-6b8c8d052321,3895086,50,3723708100,3723708500
s3_s2sf12j2_kafka_rep4_20260612,kafka,sb-events-s3_s2sf12j2_kafka_rep4_20260612,3aac7306-7a20-48a5-899a-01fd2c81174c,3895086,50,3725194500,3725194900
s3_s2sf12j2_kafka_rep4_20260612,kafka,sb-events-s3_s2sf12j2_kafka_rep4_20260612,2776e660-6018-41ee-a851-c1d3110acce6,3895107,50,3726347700,3726348100
s3_s2sf12j2_kafka_rep4_20260612,kafka,sb-events-s3_s2sf12j2_kafka_rep4_20260612,fd3aeff8-4268-476c-9189-7980aa44e693,3895107,50,3727890900,3727891200
s3_s2sf12j2_kafka_rep4_20260612,kafka,sb-events-s3_s2sf12j2_kafka_rep4_20260612,868c8013-7306-466b-93e7-217812448fd5,3895134,51,3729715500,3729715800
s3_s2sf12j2_kafka_rep4_20260612,kafka,sb-events-s3_s2sf12j2_kafka_rep4_20260612,3001fadd-127b-4ce2-8879-42a84e9d6d18,3895134,51,3731374300,3731374600
s3_s2sf12j2_kafka_rep4_20260612,kafka,sb-events-s3_s2sf12j2_kafka_rep4_20260612,671975c8-652d-4d37-a960-34ea283e6839,3895067,51,3733216100,3733216300
s3_s2sf12j2_kafka_rep4_20260612,kafka,sb-events-s3_s2sf12j2_kafka_rep4_20260612,e6696fb9-60bc-4c61-804c-d5089d51dbfc,3895134,51,3734887400,3734888000
s3_s2sf12j2_kafka_rep4_20260612,kafka,sb-events-s3_s2sf12j2_kafka_rep4_20260612,dd68b07e-7dda-40cd-be54-f8f588fb2d65,3895067,51,3736582100,3736582400
s3_s2sf12j2_kafka_rep4_20260612,kafka,sb-events-s3_s2sf12j2_kafka_rep4_20260612,a204aa5b-dd2a-4419-b242-75fb830e408a,3895067,51,3737819400,3737819800
s3_s2sf12j2_kafka_rep4_20260612,kafka,sb-events-s3_s2sf12j2_kafka_rep4_20260612,6a0f8b8e-4e1b-42ee-b523-30b9a57b096e,3895052,51,3739241300,3739241600
s3_s2sf12j2_kafka_rep4_20260612,kafka,sb-events-s3_s2sf12j2_kafka_rep4_20260612,cbe82ece-02bd-4fb5-9e40-ca8251b72ec7,3895086,51,3740548300,3740548600
s3_s2sf12j2_kafka_rep4_20260612,kafka,sb-events-s3_s2sf12j2_kafka_rep4_20260612,77377af1-c630-4e85-8bdb-0ca5557b3287,3895107,51,3741735100,3741735400
s3_s2sf12j2_kafka_rep4_20260612,kafka,sb-events-s3_s2sf12j2_kafka_rep4_20260612,ee90bada-1c6b-428a-aacb-049c3b7d8627,3895107,51,3743646200,3743646500
s3_s2sf12j2_kafka_rep4_20260612,kafka,sb-events-s3_s2sf12j2_kafka_rep4_20260612,43d10675-f46f-4529-b68d-2cb72e3bc959,3895107,51,3745552800,3745553200
s3_s2sf12j2_kafka_rep4_20260612,kafka,sb-events-s3_s2sf12j2_kafka_rep4_20260612,098845c7-c0d6-49d4-a7e8-62ad71df1740,3895107,51,3747817500,3747817800
s3_s2sf12j2_kafka_rep4_20260612,kafka,sb-events-s3_s2sf12j2_kafka_rep4_20260612,7b0bb4e0-11e8-47ec-b963-780b060ecd67,3895107,51,3749638400,3749638700
s3_s2sf12j2_kafka_rep4_20260612,kafka,sb-events-s3_s2sf12j2_kafka_rep4_20260612,0138382f-c7f1-453f-a804-e83d80388701,3895134,52,3751647300,3751647800
s3_s2sf12j2_kafka_rep4_20260612,kafka,sb-events-s3_s2sf12j2_kafka_rep4_20260612,b6598ae5-294f-495f-8871-3ed5da30a210,3895067,52,3753344700,3753345000
s3_s2sf12j2_kafka_rep4_20260612,kafka,sb-events-s3_s2sf12j2_kafka_rep4_20260612,6258c422-389a-4b00-9a65-a893eb7f7fbd,3895067,52,3755283100,3755283400
s3_s2sf12j2_kafka_rep4_20260612,kafka,sb-events-s3_s2sf12j2_kafka_rep4_20260612,43b4b6c3-f7eb-4660-9535-85090ee4a9c7,3895086,52,3757315100,3757315300
s3_s2sf12j2_kafka_rep4_20260612,kafka,sb-events-s3_s2sf12j2_kafka_rep4_20260612,0824066b-6377-4f4d-b9d6-b892e16165cf,3895086,52,3759687500,3759688000
s3_s2sf12j2_kafka_rep4_20260612,kafka,sb-events-s3_s2sf12j2_kafka_rep4_20260612,c45e4c17-d965-492f-bf68-f2cc34aea3c6,3895107,52,3761414100,3761414300
s3_s2sf12j2_kafka_rep4_20260612,kafka,sb-events-s3_s2sf12j2_kafka_rep4_20260612,3ff1967f-6e9f-4711-9f48-702eea0b78d3,3895107,52,3763914000,3763914700
s3_s2sf12j2_kafka_rep4_20260612,kafka,sb-events-s3_s2sf12j2_kafka_rep4_20260612,7773b9fa-34dc-44fc-95f0-80ebcf280e8c,3895074,53,3766051200,3766051500
s3_s2sf12j2_kafka_rep4_20260612,kafka,sb-events-s3_s2sf12j2_kafka_rep4_20260612,e9064962-a3ad-4469-be2a-58f85fcc0a21,3895067,53,3767886500,3767886900
s3_s2sf12j2_kafka_rep4_20260612,kafka,sb-events-s3_s2sf12j2_kafka_rep4_20260612,439b5ce9-bc81-47ba-8976-7bcd6b7de738,3895052,53,3769680100,3769680700
s3_s2sf12j2_kafka_rep4_20260612,kafka,sb-events-s3_s2sf12j2_kafka_rep4_20260612,65bd167c-af9e-4117-a832-2bd3eab41c47,3895052,53,3771802500,3771802900
s3_s2sf12j2_kafka_rep4_20260612,kafka,sb-events-s3_s2sf12j2_kafka_rep4_20260612,f410a2e4-a20a-4740-9789-df374ad99354,3895134,54,3773338600,3773338900
s3_s2sf12j2_kafka_rep4_20260612,kafka,sb-events-s3_s2sf12j2_kafka_rep4_20260612,ded4b97c-05de-492d-afdf-293ace2b3224,3895134,54,3775690900,3775691200
s3_s2sf12j2_kafka_rep4_20260612,kafka,sb-events-s3_s2sf12j2_kafka_rep4_20260612,4e0d3771-4b3b-409c-98fd-b89277a436ea,3895067,54,3777509500,3777509800
s3_s2sf12j2_kafka_rep4_20260612,kafka,sb-events-s3_s2sf12j2_kafka_rep4_20260612,424b5613-2a63-4bf4-8cfe-75e394f8c6df,3895095,54,3779282400,3779282800
s3_s2sf12j2_kafka_rep4_20260612,kafka,sb-events-s3_s2sf12j2_kafka_rep4_20260612,d626a450-651a-452f-8bd2-40bd73e5570f,3895052,54,3780511200,3780511400
s3_s2sf12j2_kafka_rep4_20260612,kafka,sb-events-s3_s2sf12j2_kafka_rep4_20260612,a2f0fa0d-a8be-4dae-886f-c4f1e40c1b23,3895060,54,3781870000,3781870300
s3_s2sf12j2_kafka_rep4_20260612,kafka,sb-events-s3_s2sf12j2_kafka_rep4_20260612,b9207043-5322-448b-9124-e5f49b7edaf7,3895086,54,3783555300,3783555600
s3_s2sf12j2_kafka_rep4_20260612,kafka,sb-events-s3_s2sf12j2_kafka_rep4_20260612,f39a69f5-2e2b-496a-9f94-591e8b152d22,3895067,55,3785143100,3785143300
s3_s2sf12j2_kafka_rep4_20260612,kafka,sb-events-s3_s2sf12j2_kafka_rep4_20260612,c96ef0ba-2909-41e9-a9b0-43407092a108,3895067,55,3787099700,3787099900
s3_s2sf12j2_kafka_rep4_20260612,kafka,sb-events-s3_s2sf12j2_kafka_rep4_20260612,437f9130-077f-43ac-81f2-d1c218161259,3895052,55,3788333200,3788333400
s3_s2sf12j2_kafka_rep4_20260612,kafka,sb-events-s3_s2sf12j2_kafka_rep4_20260612,d1da2207-3155-4079-bbef-e54815cde0d4,3895067,55,3790214700,3790215000
s3_s2sf12j2_kafka_rep4_20260612,kafka,sb-events-s3_s2sf12j2_kafka_rep4_20260612,def5f329-5561-402c-a454-962f20833a5e,3895052,55,3791736300,3791736600
s3_s2sf12j2_kafka_rep4_20260612,kafka,sb-events-s3_s2sf12j2_kafka_rep4_20260612,edf8e33e-3227-4baf-8b1e-c9798a4bffb1,3895060,55,3793020400,3793020600
s3_s2sf12j2_kafka_rep4_20260612,kafka,sb-events-s3_s2sf12j2_kafka_rep4_20260612,afda6e2d-5673-419e-946e-2a513db81b5e,3895060,55,3794216900,3794217200
s3_s2sf12j2_kafka_rep4_20260612,kafka,sb-events-s3_s2sf12j2_kafka_rep4_20260612,86442978-c9ac-4f8b-a277-3c2aea80938f,3895086,55,3795415300,3795415600
s3_s2sf12j2_kafka_rep4_20260612,kafka,sb-events-s3_s2sf12j2_kafka_rep4_20260612,ac9f8882-ceb0-433a-a7ce-42572013a74e,3895086,55,3796799600,3796799900
s3_s2sf12j2_kafka_rep4_20260612,kafka,sb-events-s3_s2sf12j2_kafka_rep4_20260612,db2260b8-339c-4012-80d4-af54e4fefdb1,3895107,55,3798239800,3798240000
s3_s2sf12j2_kafka_rep4_20260612,kafka,sb-events-s3_s2sf12j2_kafka_rep4_20260612,6fa9e978-a06d-4ccb-856f-d1582b5abd82,3895107,55,3800129400,3800129800
s3_s2sf12j2_kafka_rep4_20260612,kafka,sb-events-s3_s2sf12j2_kafka_rep4_20260612,e7e4cb72-ce69-4bab-b7d1-1bfaf6e47af1,3895107,55,3801709200,3801709500
s3_s2sf12j2_kafka_rep4_20260612,kafka,sb-events-s3_s2sf12j2_kafka_rep4_20260612,4ee5d31d-6e7c-4942-8760-1f2e13c7ba9c,3895074,56,3803380600,3803381000
s3_s2sf12j2_kafka_rep4_20260612,kafka,sb-events-s3_s2sf12j2_kafka_rep4_20260612,592ec0c8-e456-449d-a137-235f6bfd6017,3895074,56,3804750700,3804750900
s3_s2sf12j2_kafka_rep4_20260612,kafka,sb-events-s3_s2sf12j2_kafka_rep4_20260612,437249ff-c7a3-4486-836a-2c9089708413,3895074,56,3806312400,3806312700
s3_s2sf12j2_kafka_rep4_20260612,kafka,sb-events-s3_s2sf12j2_kafka_rep4_20260612,f90ccdda-1623-4c46-83d7-a93b10bbb095,3895134,56,3807513500,3807513700
s3_s2sf12j2_kafka_rep4_20260612,kafka,sb-events-s3_s2sf12j2_kafka_rep4_20260612,d38e730e-330c-42a9-8889-f2b613aae2a5,3895134,56,3809048800,3809049100
s3_s2sf12j2_kafka_rep4_20260612,kafka,sb-events-s3_s2sf12j2_kafka_rep4_20260612,c0a6ff18-bef9-4da4-a93d-df405de515ca,3895134,56,3810505900,3810506300
s3_s2sf12j2_kafka_rep4_20260612,kafka,sb-events-s3_s2sf12j2_kafka_rep4_20260612,842b2425-b726-4944-88b7-6e59c5144f28,3895052,56,3812147000,3812147500
s3_s2sf12j2_kafka_rep4_20260612,kafka,sb-events-s3_s2sf12j2_kafka_rep4_20260612,6260cbb1-d2f6-4026-baaa-31ce8297fc11,3895060,56,3813811900,3813812200
s3_s2sf12j2_kafka_rep4_20260612,kafka,sb-events-s3_s2sf12j2_kafka_rep4_20260612,597f312d-75ca-4d9d-bba8-27ea4be07ca1,3895086,56,3815150600,3815150800
s3_s2sf12j2_kafka_rep4_20260612,kafka,sb-events-s3_s2sf12j2_kafka_rep4_20260612,425f41d2-7da1-4c10-b0f5-cc89c05ea4fe,3895086,56,3816892200,3816892500
s3_s2sf12j2_kafka_rep4_20260612,kafka,sb-events-s3_s2sf12j2_kafka_rep4_20260612,a38a5179-ed61-4c45-ab30-f6e861acd9a8,3895086,56,3818091600,3818092000
s3_s2sf12j2_kafka_rep4_20260612,kafka,sb-events-s3_s2sf12j2_kafka_rep4_20260612,e2de8d47-cc41-49eb-a56e-8da9b62c1102,3895086,56,3819377400,3819377600
s3_s2sf12j2_kafka_rep4_20260612,kafka,sb-events-s3_s2sf12j2_kafka_rep4_20260612,b608a12f-beb4-4db1-9424-437a6d8b6ff1,3895107,56,3820857500,3820857800
s3_s2sf12j2_kafka_rep4_20260612,kafka,sb-events-s3_s2sf12j2_kafka_rep4_20260612,38a429db-494a-4c85-9245-e989a3f81915,3895107,56,3822865100,3822865500
s3_s2sf12j2_kafka_rep4_20260612,kafka,sb-events-s3_s2sf12j2_kafka_rep4_20260612,cf6f40da-1c9d-4066-80cc-915eb4f227de,3895134,57,3824399500,3824399800
s3_s2sf12j2_kafka_rep4_20260612,kafka,sb-events-s3_s2sf12j2_kafka_rep4_20260612,129e9e4c-4a52-491d-89a9-fb8b711d3de0,3895095,57,3825879800,3825880000
s3_s2sf12j2_kafka_rep4_20260612,kafka,sb-events-s3_s2sf12j2_kafka_rep4_20260612,43c4c705-3da0-414e-b853-cb075fc6bc69,3895134,57,3827776200,3827776400
s3_s2sf12j2_kafka_rep4_20260612,kafka,sb-events-s3_s2sf12j2_kafka_rep4_20260612,0b9a69ba-96cd-4641-b931-eff7dce3a2f8,3895134,57,3829058500,3829058800
s3_s2sf12j2_kafka_rep4_20260612,kafka,sb-events-s3_s2sf12j2_kafka_rep4_20260612,d377d77b-8a2f-4385-b85e-ff34ae6fc979,3895067,57,3830524300,3830524600
s3_s2sf12j2_kafka_rep4_20260612,kafka,sb-events-s3_s2sf12j2_kafka_rep4_20260612,18d94d6f-1440-4daa-80a9-47f19ee5186b,3895067,57,3831739600,3831740000
s3_s2sf12j2_kafka_rep4_20260612,kafka,sb-events-s3_s2sf12j2_kafka_rep4_20260612,df30aec4-f392-4ae8-8617-ebfbcfafc297,3895052,57,3833129400,3833129700
s3_s2sf12j2_kafka_rep4_20260612,kafka,sb-events-s3_s2sf12j2_kafka_rep4_20260612,47099e16-f149-4698-ab0f-18dd33415330,3895052,57,3834609400,3834609700
s3_s2sf12j2_kafka_rep4_20260612,kafka,sb-events-s3_s2sf12j2_kafka_rep4_20260612,909fb80b-31ba-4530-924f-36e24598500e,3895060,57,3836733300,3836733500
s3_s2sf12j2_kafka_rep4_20260612,kafka,sb-events-s3_s2sf12j2_kafka_rep4_20260612,f5b43151-5fdf-4d15-a30b-4ff7b695c61f,3895060,57,3838587800,3838588100
s3_s2sf12j2_kafka_rep4_20260612,kafka,sb-events-s3_s2sf12j2_kafka_rep4_20260612,f75fcf2d-b54f-4930-8863-1a48eba0ad9b,3895086,57,3840332000,3840332400
s3_s2sf12j2_kafka_rep4_20260612,kafka,sb-events-s3_s2sf12j2_kafka_rep4_20260612,0050f3cf-d991-464f-9340-a30c01c082d8,3895086,57,3841445100,3841445400
s3_s2sf12j2_kafka_rep4_20260612,kafka,sb-events-s3_s2sf12j2_kafka_rep4_20260612,0c14b70a-ac75-4bf6-b4df-53b669c54b6c,3895074,58,3843165800,3843166000
s3_s2sf12j2_kafka_rep4_20260612,kafka,sb-events-s3_s2sf12j2_kafka_rep4_20260612,9f945bf8-24a8-4f64-9dd4-5a1c5c201981,3895095,58,3844631800,3844632000
s3_s2sf12j2_kafka_rep4_20260612,kafka,sb-events-s3_s2sf12j2_kafka_rep4_20260612,36a42e6a-c56b-4d28-9ed5-75fef386b165,3895052,58,3846093200,3846093500
s3_s2sf12j2_kafka_rep4_20260612,kafka,sb-events-s3_s2sf12j2_kafka_rep4_20260612,4ef419c9-5ff0-444e-86a6-50a703b1769f,3895107,58,3847629600,3847630100
s3_s2sf12j2_kafka_rep4_20260612,kafka,sb-events-s3_s2sf12j2_kafka_rep4_20260612,41969f07-3af9-4753-98e8-69fbd27d21a4,3895095,59,3849109200,3849109500
s3_s2sf12j2_kafka_rep4_20260612,kafka,sb-events-s3_s2sf12j2_kafka_rep4_20260612,5674247a-ead4-4a96-bd38-ef2319eecf34,3895134,59,3850689400,3850689700
s3_s2sf12j2_kafka_rep4_20260612,kafka,sb-events-s3_s2sf12j2_kafka_rep4_20260612,8be02bf7-5395-4605-b57b-8f501e04d189,3895067,59,3852485800,3852486000
s3_s2sf12j2_kafka_rep4_20260612,kafka,sb-events-s3_s2sf12j2_kafka_rep4_20260612,b7b039ca-bac1-4467-af8e-0fd8796bb6c9,3895052,59,3855004600,3855005100
s3_s2sf12j2_kafka_rep4_20260612,kafka,sb-events-s3_s2sf12j2_kafka_rep4_20260612,5ba85175-4aee-426a-bece-2a16c73e89b7,3895052,59,3856647900,3856648200
s3_s2sf12j2_kafka_rep4_20260612,kafka,sb-events-s3_s2sf12j2_kafka_rep4_20260612,73b4ab23-4ab4-4983-91d2-d8e21f5270f8,3895060,59,3858416400,3858416700
s3_s2sf12j2_kafka_rep4_20260612,kafka,sb-events-s3_s2sf12j2_kafka_rep4_20260612,d89d3340-d2ef-47db-9827-7d447bae5b2d,3895086,59,3859741300,3859741600
s3_s2sf12j2_kafka_rep4_20260612,kafka,sb-events-s3_s2sf12j2_kafka_rep4_20260612,ea520500-8ba0-47a7-ac12-b4c9c0a92146,3895074,60,3861055900,3861056100
s3_s2sf12j2_kafka_rep4_20260612,kafka,sb-events-s3_s2sf12j2_kafka_rep4_20260612,dd8d63c4-feb8-4523-ab68-826a6480eefd,3895074,60,3862688300,3862688700
s3_s2sf12j2_kafka_rep4_20260612,kafka,sb-events-s3_s2sf12j2_kafka_rep4_20260612,a8bd1431-210e-4840-8d05-60ce4a7de877,3895095,60,3864555600,3864555800
s3_s2sf12j2_kafka_rep4_20260612,kafka,sb-events-s3_s2sf12j2_kafka_rep4_20260612,14bd2c1c-b359-4192-a0ae-90ad860f3371,3895067,60,3866285800,3866286000
s3_s2sf12j2_kafka_rep4_20260612,kafka,sb-events-s3_s2sf12j2_kafka_rep4_20260612,7ccea271-b2cf-40d9-8e25-30ed33e37625,3895067,60,3868383800,3868384200
s3_s2sf12j2_kafka_rep4_20260612,kafka,sb-events-s3_s2sf12j2_kafka_rep4_20260612,50b41d81-f36f-4161-a4d2-36ba1befc4be,3895060,60,3870034200,3870034500
s3_s2sf12j2_kafka_rep4_20260612,kafka,sb-events-s3_s2sf12j2_kafka_rep4_20260612,ff19107a-4ba4-4822-ac3e-e71716667059,3895060,60,3871418000,3871418200
s3_s2sf12j2_kafka_rep4_20260612,kafka,sb-events-s3_s2sf12j2_kafka_rep4_20260612,9ff39e51-5a18-4e88-bd18-76090587a988,3895086,60,3873068200,3873068500
s3_s2sf12j2_kafka_rep4_20260612,kafka,sb-events-s3_s2sf12j2_kafka_rep4_20260612,0fef3645-2465-4dbf-8266-c2a35ee8293c,3895086,60,3874428200,3874428500
s3_s2sf12j2_kafka_rep4_20260612,kafka,sb-events-s3_s2sf12j2_kafka_rep4_20260612,015fcb4f-7419-4731-84a0-81b3fd422ff7,3895086,60,3875978600,3875978800
s3_s2sf12j2_kafka_rep4_20260612,kafka,sb-events-s3_s2sf12j2_kafka_rep4_20260612,166ea076-01d6-49a4-87eb-ff7908834a7f,3895086,60,3877408400,3877408600
s3_s2sf12j2_kafka_rep4_20260612,kafka,sb-events-s3_s2sf12j2_kafka_rep4_20260612,b0d138df-c84d-4eeb-a19e-0550afb12c63,3895086,60,3879008700,3879008800
s3_s2sf12j2_kafka_rep4_20260612,kafka,sb-events-s3_s2sf12j2_kafka_rep4_20260612,d1f3d4f7-aeb6-4d26-95e1-37c7df992845,3895107,60,3880421300,3880421500
s3_s2sf12j2_kafka_rep4_20260612,kafka,sb-events-s3_s2sf12j2_kafka_rep4_20260612,09e0176e-01c2-4e75-8d19-c75cbac22a53,3895107,60,3881589400,3881589600
s3_s2sf12j2_kafka_rep4_20260612,kafka,sb-events-s3_s2sf12j2_kafka_rep4_20260612,573ca97f-df12-4b24-b903-fd5cfab89f5f,3895095,61,3883645300,3883645700
s3_s2sf12j2_kafka_rep4_20260612,kafka,sb-events-s3_s2sf12j2_kafka_rep4_20260612,34c91fb7-795d-4df5-8ab3-5f70f1b97f3e,3895095,61,3885388700,3885389000
s3_s2sf12j2_kafka_rep4_20260612,kafka,sb-events-s3_s2sf12j2_kafka_rep4_20260612,1836c083-ec4c-43a4-8657-38a223bb16dd,3895095,61,3887243400,3887243700
s3_s2sf12j2_kafka_rep4_20260612,kafka,sb-events-s3_s2sf12j2_kafka_rep4_20260612,f6c45edb-47d0-4be4-b045-3ba176307346,3895067,61,3888694100,3888694500
s3_s2sf12j2_kafka_rep4_20260612,kafka,sb-events-s3_s2sf12j2_kafka_rep4_20260612,1ea888d8-48ff-4d6c-885b-c9a8d3744c05,3895107,61,3890224200,3890224400
s3_s2sf12j2_kafka_rep4_20260612,kafka,sb-events-s3_s2sf12j2_kafka_rep4_20260612,87ab9da6-4d4d-49ac-b346-d587633dca6d,3895107,61,3892243300,3892243700
s3_s2sf12j2_kafka_rep4_20260612,kafka,sb-events-s3_s2sf12j2_kafka_rep4_20260612,e0937145-d1ed-4877-a928-cbb18cbb25ca,3895074,62,3893889500,3893889700
s3_s2sf12j2_kafka_rep4_20260612,kafka,sb-events-s3_s2sf12j2_kafka_rep4_20260612,129ff6d0-9863-49c1-8dba-874870c239f0,3895134,62,3895366100,3895366400
s3_s2sf12j2_kafka_rep4_20260612,kafka,sb-events-s3_s2sf12j2_kafka_rep4_20260612,061e0628-68ad-4a80-b7f9-013270c622e6,3895134,62,3896838500,3896838800
s3_s2sf12j2_kafka_rep4_20260612,kafka,sb-events-s3_s2sf12j2_kafka_rep4_20260612,38bc5dd4-ab47-4018-b7d9-81675e34065d,3895095,62,3898577400,3898577600
s3_s2sf12j2_kafka_rep4_20260612,kafka,sb-events-s3_s2sf12j2_kafka_rep4_20260612,01c545d4-a6cc-4676-8a4d-8009474261f5,3895095,62,3900160400,3900160800
s3_s2sf12j2_kafka_rep4_20260612,kafka,sb-events-s3_s2sf12j2_kafka_rep4_20260612,d26fbd2e-8f2e-4866-bdbe-c8760f22c74d,3895067,62,3901629300,3901629600
s3_s2sf12j2_kafka_rep4_20260612,kafka,sb-events-s3_s2sf12j2_kafka_rep4_20260612,31c46aa3-00f1-4007-b8cc-d80c69e3ed14,3895095,62,3902817800,3902818000
s3_s2sf12j2_kafka_rep4_20260612,kafka,sb-events-s3_s2sf12j2_kafka_rep4_20260612,1fdb765d-367a-4525-b795-03e1041c7b47,3895067,62,3904721800,3904722100
s3_s2sf12j2_kafka_rep4_20260612,kafka,sb-events-s3_s2sf12j2_kafka_rep4_20260612,215702bd-988d-4c16-b912-098e706dc436,3895060,62,3906442100,3906442600
s3_s2sf12j2_kafka_rep4_20260612,kafka,sb-events-s3_s2sf12j2_kafka_rep4_20260612,9148af0d-4762-4534-9be6-d021bfa84229,3895086,62,3908029400,3908029700
s3_s2sf12j2_kafka_rep4_20260612,kafka,sb-events-s3_s2sf12j2_kafka_rep4_20260612,7b87a711-05be-4ab9-bd63-138ccf3a3aee,3895107,62,3909518700,3909519000
s3_s2sf12j2_kafka_rep4_20260612,kafka,sb-events-s3_s2sf12j2_kafka_rep4_20260612,e7be6cf1-4254-4d29-8124-ea29bd35b3dd,3895107,62,3910848300,3910848600
s3_s2sf12j2_kafka_rep4_20260612,kafka,sb-events-s3_s2sf12j2_kafka_rep4_20260612,462b9630-76bb-4eb7-8af1-c70d7cd3c9b6,3895134,63,3912425400,3912425900
s3_s2sf12j2_kafka_rep4_20260612,kafka,sb-events-s3_s2sf12j2_kafka_rep4_20260612,36c29050-0f8f-4cea-ac50-3893cb3751f1,3895134,63,3914069400,3914069600
s3_s2sf12j2_kafka_rep4_20260612,kafka,sb-events-s3_s2sf12j2_kafka_rep4_20260612,25afa92b-9c66-4495-9ab0-db38372482b3,3895134,63,3915264000,3915264400
s3_s2sf12j2_kafka_rep4_20260612,kafka,sb-events-s3_s2sf12j2_kafka_rep4_20260612,b7213b1a-f155-4850-9b2f-536ed9db34f2,3895086,63,3916836400,3916836700
s3_s2sf12j2_kafka_rep4_20260612,kafka,sb-events-s3_s2sf12j2_kafka_rep4_20260612,a83a4d9a-a403-46b1-8409-6ef6d1831b2c,3895086,63,3918524400,3918524600
s3_s2sf12j2_kafka_rep4_20260612,kafka,sb-events-s3_s2sf12j2_kafka_rep4_20260612,23a40fdf-f42f-4d42-8d67-eb5f408de82e,3895107,63,3920284400,3920284700
s3_s2sf12j2_kafka_rep4_20260612,kafka,sb-events-s3_s2sf12j2_kafka_rep4_20260612,1379ddbd-ee4e-4f78-b58a-fe294f7f36a2,3895107,63,3921805300,3921805500
s3_s2sf12j2_kafka_rep4_20260612,kafka,sb-events-s3_s2sf12j2_kafka_rep4_20260612,32858944-d09e-4ab1-9836-35cc84ca5f23,3895107,63,3923177600,3923177800
s3_s2sf12j2_kafka_rep4_20260612,kafka,sb-events-s3_s2sf12j2_kafka_rep4_20260612,8a1229f0-48a8-463b-bab1-5f70bbabe623,3895107,63,3924487900,3924488200
s3_s2sf12j2_kafka_rep4_20260612,kafka,sb-events-s3_s2sf12j2_kafka_rep4_20260612,4842b3ff-23c6-47cf-8c16-3e48a1cd8d1f,3895134,64,3926143400,3926143700
s3_s2sf12j2_kafka_rep4_20260612,kafka,sb-events-s3_s2sf12j2_kafka_rep4_20260612,acbc865f-9141-40f9-a346-65ef52c6929b,3895095,64,3927395400,3927395700
s3_s2sf12j2_kafka_rep4_20260612,kafka,sb-events-s3_s2sf12j2_kafka_rep4_20260612,3738ac1c-fd85-42ff-af77-922e92caa0da,3895095,64,3928697400,3928697700
s3_s2sf12j2_kafka_rep4_20260612,kafka,sb-events-s3_s2sf12j2_kafka_rep4_20260612,8d43c287-36a4-460e-a406-9a814d3e200f,3895134,65,3930146900,3930147200
s3_s2sf12j2_kafka_rep4_20260612,kafka,sb-events-s3_s2sf12j2_kafka_rep4_20260612,0cd25412-a43a-4f1f-a330-290560bd0864,3895134,65,3932241300,3932241500
s3_s2sf12j2_kafka_rep4_20260612,kafka,sb-events-s3_s2sf12j2_kafka_rep4_20260612,a29483ce-323c-439b-a556-c452ba8e3740,3895134,65,3934055400,3934055800
s3_s2sf12j2_kafka_rep4_20260612,kafka,sb-events-s3_s2sf12j2_kafka_rep4_20260612,0e01a3a4-1219-481f-a5e6-55796434f5bb,3895060,65,3935718400,3935718900
s3_s2sf12j2_kafka_rep4_20260612,kafka,sb-events-s3_s2sf12j2_kafka_rep4_20260612,d9141f23-47e6-4f96-8d68-afdb07320f56,3895060,65,3936890200,3936890500
s3_s2sf12j2_kafka_rep4_20260612,kafka,sb-events-s3_s2sf12j2_kafka_rep4_20260612,b9c1c240-c544-4839-bcc4-5a923b040753,3895107,65,3938287700,3938288000
s3_s2sf12j2_kafka_rep4_20260612,kafka,sb-events-s3_s2sf12j2_kafka_rep4_20260612,f53c9e0a-20c5-4066-827d-52fd789ef212,3895107,65,3939516500,3939516800
s3_s2sf12j2_kafka_rep4_20260612,kafka,sb-events-s3_s2sf12j2_kafka_rep4_20260612,a915d518-180b-4427-bd9f-e289d0c966bf,3895107,65,3940838800,3940839100
s3_s2sf12j2_kafka_rep4_20260612,kafka,sb-events-s3_s2sf12j2_kafka_rep4_20260612,7a5db723-f143-425c-a710-638c90148339,3895107,65,3942293700,3942294000
s3_s2sf12j2_kafka_rep4_20260612,kafka,sb-events-s3_s2sf12j2_kafka_rep4_20260612,124b56b6-5aad-473a-a03d-51ba544e2841,3895074,66,3943705100,3943705300
s3_s2sf12j2_kafka_rep4_20260612,kafka,sb-events-s3_s2sf12j2_kafka_rep4_20260612,efc39209-6b62-4e89-889d-cdd3adb621aa,3895095,66,3945795800,3945796000
s3_s2sf12j2_kafka_rep4_20260612,kafka,sb-events-s3_s2sf12j2_kafka_rep4_20260612,77baec20-ea17-4e90-9865-9ea44e5b9906,3895060,66,3947434900,3947435300
s3_s2sf12j2_kafka_rep4_20260612,kafka,sb-events-s3_s2sf12j2_kafka_rep4_20260612,2b0079ed-347b-4639-ae5e-e42346f7f024,3895060,66,3948764900,3948765300
s3_s2sf12j2_kafka_rep4_20260612,kafka,sb-events-s3_s2sf12j2_kafka_rep4_20260612,22d98172-0940-4b76-9d89-977103cfaf56,3895086,66,3950233900,3950234200
s3_s2sf12j2_kafka_rep4_20260612,kafka,sb-events-s3_s2sf12j2_kafka_rep4_20260612,879a2ca6-96c3-4b1b-b2c0-4a20cb875ef0,3895107,66,3951601000,3951601400
s3_s2sf12j2_kafka_rep4_20260612,kafka,sb-events-s3_s2sf12j2_kafka_rep4_20260612,c2d28a7c-daa5-4926-982f-1652183c5083,3895113,67,3952827200,3952827500
s3_s2sf12j2_kafka_rep4_20260612,kafka,sb-events-s3_s2sf12j2_kafka_rep4_20260612,969e6e2a-a707-4254-a316-0c56fe2e1401,3895134,67,3954186100,3954186300
s3_s2sf12j2_kafka_rep4_20260612,kafka,sb-events-s3_s2sf12j2_kafka_rep4_20260612,243d0981-94fe-4740-a31e-5ed204a71634,3895095,67,3955575000,3955575200
s3_s2sf12j2_kafka_rep4_20260612,kafka,sb-events-s3_s2sf12j2_kafka_rep4_20260612,f3623e43-a3ad-472d-bf07-52854c1156a0,3895134,67,3957339200,3957339500
s3_s2sf12j2_kafka_rep4_20260612,kafka,sb-events-s3_s2sf12j2_kafka_rep4_20260612,1d25289e-8fad-4dd2-a7ed-f62ac9124432,3895095,67,3959149300,3959149500
s3_s2sf12j2_kafka_rep4_20260612,kafka,sb-events-s3_s2sf12j2_kafka_rep4_20260612,bd92c3a1-9dc9-4b79-bb47-cf45e3d7bb5c,3895134,67,3961505000,3961505400
s3_s2sf12j2_kafka_rep4_20260612,kafka,sb-events-s3_s2sf12j2_kafka_rep4_20260612,22f1fbed-caed-4cd7-a01a-4c33238f8369,3895060,67,3963466900,3963467300
s3_s2sf12j2_kafka_rep4_20260612,kafka,sb-events-s3_s2sf12j2_kafka_rep4_20260612,6d9d2fb5-5c2e-4d06-8fb2-5ebcf5814440,3895086,67,3965467100,3965467600
s3_s2sf12j2_kafka_rep4_20260612,kafka,sb-events-s3_s2sf12j2_kafka_rep4_20260612,ec6e3c89-0592-45ca-92a4-0b1f73639cc9,3895086,67,3967098500,3967098800
s3_s2sf12j2_kafka_rep4_20260612,kafka,sb-events-s3_s2sf12j2_kafka_rep4_20260612,5af1575f-7cd2-4bfd-a8ec-b8345a0203f6,3895107,67,3968992100,3968992400
s3_s2sf12j2_kafka_rep4_20260612,kafka,sb-events-s3_s2sf12j2_kafka_rep4_20260612,19991ad9-4667-4a8d-ad80-aa34b26b07cc,3895107,67,3971044900,3971045200
s3_s2sf12j2_kafka_rep4_20260612,kafka,sb-events-s3_s2sf12j2_kafka_rep4_20260612,867520d6-dfef-41bc-a2cb-92814d1b009e,3895107,67,3973000900,3973001300
s3_s2sf12j2_kafka_rep4_20260612,kafka,sb-events-s3_s2sf12j2_kafka_rep4_20260612,b4990958-c5e9-4397-98fb-8b00e533bd8d,3895067,68,3974952700,3974952900
s3_s2sf12j2_kafka_rep4_20260612,kafka,sb-events-s3_s2sf12j2_kafka_rep4_20260612,36f8affa-15ee-4df1-9318-99c8bafa69d9,3895067,68,3977015300,3977015600
s3_s2sf12j2_kafka_rep4_20260612,kafka,sb-events-s3_s2sf12j2_kafka_rep4_20260612,f86f35a5-e792-4bba-a580-a9faaf7b91b8,3895067,68,3978921600,3978922200
s3_s2sf12j2_kafka_rep4_20260612,kafka,sb-events-s3_s2sf12j2_kafka_rep4_20260612,0e74dafc-22b0-4338-b83e-c9d1e0aa24f9,3895095,68,3980328300,3980328700
s3_s2sf12j2_kafka_rep4_20260612,kafka,sb-events-s3_s2sf12j2_kafka_rep4_20260612,b11c6b88-fb5e-40e2-bf63-fdf423948d08,3895134,68,3982013500,3982013700
s3_s2sf12j2_kafka_rep4_20260612,kafka,sb-events-s3_s2sf12j2_kafka_rep4_20260612,ed8b7343-7610-4f35-88df-fd3ee7038bf6,3895095,68,3983743000,3983743400
s3_s2sf12j2_kafka_rep4_20260612,kafka,sb-events-s3_s2sf12j2_kafka_rep4_20260612,47a53206-d225-475c-8a03-727c2cea5798,3895107,68,3985447900,3985448100
s3_s2sf12j2_kafka_rep4_20260612,kafka,sb-events-s3_s2sf12j2_kafka_rep4_20260612,7f414b32-2539-459e-a9d2-cb11a5bf6bb4,3895107,68,3987317000,3987317300
s3_s2sf12j2_kafka_rep4_20260612,kafka,sb-events-s3_s2sf12j2_kafka_rep4_20260612,0abe475e-507a-4aa0-8898-55101c96acf3,3895074,69,3988620400,3988620700
s3_s2sf12j2_kafka_rep4_20260612,kafka,sb-events-s3_s2sf12j2_kafka_rep4_20260612,367dfd27-b619-44de-b6c4-7ad7d566c4aa,3895074,69,3990115300,3990115600
s3_s2sf12j2_kafka_rep4_20260612,kafka,sb-events-s3_s2sf12j2_kafka_rep4_20260612,e8a7f976-a305-43a3-a4fa-8c50b143e343,3895074,69,3991462200,3991462500
s3_s2sf12j2_kafka_rep4_20260612,kafka,sb-events-s3_s2sf12j2_kafka_rep4_20260612,4b32f517-ca9b-42eb-b0e2-fa3d3fd72a9d,3895113,69,3993070500,3993070800
s3_s2sf12j2_kafka_rep4_20260612,kafka,sb-events-s3_s2sf12j2_kafka_rep4_20260612,281fd3ce-e8df-441f-8cfd-a07364810af5,3895134,69,3994814200,3994814500
s3_s2sf12j2_kafka_rep4_20260612,kafka,sb-events-s3_s2sf12j2_kafka_rep4_20260612,703eb940-4760-476a-8e93-15095c5c61ae,3895134,69,3996410700,3996411000
s3_s2sf12j2_kafka_rep4_20260612,kafka,sb-events-s3_s2sf12j2_kafka_rep4_20260612,67aa4360-2ca6-40ae-ae0c-19bc9664a04f,3895134,69,3998532100,3998532400
s3_s2sf12j2_kafka_rep4_20260612,kafka,sb-events-s3_s2sf12j2_kafka_rep4_20260612,2ca85bad-b7b5-47d4-931f-36e0b6ca84c8,3895060,69,4000139600,4000139800
s3_s2sf12j2_kafka_rep4_20260612,kafka,sb-events-s3_s2sf12j2_kafka_rep4_20260612,6391b46f-de24-49c6-bb62-a2ec65d9499b,3895134,69,4002191100,4002191400
s3_s2sf12j2_kafka_rep4_20260612,kafka,sb-events-s3_s2sf12j2_kafka_rep4_20260612,b98a316d-476c-4b9c-8842-e1bedddaa80c,3895060,69,4003708400,4003708800
s3_s2sf12j2_kafka_rep4_20260612,kafka,sb-events-s3_s2sf12j2_kafka_rep4_20260612,eacb7d73-9ad3-4ec1-80ea-616c89070d06,3895060,69,4005044400,4005044600
s3_s2sf12j2_kafka_rep4_20260612,kafka,sb-events-s3_s2sf12j2_kafka_rep4_20260612,ba95ec5e-1bbc-4177-9b95-d5d01d513f38,3895060,69,4006337700,4006337900
s3_s2sf12j2_kafka_rep4_20260612,kafka,sb-events-s3_s2sf12j2_kafka_rep4_20260612,e1f59890-1435-4ba2-80d9-8b3be217affe,3895086,69,4008056100,4008056300
s3_s2sf12j2_kafka_rep4_20260612,kafka,sb-events-s3_s2sf12j2_kafka_rep4_20260612,8d519b7c-5ec8-4ac8-84c9-0452499a59e4,3895067,70,4009707300,4009707600
s3_s2sf12j2_kafka_rep4_20260612,kafka,sb-events-s3_s2sf12j2_kafka_rep4_20260612,2d4baaec-2c5a-4ff2-8313-30f9417e93b8,3895067,70,4011330500,4011330700
s3_s2sf12j2_kafka_rep4_20260612,kafka,sb-events-s3_s2sf12j2_kafka_rep4_20260612,5479badb-65f4-40d6-877b-c6d336d4f055,3895067,70,4013424900,4013425400
s3_s2sf12j2_kafka_rep4_20260612,kafka,sb-events-s3_s2sf12j2_kafka_rep4_20260612,4b946b9d-6dfa-4667-9bf3-4a155e7bf557,3895095,70,4014858700,4014859000
s3_s2sf12j2_kafka_rep4_20260612,kafka,sb-events-s3_s2sf12j2_kafka_rep4_20260612,0e0c6463-85aa-4e53-95a9-9fb881abd73d,3895095,70,4016579100,4016579400
s3_s2sf12j2_kafka_rep4_20260612,kafka,sb-events-s3_s2sf12j2_kafka_rep4_20260612,080735a9-1e68-4c36-addb-696097f34cad,3895134,70,4017835100,4017835500
s3_s2sf12j2_kafka_rep4_20260612,kafka,sb-events-s3_s2sf12j2_kafka_rep4_20260612,ac53cb18-8fe5-49f9-beb1-7041a7087452,3895134,70,4019247200,4019247500
s3_s2sf12j2_kafka_rep4_20260612,kafka,sb-events-s3_s2sf12j2_kafka_rep4_20260612,3a99f56c-7492-450b-8baa-742b6125553f,3895086,70,4020809900,4020810200
s3_s2sf12j2_kafka_rep4_20260612,kafka,sb-events-s3_s2sf12j2_kafka_rep4_20260612,d5433b8f-f6d6-45c3-af43-2cddf339f8a2,3895086,70,4022405800,4022406100
s3_s2sf12j2_kafka_rep4_20260612,kafka,sb-events-s3_s2sf12j2_kafka_rep4_20260612,28009e86-e67a-4c78-9ae9-9631dcd03d8d,3895074,71,4023981300,4023981600
s3_s2sf12j2_kafka_rep4_20260612,kafka,sb-events-s3_s2sf12j2_kafka_rep4_20260612,130387fb-d150-4ba9-a5a3-fbad1ec9875a,3895074,71,4025717000,4025717300
s3_s2sf12j2_kafka_rep4_20260612,kafka,sb-events-s3_s2sf12j2_kafka_rep4_20260612,64edd3bf-0d45-4889-b29d-3e52cf2bfab6,3895113,71,4027455200,4027455500
s3_s2sf12j2_kafka_rep4_20260612,kafka,sb-events-s3_s2sf12j2_kafka_rep4_20260612,0f5b1f64-76db-4a0a-9aa2-19720783e25e,3895067,71,4029064400,4029064700
s3_s2sf12j2_kafka_rep4_20260612,kafka,sb-events-s3_s2sf12j2_kafka_rep4_20260612,a1e9cef7-0191-43da-803d-5de771649a04,3895067,71,4030695400,4030695700
s3_s2sf12j2_kafka_rep4_20260612,kafka,sb-events-s3_s2sf12j2_kafka_rep4_20260612,7a6f68e7-7f57-4509-ad78-5afa6f5cbcfd,3895095,71,4032066800,4032067000
s3_s2sf12j2_kafka_rep4_20260612,kafka,sb-events-s3_s2sf12j2_kafka_rep4_20260612,65416e96-ab82-45f6-83ec-f23beb6e7403,3895052,72,4033864300,4033864700
s3_s2sf12j2_kafka_rep4_20260612,kafka,sb-events-s3_s2sf12j2_kafka_rep4_20260612,619811cc-0ff8-4c5d-b3b3-c9d1fc5fd457,3895095,72,4035536800,4035537000
s3_s2sf12j2_kafka_rep4_20260612,kafka,sb-events-s3_s2sf12j2_kafka_rep4_20260612,a4d7338b-e05b-4a0a-976f-3bc978858503,3895095,72,4036807100,4036807300
s3_s2sf12j2_kafka_rep4_20260612,kafka,sb-events-s3_s2sf12j2_kafka_rep4_20260612,e8102462-a276-4a5b-a772-16bf8e3d8314,3895095,72,4039085800,4039086000
s3_s2sf12j2_kafka_rep4_20260612,kafka,sb-events-s3_s2sf12j2_kafka_rep4_20260612,960ee649-a7e7-4b33-9479-dae36d7e1a3a,3895095,72,4040730300,4040730600
s3_s2sf12j2_kafka_rep4_20260612,kafka,sb-events-s3_s2sf12j2_kafka_rep4_20260612,a916cdcd-7cb8-4756-987e-8fc479ffcdbf,3895086,72,4042786300,4042786700
s3_s2sf12j2_kafka_rep4_20260612,kafka,sb-events-s3_s2sf12j2_kafka_rep4_20260612,eb933861-289b-4a65-8450-301c0f249de2,3895074,73,4044652500,4044652900
s3_s2sf12j2_kafka_rep4_20260612,kafka,sb-events-s3_s2sf12j2_kafka_rep4_20260612,253d7c12-c293-456e-b02f-30065daeb31a,3895052,73,4046168400,4046168700
s3_s2sf12j2_kafka_rep4_20260612,kafka,sb-events-s3_s2sf12j2_kafka_rep4_20260612,ef8e2d33-6773-4093-9d0c-aa253f6492c6,3895052,73,4047503400,4047503800
s3_s2sf12j2_kafka_rep4_20260612,kafka,sb-events-s3_s2sf12j2_kafka_rep4_20260612,f244b229-4382-49ff-a159-2eb53ec47566,3895113,73,4048501700,4048501900
s3_s2sf12j2_kafka_rep4_20260612,kafka,sb-events-s3_s2sf12j2_kafka_rep4_20260612,59167877-23ef-4fbd-9e96-127aef642a42,3895134,73,4050312100,4050312300
s3_s2sf12j2_kafka_rep4_20260612,kafka,sb-events-s3_s2sf12j2_kafka_rep4_20260612,e070983c-7ef0-4a59-8492-631b39ddb6ee,3895134,73,4051904600,4051904900
s3_s2sf12j2_kafka_rep4_20260612,kafka,sb-events-s3_s2sf12j2_kafka_rep4_20260612,86fd9161-30db-4f9d-8709-7b22e7cd9f37,3895086,73,4053696800,4053697100
s3_s2sf12j2_kafka_rep4_20260612,kafka,sb-events-s3_s2sf12j2_kafka_rep4_20260612,3dd8c747-4d06-438f-822f-59be62a38dbd,3895086,73,4055137900,4055138200
s3_s2sf12j2_kafka_rep4_20260612,kafka,sb-events-s3_s2sf12j2_kafka_rep4_20260612,0ac2f4e4-a59f-4b03-94ae-b65472503b1c,3895113,74,4056873100,4056873400
s3_s2sf12j2_kafka_rep4_20260612,kafka,sb-events-s3_s2sf12j2_kafka_rep4_20260612,d7de91c1-aaf7-4be5-8968-e876ee80e100,3895086,74,4058461600,4058461900
s3_s2sf12j2_kafka_rep4_20260612,kafka,sb-events-s3_s2sf12j2_kafka_rep4_20260612,347e4824-813c-43a1-9ab5-557ddfa469ae,3895074,75,4060099200,4060099500
s3_s2sf12j2_kafka_rep4_20260612,kafka,sb-events-s3_s2sf12j2_kafka_rep4_20260612,c95f44b1-c0d3-465b-a5b8-24951f956a21,3895121,75,4061427600,4061427800
s3_s2sf12j2_kafka_rep4_20260612,kafka,sb-events-s3_s2sf12j2_kafka_rep4_20260612,3b379bf2-15a7-4ba4-9a0c-b3fb8527a1d4,3895074,75,4062832600,4062832900
s3_s2sf12j2_kafka_rep4_20260612,kafka,sb-events-s3_s2sf12j2_kafka_rep4_20260612,7c9e8cf2-07c3-471b-8da6-681419a22208,3895052,75,4064342800,4064343100
s3_s2sf12j2_kafka_rep4_20260612,kafka,sb-events-s3_s2sf12j2_kafka_rep4_20260612,2ba1d3c8-01a5-4707-aded-c1032d5c1a2a,3895113,75,4066151800,4066152100
s3_s2sf12j2_kafka_rep4_20260612,kafka,sb-events-s3_s2sf12j2_kafka_rep4_20260612,bb60fb7c-cdba-45cd-9403-9fe70eac599e,3895086,75,4068003400,4068003700
s3_s2sf12j2_kafka_rep4_20260612,kafka,sb-events-s3_s2sf12j2_kafka_rep4_20260612,a0905d11-1ec5-4b7a-a98c-963d4cd31d70,3895086,75,4069481300,4069481900
s3_s2sf12j2_kafka_rep4_20260612,kafka,sb-events-s3_s2sf12j2_kafka_rep4_20260612,7583768d-7e29-47cd-af3c-cf0b393f6ee5,3895086,75,4071326200,4071326400
s3_s2sf12j2_kafka_rep4_20260612,kafka,sb-events-s3_s2sf12j2_kafka_rep4_20260612,38bdbceb-2d1b-4b19-b303-df25485ff8cf,3895113,76,4072870000,4072870200
s3_s2sf12j2_kafka_rep4_20260612,kafka,sb-events-s3_s2sf12j2_kafka_rep4_20260612,e1a2cf65-5a43-4d3d-934d-8c2fe376ad00,3895113,76,4074796600,4074797100
s3_s2sf12j2_kafka_rep4_20260612,kafka,sb-events-s3_s2sf12j2_kafka_rep4_20260612,5f497f92-d774-4657-adf5-8e4bc8af2247,3895095,76,4076219400,4076219600
s3_s2sf12j2_kafka_rep4_20260612,kafka,sb-events-s3_s2sf12j2_kafka_rep4_20260612,7aba694b-2ebc-401d-be15-655d0b773b87,3895095,76,4077993700,4077994000
s3_s2sf12j2_kafka_rep4_20260612,kafka,sb-events-s3_s2sf12j2_kafka_rep4_20260612,8dfa2725-e96f-4a76-bb98-9ee4575d6a03,3895086,76,4080282300,4080282700
s3_s2sf12j2_kafka_rep4_20260612,kafka,sb-events-s3_s2sf12j2_kafka_rep4_20260612,f9364b88-b733-45cf-a170-19bd0c68cdbc,3895074,77,4081533200,4081533500
s3_s2sf12j2_kafka_rep4_20260612,kafka,sb-events-s3_s2sf12j2_kafka_rep4_20260612,a84cf4b4-83d9-478a-aa80-3a0eae44c904,3895052,77,4082889300,4082889600
s3_s2sf12j2_kafka_rep4_20260612,kafka,sb-events-s3_s2sf12j2_kafka_rep4_20260612,1ea7e806-c0fc-48a8-829a-af9ea7b3aa73,3895052,77,4084521500,4084521800
s3_s2sf12j2_kafka_rep4_20260612,kafka,sb-events-s3_s2sf12j2_kafka_rep4_20260612,b772fbf5-f3a6-47cf-99bf-5c7adba135f8,3895113,77,4086545400,4086545800
s3_s2sf12j2_kafka_rep4_20260612,kafka,sb-events-s3_s2sf12j2_kafka_rep4_20260612,1c068f50-c84a-4e1d-824e-578b65120800,3895113,77,4088156900,4088157100
s3_s2sf12j2_kafka_rep4_20260612,kafka,sb-events-s3_s2sf12j2_kafka_rep4_20260612,068a8c35-4ab7-43d1-8463-c4452fd842bd,3895067,77,4089491900,4089492200
s3_s2sf12j2_kafka_rep4_20260612,kafka,sb-events-s3_s2sf12j2_kafka_rep4_20260612,7d37b5cc-3e2d-4ab5-b4af-a45e73138874,3895113,77,4091178800,4091179100
s3_s2sf12j2_kafka_rep4_20260612,kafka,sb-events-s3_s2sf12j2_kafka_rep4_20260612,d3eafa83-830e-4546-b34f-72ea722a5e41,3895113,77,4093086600,4093086900
s3_s2sf12j2_kafka_rep4_20260612,kafka,sb-events-s3_s2sf12j2_kafka_rep4_20260612,ac7217b3-16a1-434f-a555-38147f80fd38,3895113,77,4094882300,4094882600
s3_s2sf12j2_kafka_rep4_20260612,kafka,sb-events-s3_s2sf12j2_kafka_rep4_20260612,195e209c-bc46-4725-ad21-f82a13d77148,3895074,78,4096060500,4096060800
s3_s2sf12j2_kafka_rep4_20260612,kafka,sb-events-s3_s2sf12j2_kafka_rep4_20260612,5aab8dfd-d52c-4f67-806a-20e57ec5d557,3895074,78,4097308000,4097308400
s3_s2sf12j2_kafka_rep4_20260612,kafka,sb-events-s3_s2sf12j2_kafka_rep4_20260612,bbf03926-59ca-4606-9ea2-3cd31eb2fff9,3895067,78,4098555400,4098555600
s3_s2sf12j2_kafka_rep4_20260612,kafka,sb-events-s3_s2sf12j2_kafka_rep4_20260612,6fc5bbd2-8105-451e-ad72-538d52fdd810,3895067,78,4099923600,4099923900
s3_s2sf12j2_kafka_rep4_20260612,kafka,sb-events-s3_s2sf12j2_kafka_rep4_20260612,f500021a-9e63-4063-afe0-b13494e43e25,3895113,78,4101502900,4101503200
s3_s2sf12j2_kafka_rep4_20260612,kafka,sb-events-s3_s2sf12j2_kafka_rep4_20260612,7fd60487-cf13-4688-a589-1979aee7d23a,3895113,78,4103893300,4103893600
s3_s2sf12j2_kafka_rep4_20260612,kafka,sb-events-s3_s2sf12j2_kafka_rep4_20260612,c82d0617-8b6a-4c3a-87b0-6a2aac137cbd,3895121,79,4105804200,4105804600
s3_s2sf12j2_kafka_rep4_20260612,kafka,sb-events-s3_s2sf12j2_kafka_rep4_20260612,e6ae1bb5-29df-4ee2-861a-12940ff0fa0c,3895121,79,4107171900,4107172300
s3_s2sf12j2_kafka_rep4_20260612,kafka,sb-events-s3_s2sf12j2_kafka_rep4_20260612,d027a7a8-d227-41d0-854b-c86a4a71e20b,3895074,79,4108420600,4108420800
s3_s2sf12j2_kafka_rep4_20260612,kafka,sb-events-s3_s2sf12j2_kafka_rep4_20260612,ed5753a5-c289-4649-b971-065a09c34081,3895074,79,4109836100,4109836300
s3_s2sf12j2_kafka_rep4_20260612,kafka,sb-events-s3_s2sf12j2_kafka_rep4_20260612,0cff468a-4801-4e93-bdff-e3cf0fb9e825,3895067,79,4111216100,4111216400
s3_s2sf12j2_kafka_rep4_20260612,kafka,sb-events-s3_s2sf12j2_kafka_rep4_20260612,a0ad5112-916a-41aa-8d46-d7681863838a,3895113,79,4112364200,4112364500
s3_s2sf12j2_kafka_rep4_20260612,kafka,sb-events-s3_s2sf12j2_kafka_rep4_20260612,9bae5df9-4f8d-4f3e-861a-e44685e969a9,3895086,79,4113519100,4113519300
s3_s2sf12j2_kafka_rep4_20260612,kafka,sb-events-s3_s2sf12j2_kafka_rep4_20260612,030b5453-777e-489d-9691-bca667cdbb07,3895067,80,4114737100,4114737300
s3_s2sf12j2_kafka_rep4_20260612,kafka,sb-events-s3_s2sf12j2_kafka_rep4_20260612,b3e931e5-5dc9-4367-8a43-f27bd647d688,3895067,80,4116125500,4116125700
s3_s2sf12j2_kafka_rep4_20260612,kafka,sb-events-s3_s2sf12j2_kafka_rep4_20260612,86b4af1d-95ac-4092-9d96-efc8703ea4a6,3895113,80,4117505900,4117506200
s3_s2sf12j2_kafka_rep4_20260612,kafka,sb-events-s3_s2sf12j2_kafka_rep4_20260612,03442bfd-3838-49c7-898a-1f0c6950d9f2,3895086,80,4119312300,4119312500
s3_s2sf12j2_kafka_rep4_20260612,kafka,sb-events-s3_s2sf12j2_kafka_rep4_20260612,896dc77b-f5fe-4a62-bcb2-a2b3ea7c36a5,3895086,80,4121209300,4121209600
s3_s2sf12j2_kafka_rep4_20260612,kafka,sb-events-s3_s2sf12j2_kafka_rep4_20260612,42ba23fd-6dda-41c5-b674-5fe50e298b30,3895121,81,4122720000,4122720300
s3_s2sf12j2_kafka_rep4_20260612,kafka,sb-events-s3_s2sf12j2_kafka_rep4_20260612,e083ff1e-a815-4ceb-be0d-74e46f4b2105,3895121,81,4124308000,4124308300
s3_s2sf12j2_kafka_rep4_20260612,kafka,sb-events-s3_s2sf12j2_kafka_rep4_20260612,4accf764-c81d-4823-937b-355299ea8c73,3895074,81,4125428800,4125429100
s3_s2sf12j2_kafka_rep4_20260612,kafka,sb-events-s3_s2sf12j2_kafka_rep4_20260612,e8cfafef-37c7-4e00-be7f-4bee056a1e72,3895052,81,4126788000,4126788400
s3_s2sf12j2_kafka_rep4_20260612,kafka,sb-events-s3_s2sf12j2_kafka_rep4_20260612,86913597-82b0-4000-9be5-2b7fa42caa76,3895113,81,4128170400,4128170800
s3_s2sf12j2_kafka_rep4_20260612,kafka,sb-events-s3_s2sf12j2_kafka_rep4_20260612,ba9abae9-f6c5-434d-ae12-bd0b2c182bc6,3895113,81,4129407800,4129408100
s3_s2sf12j2_kafka_rep4_20260612,kafka,sb-events-s3_s2sf12j2_kafka_rep4_20260612,e243eff1-e63a-41fb-98e9-2bde3272420a,3895113,81,4130887400,4130887800
s3_s2sf12j2_kafka_rep4_20260612,kafka,sb-events-s3_s2sf12j2_kafka_rep4_20260612,4c5443dc-d6fc-427d-9bac-1ffea8874db9,3895086,81,4132600500,4132600700
s3_s2sf12j2_kafka_rep4_20260612,kafka,sb-events-s3_s2sf12j2_kafka_rep4_20260612,107a8aee-57d5-4f7a-8971-91621e90374f,3895086,81,4134382900,4134383200
s3_s2sf12j2_kafka_rep4_20260612,kafka,sb-events-s3_s2sf12j2_kafka_rep4_20260612,507d41e8-a33f-4d01-b9ff-168feada4ee3,3895086,81,4135827600,4135827800
s3_s2sf12j2_kafka_rep4_20260612,kafka,sb-events-s3_s2sf12j2_kafka_rep4_20260612,62fbcc89-c9e1-40a1-acdd-06d58528a62b,3895121,82,4137324400,4137324700
s3_s2sf12j2_kafka_rep4_20260612,kafka,sb-events-s3_s2sf12j2_kafka_rep4_20260612,f21cae0b-5501-4169-bf7a-f978ab2259b1,3895121,82,4139623200,4139623700
s3_s2sf12j2_kafka_rep4_20260612,kafka,sb-events-s3_s2sf12j2_kafka_rep4_20260612,2a4589ee-8a60-4838-bb5f-949f057a46be,3895052,82,4141104500,4141104800
s3_s2sf12j2_kafka_rep4_20260612,kafka,sb-events-s3_s2sf12j2_kafka_rep4_20260612,fe0f397f-f5e0-4759-9e45-af76f196daa7,3895052,82,4142509300,4142509600
s3_s2sf12j2_kafka_rep4_20260612,kafka,sb-events-s3_s2sf12j2_kafka_rep4_20260612,7f9bca75-fdac-456a-a077-a1b6679635f9,3895067,82,4143645200,4143645500
s3_s2sf12j2_kafka_rep4_20260612,kafka,sb-events-s3_s2sf12j2_kafka_rep4_20260612,7e6e7d87-a93a-4d9b-9518-b45914cddc8e,3895086,82,4145676800,4145677000
s3_s2sf12j2_kafka_rep4_20260612,kafka,sb-events-s3_s2sf12j2_kafka_rep4_20260612,13c22074-4da3-469f-af37-643f4a6d2211,3895074,83,4147179400,4147179600
s3_s2sf12j2_kafka_rep4_20260612,kafka,sb-events-s3_s2sf12j2_kafka_rep4_20260612,fa58fa6c-9d21-48a3-b8f9-7a66751a2a7a,3895074,83,4148320300,4148320500
s3_s2sf12j2_kafka_rep4_20260612,kafka,sb-events-s3_s2sf12j2_kafka_rep4_20260612,c5a4b0aa-b03e-4e82-a80a-ea91e7ecf394,3895052,83,4149784000,4149784300
s3_s2sf12j2_kafka_rep4_20260612,kafka,sb-events-s3_s2sf12j2_kafka_rep4_20260612,29ebd69c-b1d1-4dc7-b54b-31a857a4d433,3895067,83,4151398400,4151398700
s3_s2sf12j2_kafka_rep4_20260612,kafka,sb-events-s3_s2sf12j2_kafka_rep4_20260612,7f356a1a-a126-4380-8bab-651b39b4bceb,3895095,83,4152743100,4152743400
s3_s2sf12j2_kafka_rep4_20260612,kafka,sb-events-s3_s2sf12j2_kafka_rep4_20260612,e6de5b8f-521e-495c-bcc2-1496fe2c2457,3895067,83,4154303800,4154304000
s3_s2sf12j2_kafka_rep4_20260612,kafka,sb-events-s3_s2sf12j2_kafka_rep4_20260612,78eec9d2-2279-474b-8174-5955e289ab49,3895113,83,4155435900,4155436100
s3_s2sf12j2_kafka_rep4_20260612,kafka,sb-events-s3_s2sf12j2_kafka_rep4_20260612,ff5a7afc-11a6-4f3c-b55c-403c5730e20b,3895113,83,4157272600,4157272900
s3_s2sf12j2_kafka_rep4_20260612,kafka,sb-events-s3_s2sf12j2_kafka_rep4_20260612,787336fc-bb27-441e-9329-430b61f3c14b,3895086,83,4159003400,4159003700
s3_s2sf12j2_kafka_rep4_20260612,kafka,sb-events-s3_s2sf12j2_kafka_rep4_20260612,6c237c16-6750-4dc1-9995-bd07debf26c1,3895052,84,4160536000,4160536200
s3_s2sf12j2_kafka_rep4_20260612,kafka,sb-events-s3_s2sf12j2_kafka_rep4_20260612,587dfd13-6676-4362-a28f-be1edea9a6c6,3895052,84,4162374200,4162374500
s3_s2sf12j2_kafka_rep4_20260612,kafka,sb-events-s3_s2sf12j2_kafka_rep4_20260612,6b5e6f95-6428-4d18-b21d-9c9a79525b5a,3895095,84,4164025400,4164025700
s3_s2sf12j2_kafka_rep4_20260612,kafka,sb-events-s3_s2sf12j2_kafka_rep4_20260612,56f7af39-fd83-4562-94a1-ef575eab5c2f,3895067,84,4165266000,4165266200
s3_s2sf12j2_kafka_rep4_20260612,kafka,sb-events-s3_s2sf12j2_kafka_rep4_20260612,2bac81e7-2ae1-49d5-93fc-c73136033765,3895095,84,4167068000,4167068300
s3_s2sf12j2_kafka_rep4_20260612,kafka,sb-events-s3_s2sf12j2_kafka_rep4_20260612,111b9035-afa8-4884-8908-b5c13ccb8b02,3895086,84,4168518700,4168519000
s3_s2sf12j2_kafka_rep4_20260612,kafka,sb-events-s3_s2sf12j2_kafka_rep4_20260612,42a5a0e6-3823-4e64-ba59-9875f5ffb0ad,3895086,84,4169913400,4169913600
s3_s2sf12j2_kafka_rep4_20260612,kafka,sb-events-s3_s2sf12j2_kafka_rep4_20260612,5b4be5da-e353-47d1-9aa2-e412034a7cc9,3895121,85,4171608700,4171609100
s3_s2sf12j2_kafka_rep4_20260612,kafka,sb-events-s3_s2sf12j2_kafka_rep4_20260612,7b1bfe4d-343b-4a49-9f36-ac1c9281053e,3895121,85,4173277700,4173277900
s3_s2sf12j2_kafka_rep4_20260612,kafka,sb-events-s3_s2sf12j2_kafka_rep4_20260612,5f38e18f-86ae-43b3-a606-39c39db57cee,3895052,85,4175208500,4175208800
s3_s2sf12j2_kafka_rep4_20260612,kafka,sb-events-s3_s2sf12j2_kafka_rep4_20260612,5f0b504c-329e-4a36-9b61-e4fcfa79dbad,3895067,85,4176748800,4176749100
s3_s2sf12j2_kafka_rep4_20260612,kafka,sb-events-s3_s2sf12j2_kafka_rep4_20260612,d47829c7-5e69-4c6e-bd70-9fcceb367367,3895095,85,4178081100,4178081500
s3_s2sf12j2_kafka_rep4_20260612,kafka,sb-events-s3_s2sf12j2_kafka_rep4_20260612,8b9f3b73-7860-4cab-accb-f394ff0cf96f,3895067,85,4179331100,4179331300
s3_s2sf12j2_kafka_rep4_20260612,kafka,sb-events-s3_s2sf12j2_kafka_rep4_20260612,6521de44-af00-4c95-a37f-4936185cbd0c,3895067,85,4180777400,4180777700
s3_s2sf12j2_kafka_rep4_20260612,kafka,sb-events-s3_s2sf12j2_kafka_rep4_20260612,f3f24509-b665-4851-9411-fa3fd6de93f8,3895113,85,4182188600,4182188900
s3_s2sf12j2_kafka_rep4_20260612,kafka,sb-events-s3_s2sf12j2_kafka_rep4_20260612,726edc96-91b9-4771-85d8-b5dd43e7bbe3,3895086,85,4183733000,4183733300
s3_s2sf12j2_kafka_rep4_20260612,kafka,sb-events-s3_s2sf12j2_kafka_rep4_20260612,4d769c60-6b01-42c7-ba36-1565e549eae8,3895052,86,4185707100,4185707300
s3_s2sf12j2_kafka_rep4_20260612,kafka,sb-events-s3_s2sf12j2_kafka_rep4_20260612,c241d9b6-58dd-4ea2-8b5e-16e7aef4e822,3895052,86,4187534500,4187534800
s3_s2sf12j2_kafka_rep4_20260612,kafka,sb-events-s3_s2sf12j2_kafka_rep4_20260612,3c0fbaec-8fc8-4e7a-99c4-0210d8e061e5,3895095,86,4188730000,4188730300
s3_s2sf12j2_kafka_rep4_20260612,kafka,sb-events-s3_s2sf12j2_kafka_rep4_20260612,5d5b8e92-4834-42c7-886b-7c908d58f5ae,3895095,86,4190099400,4190099700
s3_s2sf12j2_kafka_rep4_20260612,kafka,sb-events-s3_s2sf12j2_kafka_rep4_20260612,9f6e6858-572d-4258-b587-e91b56d684d3,3895067,86,4191671700,4191672000
s3_s2sf12j2_kafka_rep4_20260612,kafka,sb-events-s3_s2sf12j2_kafka_rep4_20260612,345cb7e8-5870-4a38-bc70-b4727a52d6fa,3895113,86,4193225500,4193225800
s3_s2sf12j2_kafka_rep4_20260612,kafka,sb-events-s3_s2sf12j2_kafka_rep4_20260612,a4f84a5e-7d03-4a36-97ae-d1ad5b9e1121,3895067,86,4194646500,4194646800
s3_s2sf12j2_kafka_rep4_20260612,kafka,sb-events-s3_s2sf12j2_kafka_rep4_20260612,6abd10fe-abb5-4ef7-8139-fc8300228420,3895113,86,4196284600,4196285000
s3_s2sf12j2_kafka_rep4_20260612,kafka,sb-events-s3_s2sf12j2_kafka_rep4_20260612,540d57d3-6135-4d4e-ac1b-cdaf6d884ea2,3895086,86,4197870500,4197870800
s3_s2sf12j2_kafka_rep4_20260612,kafka,sb-events-s3_s2sf12j2_kafka_rep4_20260612,bbe8d73a-45fd-4e6a-a589-d54755e6a1cc,3895086,86,4199806500,4199806700
s3_s2sf12j2_kafka_rep4_20260612,kafka,sb-events-s3_s2sf12j2_kafka_rep4_20260612,f1de8ed7-dd06-4972-8198-fc3268ff24cf,3895052,87,4201364400,4201364700
s3_s2sf12j2_kafka_rep4_20260612,kafka,sb-events-s3_s2sf12j2_kafka_rep4_20260612,a8d82eb3-1443-4b6d-b31d-5118f044f4bc,3895052,87,4202593300,4202593500
s3_s2sf12j2_kafka_rep4_20260612,kafka,sb-events-s3_s2sf12j2_kafka_rep4_20260612,2747e907-b5f5-49ce-a909-8fda34bd750f,3895086,87,4204042500,4204042700
s3_s2sf12j2_kafka_rep4_20260612,kafka,sb-events-s3_s2sf12j2_kafka_rep4_20260612,56d69800-edf7-4142-ab4c-9526158c14df,3895086,87,4205477500,4205477700
s3_s2sf12j2_kafka_rep4_20260612,kafka,sb-events-s3_s2sf12j2_kafka_rep4_20260612,29f5b82a-3d6b-4a71-9a45-22f52290b730,3895121,88,4206664500,4206664800
s3_s2sf12j2_kafka_rep4_20260612,kafka,sb-events-s3_s2sf12j2_kafka_rep4_20260612,2893e770-31b5-4ebb-841e-a1658c844d55,3895074,88,4207881200,4207881400
s3_s2sf12j2_kafka_rep4_20260612,kafka,sb-events-s3_s2sf12j2_kafka_rep4_20260612,42d34e4a-89a3-415f-a454-449a5dd7cdee,3895121,88,4209492100,4209492600
s3_s2sf12j2_kafka_rep4_20260612,kafka,sb-events-s3_s2sf12j2_kafka_rep4_20260612,0376753a-5e29-4cd4-a4d7-008663a3ef13,3895052,88,4210693000,4210693300
s3_s2sf12j2_kafka_rep4_20260612,kafka,sb-events-s3_s2sf12j2_kafka_rep4_20260612,beca7090-e47b-48f6-97fe-75ca3adcef14,3895095,88,4212359500,4212359800
s3_s2sf12j2_kafka_rep4_20260612,kafka,sb-events-s3_s2sf12j2_kafka_rep4_20260612,d9b493eb-d245-442c-9601-4b14887e636d,3895067,88,4214484600,4214484900
s3_s2sf12j2_kafka_rep4_20260612,kafka,sb-events-s3_s2sf12j2_kafka_rep4_20260612,2d52eb52-cff2-401e-a12e-b6299e0198b1,3895067,88,4215836500,4215836800
s3_s2sf12j2_kafka_rep4_20260612,kafka,sb-events-s3_s2sf12j2_kafka_rep4_20260612,2a4b618e-fbb6-4fd9-b3f6-17220dbb0cd2,3895074,89,4217116100,4217116300
s3_s2sf12j2_kafka_rep4_20260612,kafka,sb-events-s3_s2sf12j2_kafka_rep4_20260612,64be0f38-c5d1-4a99-842b-603860a63b66,3895121,89,4218639300,4218639600
s3_s2sf12j2_kafka_rep4_20260612,kafka,sb-events-s3_s2sf12j2_kafka_rep4_20260612,646f5a83-a844-4c20-9a34-2cfae264f835,3895074,89,4219834000,4219834300
s3_s2sf12j2_kafka_rep4_20260612,kafka,sb-events-s3_s2sf12j2_kafka_rep4_20260612,3c5e67f5-946c-4062-bb82-b40e613923ab,3895121,89,4221352100,4221352400
s3_s2sf12j2_kafka_rep4_20260612,kafka,sb-events-s3_s2sf12j2_kafka_rep4_20260612,d8fa0a0f-dbd5-4d56-849d-e542d0f4c863,3895052,89,4222975700,4222975900
s3_s2sf12j2_kafka_rep4_20260612,kafka,sb-events-s3_s2sf12j2_kafka_rep4_20260612,4365972f-a6eb-41f4-8405-84a44f9c3f15,3895052,89,4224398400,4224398700
s3_s2sf12j2_kafka_rep4_20260612,kafka,sb-events-s3_s2sf12j2_kafka_rep4_20260612,1ebc41a8-9a54-4ed7-b7f0-0ad98ca182d9,3895121,90,4225891400,4225891600
s3_s2sf12j2_kafka_rep4_20260612,kafka,sb-events-s3_s2sf12j2_kafka_rep4_20260612,e9349458-19c1-433d-a74b-514a898592ca,3895052,90,4227596500,4227596700
s3_s2sf12j2_kafka_rep4_20260612,kafka,sb-events-s3_s2sf12j2_kafka_rep4_20260612,f5b2bcc8-9b50-4da0-aa1f-3d552544b1f0,3895095,90,4229405900,4229406400
s3_s2sf12j2_kafka_rep4_20260612,kafka,sb-events-s3_s2sf12j2_kafka_rep4_20260612,942e1fa9-401d-4f6a-aeda-0317698cd045,3895095,90,4230991700,4230992100
s3_s2sf12j2_kafka_rep4_20260612,kafka,sb-events-s3_s2sf12j2_kafka_rep4_20260612,87f538be-2098-4fe4-8810-f51747834230,3895113,90,4232497100,4232497400
s3_s2sf12j2_kafka_rep4_20260612,kafka,sb-events-s3_s2sf12j2_kafka_rep4_20260612,66b31129-9550-48eb-aab9-fdc69ac92c81,3895113,90,4233888800,4233889300
s3_s2sf12j2_kafka_rep4_20260612,kafka,sb-events-s3_s2sf12j2_kafka_rep4_20260612,df2e5510-62cc-4163-98c5-5a8a588c1ad8,3895113,90,4235457000,4235457500
s3_s2sf12j2_kafka_rep4_20260612,kafka,sb-events-s3_s2sf12j2_kafka_rep4_20260612,b313223c-4773-4a1b-bfa4-80104490c9eb,3895113,90,4236785800,4236786000
s3_s2sf12j2_kafka_rep4_20260612,kafka,sb-events-s3_s2sf12j2_kafka_rep4_20260612,8e334322-dfb2-4dec-825b-7b610bd9d614,3895074,91,4238622200,4238622500
s3_s2sf12j2_kafka_rep4_20260612,kafka,sb-events-s3_s2sf12j2_kafka_rep4_20260612,70c06522-06f2-43da-a2bd-4356b359a600,3895067,91,4239963900,4239964100
s3_s2sf12j2_kafka_rep4_20260612,kafka,sb-events-s3_s2sf12j2_kafka_rep4_20260612,b0a8fbce-c821-491c-a37f-da9d3746ba52,3895067,91,4241090100,4241090300
s3_s2sf12j2_kafka_rep4_20260612,kafka,sb-events-s3_s2sf12j2_kafka_rep4_20260612,dd6208c4-623c-488d-be28-3134d724633f,3895067,91,4242218900,4242219100
s3_s2sf12j2_kafka_rep4_20260612,kafka,sb-events-s3_s2sf12j2_kafka_rep4_20260612,828b3f57-9b71-4499-ae26-f64755e48e20,3895113,91,4244366600,4244366900
s3_s2sf12j2_kafka_rep4_20260612,kafka,sb-events-s3_s2sf12j2_kafka_rep4_20260612,5b7445ba-ce8f-482b-8d65-82b1b4f2988a,3895067,91,4246151500,4246151800
s3_s2sf12j2_kafka_rep4_20260612,kafka,sb-events-s3_s2sf12j2_kafka_rep4_20260612,d258e6f7-f318-4cb5-88c3-f16a5e8f313c,3895086,91,4247997200,4247997600
s3_s2sf12j2_kafka_rep4_20260612,kafka,sb-events-s3_s2sf12j2_kafka_rep4_20260612,e68a1a15-69d7-40f2-b136-55b7c64aef10,3895074,92,4250280400,4250280700
s3_s2sf12j2_kafka_rep4_20260612,kafka,sb-events-s3_s2sf12j2_kafka_rep4_20260612,66973f0d-2300-46ef-a265-d3cf2d66f504,3895095,92,4252566400,4252566700
s3_s2sf12j2_kafka_rep4_20260612,kafka,sb-events-s3_s2sf12j2_kafka_rep4_20260612,416f6860-d593-4042-949c-a5da924f1a3a,3895113,92,4254562500,4254562700
s3_s2sf12j2_kafka_rep4_20260612,kafka,sb-events-s3_s2sf12j2_kafka_rep4_20260612,0581db2b-9d21-40c8-a8fe-a36bac9bd0fe,3895113,92,4256603000,4256603400
s3_s2sf12j2_kafka_rep4_20260612,kafka,sb-events-s3_s2sf12j2_kafka_rep4_20260612,c6712579-4e48-4c9d-aca9-13c7ae5216d1,3895113,92,4259212700,4259212900
s3_s2sf12j2_kafka_rep4_20260612,kafka,sb-events-s3_s2sf12j2_kafka_rep4_20260612,2fa064d8-f9d2-4c60-87c3-f13c608a9d28,3895113,92,4261529300,4261529500
s3_s2sf12j2_kafka_rep4_20260612,kafka,sb-events-s3_s2sf12j2_kafka_rep4_20260612,7754eb17-443e-4c9f-8d7e-72d1d27c6976,3895086,92,4264151900,4264152200
s3_s2sf12j2_kafka_rep4_20260612,kafka,sb-events-s3_s2sf12j2_kafka_rep4_20260612,c1b1b2dc-2091-4daa-84c0-0d2383d34a86,3895086,92,4267132400,4267132800
s3_s2sf12j2_kafka_rep4_20260612,kafka,sb-events-s3_s2sf12j2_kafka_rep4_20260612,c9193dbc-a436-48e8-8fd1-6edce33ef239,3895121,93,4269088700,4269088900
s3_s2sf12j2_kafka_rep4_20260612,kafka,sb-events-s3_s2sf12j2_kafka_rep4_20260612,8591e32d-b0d5-4d52-99c1-f6f01c29e65c,3895134,93,4271312100,4271312600
s3_s2sf12j2_kafka_rep4_20260612,kafka,sb-events-s3_s2sf12j2_kafka_rep4_20260612,05cd20fa-12bd-4596-bee5-f161b155bfcc,3895052,93,4272931500,4272931800
s3_s2sf12j2_kafka_rep4_20260612,kafka,sb-events-s3_s2sf12j2_kafka_rep4_20260612,c5f54ab2-8a92-40ea-8281-2ef5c18edb30,3895052,93,4275134400,4275134700
s3_s2sf12j2_kafka_rep4_20260612,kafka,sb-events-s3_s2sf12j2_kafka_rep4_20260612,edee64bb-b610-4ca3-ae10-9c2b105e12c6,3895052,93,4277577400,4277577700
s3_s2sf12j2_kafka_rep4_20260612,kafka,sb-events-s3_s2sf12j2_kafka_rep4_20260612,728082f9-d38e-463f-b904-e542e36fb188,3895095,93,4279914900,4279915200
s3_s2sf12j2_kafka_rep4_20260612,kafka,sb-events-s3_s2sf12j2_kafka_rep4_20260612,3ccfac04-5845-4f47-8032-20180f4ffe45,3895095,93,4281916100,4281916500
s3_s2sf12j2_kafka_rep4_20260612,kafka,sb-events-s3_s2sf12j2_kafka_rep4_20260612,e9499440-364d-4088-acc6-78a5c8f79b80,3895113,93,4283759200,4283759500
s3_s2sf12j2_kafka_rep4_20260612,kafka,sb-events-s3_s2sf12j2_kafka_rep4_20260612,cab10015-6ac5-42f8-8be8-4ef18eb0c600,3895113,93,4285640000,4285640300
s3_s2sf12j2_kafka_rep4_20260612,kafka,sb-events-s3_s2sf12j2_kafka_rep4_20260612,66f99ca0-8d55-4369-b532-8afa4fb60cb6,3895113,93,4287715800,4287716100
s3_s2sf12j2_kafka_rep4_20260612,kafka,sb-events-s3_s2sf12j2_kafka_rep4_20260612,43dbd405-1322-474b-af1c-daa2625cddd6,3895074,94,4289705800,4289706000
s3_s2sf12j2_kafka_rep4_20260612,kafka,sb-events-s3_s2sf12j2_kafka_rep4_20260612,1d6d4b5f-fcb8-4542-a2a0-cef25ccdbd81,3895121,94,4292262100,4292262400
s3_s2sf12j2_kafka_rep4_20260612,kafka,sb-events-s3_s2sf12j2_kafka_rep4_20260612,e00a5ad0-eaf2-4669-b550-11fd0e701be9,3895074,94,4294955300,4294955700
s3_s2sf12j2_kafka_rep4_20260612,kafka,sb-events-s3_s2sf12j2_kafka_rep4_20260612,7b40fbd4-a6c0-40d7-b4f9-23abcffcd4c5,3895121,94,4296563400,4296563700
s3_s2sf12j2_kafka_rep4_20260612,kafka,sb-events-s3_s2sf12j2_kafka_rep4_20260612,d661cba6-658b-499f-805a-039b315ddbd1,3895134,94,4298264400,4298264700
s3_s2sf12j2_kafka_rep4_20260612,kafka,sb-events-s3_s2sf12j2_kafka_rep4_20260612,373c00ad-aaab-417b-8bd0-1d896bdb010c,3895134,94,4299825800,4299826100
s3_s2sf12j2_kafka_rep4_20260612,kafka,sb-events-s3_s2sf12j2_kafka_rep4_20260612,292d775e-e7f6-4184-a905-16b5d63af2ad,3895134,94,4301341800,4301342000
s3_s2sf12j2_kafka_rep4_20260612,kafka,sb-events-s3_s2sf12j2_kafka_rep4_20260612,2b9c84e1-253a-4b23-ade6-906d178e7dbf,3895052,94,4302972300,4302972500
s3_s2sf12j2_kafka_rep4_20260612,kafka,sb-events-s3_s2sf12j2_kafka_rep4_20260612,f37a2ea2-ffd2-4be1-ae29-4d6fcdaa75c8,3895052,94,4305253100,4305253500
s3_s2sf12j2_kafka_rep4_20260612,kafka,sb-events-s3_s2sf12j2_kafka_rep4_20260612,28947f12-5bda-4d7a-8819-ae670f2b2ca1,3895052,94,4307415800,4307416100
s3_s2sf12j2_kafka_rep4_20260612,kafka,sb-events-s3_s2sf12j2_kafka_rep4_20260612,bd1d1124-a984-42f1-b66b-28b07f32153e,3895052,94,4309180500,4309180800
s3_s2sf12j2_kafka_rep4_20260612,kafka,sb-events-s3_s2sf12j2_kafka_rep4_20260612,6db048b0-fb35-4772-b8a4-385ff5d3bf54,3895052,94,4311011600,4311012000
s3_s2sf12j2_kafka_rep4_20260612,kafka,sb-events-s3_s2sf12j2_kafka_rep4_20260612,e4c17700-43bb-43a3-ac49-f13944a9566e,3895052,94,4312432700,4312433000
s3_s2sf12j2_kafka_rep4_20260612,kafka,sb-events-s3_s2sf12j2_kafka_rep4_20260612,f0ddd78d-dbb8-4d59-a5a9-59a4471fb126,3895067,94,4313962600,4313962900
s3_s2sf12j2_kafka_rep4_20260612,kafka,sb-events-s3_s2sf12j2_kafka_rep4_20260612,ace43399-85d9-46d5-9d23-fb51847aead6,3895086,94,4315234400,4315234600
s3_s2sf12j2_kafka_rep4_20260612,kafka,sb-events-s3_s2sf12j2_kafka_rep4_20260612,5043e3af-3c3c-4fde-b62f-9da75c031686,3895074,95,4316950300,4316950700
s3_s2sf12j2_kafka_rep4_20260612,kafka,sb-events-s3_s2sf12j2_kafka_rep4_20260612,7fae2d6a-026a-49ee-96da-30429e822d18,3895134,95,4319312600,4319313100
s3_s2sf12j2_kafka_rep4_20260612,kafka,sb-events-s3_s2sf12j2_kafka_rep4_20260612,8a11b84c-28ad-45df-b47d-888026d081da,3895134,95,4320857200,4320857500
s3_s2sf12j2_kafka_rep4_20260612,kafka,sb-events-s3_s2sf12j2_kafka_rep4_20260612,3742c998-92f6-475b-84cb-66d216cbb7b9,3895134,95,4322393800,4322394100
s3_s2sf12j2_kafka_rep4_20260612,kafka,sb-events-s3_s2sf12j2_kafka_rep4_20260612,6d272944-e0e1-4bba-95ea-74ddbcd89857,3895067,95,4324096200,4324096400
s3_s2sf12j2_kafka_rep4_20260612,kafka,sb-events-s3_s2sf12j2_kafka_rep4_20260612,e72b1bcb-24bf-49c9-b727-7e1159f070d7,3895067,95,4326049300,4326049600
s3_s2sf12j2_kafka_rep4_20260612,kafka,sb-events-s3_s2sf12j2_kafka_rep4_20260612,c3e5d0fb-db35-45e3-ab6f-992a3559fa70,3895113,95,4327513500,4327513700
s3_s2sf12j2_kafka_rep4_20260612,kafka,sb-events-s3_s2sf12j2_kafka_rep4_20260612,38441982-a067-4462-a822-42717582d3f6,3895113,95,4329075600,4329076000
s3_s2sf12j2_kafka_rep4_20260612,kafka,sb-events-s3_s2sf12j2_kafka_rep4_20260612,2b992ee9-94f0-4cab-8f7a-855c68a6839d,3895086,95,4330415200,4330415500
s3_s2sf12j2_kafka_rep4_20260612,kafka,sb-events-s3_s2sf12j2_kafka_rep4_20260612,fdbc2ce9-1260-4093-84c7-967fefe71601,3895074,96,4332225000,4332225300
s3_s2sf12j2_kafka_rep4_20260612,kafka,sb-events-s3_s2sf12j2_kafka_rep4_20260612,689ce84b-5aa2-4e4d-856a-ae00e2bc2164,3895074,96,4333799400,4333799700
s3_s2sf12j2_kafka_rep4_20260612,kafka,sb-events-s3_s2sf12j2_kafka_rep4_20260612,81a2e0ba-0069-484b-b48d-3028ad8f8901,3895113,96,4335427500,4335427800
s3_s2sf12j2_kafka_rep4_20260612,kafka,sb-events-s3_s2sf12j2_kafka_rep4_20260612,5e3179a0-084a-4e80-9da2-5f35e8ec0452,3895086,96,4336896800,4336897100
s3_s2sf12j2_kafka_rep4_20260612,kafka,sb-events-s3_s2sf12j2_kafka_rep4_20260612,ba5596c8-74af-4d91-971f-67e828d714f1,3895086,96,4338384800,4338385000
s3_s2sf12j2_kafka_rep4_20260612,kafka,sb-events-s3_s2sf12j2_kafka_rep4_20260612,f1642bb5-9d19-4590-a656-35b6b538b16f,3895095,97,4339898300,4339898500
s3_s2sf12j2_kafka_rep4_20260612,kafka,sb-events-s3_s2sf12j2_kafka_rep4_20260612,604cba08-934e-4d65-adfc-d2e0e276c634,3895095,97,4341324200,4341324500
s3_s2sf12j2_kafka_rep4_20260612,kafka,sb-events-s3_s2sf12j2_kafka_rep4_20260612,4e0c0132-c685-4866-babe-f1f6449ebb28,3895067,97,4342561800,4342562000
s3_s2sf12j2_kafka_rep4_20260612,kafka,sb-events-s3_s2sf12j2_kafka_rep4_20260612,6c6e6e43-3708-4a97-a623-144db45e0acf,3895113,97,4344079500,4344079800
s3_s2sf12j2_kafka_rep4_20260612,kafka,sb-events-s3_s2sf12j2_kafka_rep4_20260612,1c8f3337-ba8c-4afc-9ce5-ba81c530b442,3895113,97,4345555100,4345555400
s3_s2sf12j2_kafka_rep4_20260612,kafka,sb-events-s3_s2sf12j2_kafka_rep4_20260612,246150e9-1505-46a9-bdb8-34f5bffecb20,3895113,97,4347096400,4347096700
s3_s2sf12j2_kafka_rep4_20260612,kafka,sb-events-s3_s2sf12j2_kafka_rep4_20260612,c0f7d5c0-0cc1-4b31-b688-e44c5aeb403a,3895067,98,4348509200,4348509500
s3_s2sf12j2_kafka_rep4_20260612,kafka,sb-events-s3_s2sf12j2_kafka_rep4_20260612,904d4597-9a8b-4c50-b89c-5e1276d64954,3895067,98,4350237700,4350238000
s3_s2sf12j2_kafka_rep4_20260612,kafka,sb-events-s3_s2sf12j2_kafka_rep4_20260612,f5f5e776-6f22-45f7-b749-df1979955015,3895113,98,4351644500,4351644800
s3_s2sf12j2_kafka_rep4_20260612,kafka,sb-events-s3_s2sf12j2_kafka_rep4_20260612,a1aa8792-71c5-4cec-8342-1f1de877fc46,3895074,99,4353359300,4353359800
s3_s2sf12j2_kafka_rep4_20260612,kafka,sb-events-s3_s2sf12j2_kafka_rep4_20260612,6a114c66-3879-45e7-a3f1-7127dc522348,3895134,99,4354767000,4354767400
s3_s2sf12j2_kafka_rep4_20260612,kafka,sb-events-s3_s2sf12j2_kafka_rep4_20260612,0e820704-1d4e-443f-a7a5-d4851762f39a,3895134,99,4356455900,4356456400
s3_s2sf12j2_kafka_rep4_20260612,kafka,sb-events-s3_s2sf12j2_kafka_rep4_20260612,17827804-f674-473a-902e-f330c076c8c1,3895134,99,4358152100,4358152500
s3_s2sf12j2_kafka_rep4_20260612,kafka,sb-events-s3_s2sf12j2_kafka_rep4_20260612,e21625cc-e833-4fae-8f65-fa74a92271c7,3895113,99,4359667800,4359668100
s3_s2sf12j2_kafka_rep4_20260612,kafka,sb-events-s3_s2sf12j2_kafka_rep4_20260612,723686b3-e9f2-4317-bbcb-e453383a72c7,3895113,99,4360870500,4360870700
s3_s2sf12j2_kafka_rep4_20260612,kafka,sb-events-s3_s2sf12j2_kafka_rep4_20260612,0210955c-5e97-4eaa-962a-9b505438af33,3895067,100,4362653400,4362653700
s3_s2sf12j2_kafka_rep4_20260612,kafka,sb-events-s3_s2sf12j2_kafka_rep4_20260612,d662683e-78f4-4327-a130-eca57da08e65,3895113,100,4364338300,4364338700
s3_s2sf12j2_kafka_rep4_20260612,kafka,sb-events-s3_s2sf12j2_kafka_rep4_20260612,e7a32d60-17f2-4653-b406-d3c00919ba68,3895086,100,4365474000,4365474200
s3_s2sf12j2_kafka_rep4_20260612,kafka,sb-events-s3_s2sf12j2_kafka_rep4_20260612,82c166fa-ade3-48e4-9cfd-0a7b77351e5d,3895074,101,4367185500,4367185900
s3_s2sf12j2_kafka_rep4_20260612,kafka,sb-events-s3_s2sf12j2_kafka_rep4_20260612,0ba11e25-68d9-45a5-8a08-7fb1024e737b,3895074,101,4368945200,4368945500
s3_s2sf12j2_kafka_rep4_20260612,kafka,sb-events-s3_s2sf12j2_kafka_rep4_20260612,90292410-abee-4709-9724-ebceff929eb5,3895074,101,4370913500,4370913900
s3_s2sf12j2_kafka_rep4_20260612,kafka,sb-events-s3_s2sf12j2_kafka_rep4_20260612,de7eb155-5947-48f4-a85b-989cf955acad,3895067,101,4373249800,4373250200
s3_s2sf12j2_kafka_rep4_20260612,kafka,sb-events-s3_s2sf12j2_kafka_rep4_20260612,1e5fa95c-f7bb-4ee5-b98f-7e2a7d2d8740,3895067,101,4375133400,4375133700
s3_s2sf12j2_kafka_rep4_20260612,kafka,sb-events-s3_s2sf12j2_kafka_rep4_20260612,8853c9b4-5f34-4c74-bb8e-5e91ea6e82fd,3895067,101,4377028900,4377029400
s3_s2sf12j2_kafka_rep4_20260612,kafka,sb-events-s3_s2sf12j2_kafka_rep4_20260612,13308a5e-185e-437c-93b3-04925e1f7a7f,3895113,101,4378660400,4378660600
s3_s2sf12j2_kafka_rep4_20260612,kafka,sb-events-s3_s2sf12j2_kafka_rep4_20260612,e1b23096-a8e4-46c7-bf3c-5a8d02ec2fca,3895113,101,4380197000,4380197400
s3_s2sf12j2_kafka_rep4_20260612,kafka,sb-events-s3_s2sf12j2_kafka_rep4_20260612,55ae1db6-a1c7-4396-b6fa-6639141da51f,3895113,101,4382042000,4382042500
s3_s2sf12j2_kafka_rep4_20260612,kafka,sb-events-s3_s2sf12j2_kafka_rep4_20260612,ec34c8e8-e439-417d-be80-dee7a13d9afe,3895134,102,4385388000,4385388400
s3_s2sf12j2_kafka_rep4_20260612,kafka,sb-events-s3_s2sf12j2_kafka_rep4_20260612,55dbbd79-e70f-447c-ab7a-e41b1498ac79,3895134,102,4387066100,4387066400
s3_s2sf12j2_kafka_rep4_20260612,kafka,sb-events-s3_s2sf12j2_kafka_rep4_20260612,cfe7d394-f3bb-49eb-84d0-499aabcfe0e2,3895134,102,4388768200,4388768600
s3_s2sf12j2_kafka_rep4_20260612,kafka,sb-events-s3_s2sf12j2_kafka_rep4_20260612,f1c92395-1a06-456d-9d88-ab3208cfe8f6,3895113,102,4390688500,4390688800
s3_s2sf12j2_kafka_rep4_20260612,kafka,sb-events-s3_s2sf12j2_kafka_rep4_20260612,9e3a9e99-b3bd-4944-b63c-656899f9748c,3895113,102,4392436800,4392437200
s3_s2sf12j2_kafka_rep4_20260612,kafka,sb-events-s3_s2sf12j2_kafka_rep4_20260612,5b0a5ebd-4ef7-42d2-86e9-765c1bf6aacd,3895113,102,4394280500,4394280900
s3_s2sf12j2_kafka_rep4_20260612,kafka,sb-events-s3_s2sf12j2_kafka_rep4_20260612,2819dbe2-3954-4dc1-b68f-d793b69fb516,3895086,102,4395970100,4395970500
s3_s2sf12j2_kafka_rep4_20260612,kafka,sb-events-s3_s2sf12j2_kafka_rep4_20260612,7c0046e9-5242-4e8f-b221-663acbf246b9,3895086,102,4397748400,4397748700
s3_s2sf12j2_kafka_rep4_20260612,kafka,sb-events-s3_s2sf12j2_kafka_rep4_20260612,b784b8bd-c600-44fd-8613-ef300f482c1b,3895067,103,4400174100,4400174400
s3_s2sf12j2_kafka_rep4_20260612,kafka,sb-events-s3_s2sf12j2_kafka_rep4_20260612,1709bde2-a33d-4bff-ab11-c14976e26251,3895113,103,4402299300,4402299800
s3_s2sf12j2_kafka_rep4_20260612,kafka,sb-events-s3_s2sf12j2_kafka_rep4_20260612,ab82d08d-066f-4d9a-af27-bdf9139ddf57,3895113,103,4404038900,4404039200
s3_s2sf12j2_kafka_rep4_20260612,kafka,sb-events-s3_s2sf12j2_kafka_rep4_20260612,d410a0bd-dba4-4ce7-abf5-6e2d33f31d8d,3895086,103,4405845800,4405846400
s3_s2sf12j2_kafka_rep4_20260612,kafka,sb-events-s3_s2sf12j2_kafka_rep4_20260612,0f7c0920-c2ab-4b17-823a-d1b6604457e9,3895134,104,4407511700,4407512100
s3_s2sf12j2_kafka_rep4_20260612,kafka,sb-events-s3_s2sf12j2_kafka_rep4_20260612,11460547-0c20-4ed4-9e6b-f686939aeada,3895134,104,4409357600,4409358000
s3_s2sf12j2_kafka_rep4_20260612,kafka,sb-events-s3_s2sf12j2_kafka_rep4_20260612,7b844904-4518-49e9-8d58-2d70f4261222,3895067,104,4411083800,4411084000
s3_s2sf12j2_kafka_rep4_20260612,kafka,sb-events-s3_s2sf12j2_kafka_rep4_20260612,379b1c5d-9bb5-4352-b0dd-7d4224d24cf1,3895067,104,4413144600,4413145000
s3_s2sf12j2_kafka_rep4_20260612,kafka,sb-events-s3_s2sf12j2_kafka_rep4_20260612,c65987b8-a2c4-47cb-a3a4-b90d6e934106,3895067,104,4415380700,4415381000
s3_s2sf12j2_kafka_rep4_20260612,kafka,sb-events-s3_s2sf12j2_kafka_rep4_20260612,c33b8bd3-6d11-49d7-a7c4-ef3e239c1f54,3895113,104,4417201800,4417202200
s3_s2sf12j2_kafka_rep4_20260612,kafka,sb-events-s3_s2sf12j2_kafka_rep4_20260612,37948d06-f6fd-4260-8720-417930402e39,3895113,104,4418849600,4418850000
s3_s2sf12j2_kafka_rep4_20260612,kafka,sb-events-s3_s2sf12j2_kafka_rep4_20260612,8581b9b0-2405-4d83-99b5-371a0d861078,3895086,104,4420686900,4420687500
s3_s2sf12j2_kafka_rep4_20260612,kafka,sb-events-s3_s2sf12j2_kafka_rep4_20260612,5a0472aa-e08b-4d06-ab73-efbd5b50381b,3895086,104,4422452000,4422452300
s3_s2sf12j2_kafka_rep4_20260612,kafka,sb-events-s3_s2sf12j2_kafka_rep4_20260612,72e045c1-5699-46b1-b609-47e88ca8b9c6,3895052,105,4424375000,4424375300
s3_s2sf12j2_kafka_rep4_20260612,kafka,sb-events-s3_s2sf12j2_kafka_rep4_20260612,5d93f9ec-dd62-4143-b88c-53cf9db42807,3895134,105,4426300100,4426300400
s3_s2sf12j2_kafka_rep4_20260612,kafka,sb-events-s3_s2sf12j2_kafka_rep4_20260612,bba7fe11-e6e4-4489-9154-a1b0e1527094,3895107,105,4428217700,4428218100
s3_s2sf12j2_kafka_rep4_20260612,kafka,sb-events-s3_s2sf12j2_kafka_rep4_20260612,bc5ac9dc-cfb7-40ad-9fbb-76f4bc5fe84c,3895067,105,4430641700,4430642100
s3_s2sf12j2_kafka_rep4_20260612,kafka,sb-events-s3_s2sf12j2_kafka_rep4_20260612,e65f6899-862d-413f-8f65-7e29da7b66d1,3895067,105,4432491400,4432491600
s3_s2sf12j2_kafka_rep4_20260612,kafka,sb-events-s3_s2sf12j2_kafka_rep4_20260612,b7e73470-d092-435d-b493-4c5a02853b61,3895067,105,4434863700,4434864100
s3_s2sf12j2_kafka_rep4_20260612,kafka,sb-events-s3_s2sf12j2_kafka_rep4_20260612,ef25cd4c-3a03-4433-bcce-04171dcc3521,3895086,105,4436860100,4436860500
s3_s2sf12j2_kafka_rep4_20260612,kafka,sb-events-s3_s2sf12j2_kafka_rep4_20260612,343a3699-95eb-48de-a123-f751839fa5d5,3895134,106,4439945000,4439945300
s3_s2sf12j2_kafka_rep4_20260612,kafka,sb-events-s3_s2sf12j2_kafka_rep4_20260612,5007351f-cf6d-4f38-abfb-07149e361068,3895067,106,4442077900,4442078600
s3_s2sf12j2_kafka_rep4_20260612,kafka,sb-events-s3_s2sf12j2_kafka_rep4_20260612,7c71c9e4-3c68-4d91-a719-0c1f3b736f50,3895067,106,4444081300,4444081700
s3_s2sf12j2_kafka_rep4_20260612,kafka,sb-events-s3_s2sf12j2_kafka_rep4_20260612,f2c5825d-365a-4682-a9dc-dd203fbf5457,3895113,106,4446028200,4446028600
s3_s2sf12j2_kafka_rep4_20260612,kafka,sb-events-s3_s2sf12j2_kafka_rep4_20260612,29e0c466-391a-40f8-b4ce-2fe8f2d3cbd9,3895113,106,4447839800,4447840000
s3_s2sf12j2_kafka_rep4_20260612,kafka,sb-events-s3_s2sf12j2_kafka_rep4_20260612,9be6d5b2-1def-4cbc-ae53-a779159d0915,3895113,106,4449597000,4449597400
s3_s2sf12j2_kafka_rep4_20260612,kafka,sb-events-s3_s2sf12j2_kafka_rep4_20260612,0e8d6519-0edf-47c9-8305-2c826a71513f,3895086,106,4452113500,4452113700
s3_s2sf12j2_kafka_rep4_20260612,kafka,sb-events-s3_s2sf12j2_kafka_rep4_20260612,e9cab33f-5f40-49a3-b7fc-a69771b80008,3895086,106,4453892900,4453893200
s3_s2sf12j2_kafka_rep4_20260612,kafka,sb-events-s3_s2sf12j2_kafka_rep4_20260612,cbdba06b-9e29-414c-bc4f-9580fbb9f441,3895052,107,4455792500,4455792900
s3_s2sf12j2_kafka_rep4_20260612,kafka,sb-events-s3_s2sf12j2_kafka_rep4_20260612,2526c2b2-3b7c-436a-b75d-14c0e76b7337,3895052,107,4457585600,4457586000
s3_s2sf12j2_kafka_rep4_20260612,kafka,sb-events-s3_s2sf12j2_kafka_rep4_20260612,27646fac-073e-4ef6-b37d-d3e1d12fadff,3895134,107,4459483800,4459484400
s3_s2sf12j2_kafka_rep4_20260612,kafka,sb-events-s3_s2sf12j2_kafka_rep4_20260612,9e3511f7-13cb-4b3c-9f7e-5a70e1446bcb,3895134,107,4461656900,4461657300
s3_s2sf12j2_kafka_rep4_20260612,kafka,sb-events-s3_s2sf12j2_kafka_rep4_20260612,702f074d-fb36-45a2-be9a-6abdcd182ce0,3895134,107,4464144100,4464144400
s3_s2sf12j2_kafka_rep4_20260612,kafka,sb-events-s3_s2sf12j2_kafka_rep4_20260612,9ad57bd7-c9d8-4dbc-b7df-c826e2a93276,3895107,107,4466435000,4466435500
s3_s2sf12j2_kafka_rep4_20260612,kafka,sb-events-s3_s2sf12j2_kafka_rep4_20260612,c97e8cf5-546c-47b5-ae9a-2727d472a505,3895107,107,4467890200,4467890600
s3_s2sf12j2_kafka_rep4_20260612,kafka,sb-events-s3_s2sf12j2_kafka_rep4_20260612,20619fe5-acd9-4561-b937-977ea2e815a4,3895107,107,4469265200,4469265600
s3_s2sf12j2_kafka_rep4_20260612,kafka,sb-events-s3_s2sf12j2_kafka_rep4_20260612,9de49e44-f9ca-4936-8169-093f6a29bbb3,3895121,108,4471423200,4471423400
s3_s2sf12j2_kafka_rep4_20260612,kafka,sb-events-s3_s2sf12j2_kafka_rep4_20260612,f6a1cf5d-91aa-4da6-92eb-ea7261dc67e3,3895107,108,4472994900,4472995200
s3_s2sf12j2_kafka_rep4_20260612,kafka,sb-events-s3_s2sf12j2_kafka_rep4_20260612,1f358520-88de-4fba-acdc-1b07a205435e,3895107,108,4474781700,4474782000
s3_s2sf12j2_kafka_rep4_20260612,kafka,sb-events-s3_s2sf12j2_kafka_rep4_20260612,41d0ce65-e3fe-4ec0-a9f2-c2a7eebff4e0,3895107,108,4476466600,4476467000
s3_s2sf12j2_kafka_rep4_20260612,kafka,sb-events-s3_s2sf12j2_kafka_rep4_20260612,21dee0fb-5d81-48c1-8288-7f701d838295,3895067,108,4478079800,4478080200
s3_s2sf12j2_kafka_rep4_20260612,kafka,sb-events-s3_s2sf12j2_kafka_rep4_20260612,9c0d8c9d-b5b7-46ba-9304-d716adc447c2,3895086,108,4479779600,4479779900
s3_s2sf12j2_kafka_rep4_20260612,kafka,sb-events-s3_s2sf12j2_kafka_rep4_20260612,0c2762f4-d89c-498f-8f26-7427fe581ffb,3895121,109,4481246200,4481246700
s3_s2sf12j2_kafka_rep4_20260612,kafka,sb-events-s3_s2sf12j2_kafka_rep4_20260612,b5ebc124-dbfd-4356-a6eb-2609f9143ccd,3895121,109,4482598700,4482599000
s3_s2sf12j2_kafka_rep4_20260612,kafka,sb-events-s3_s2sf12j2_kafka_rep4_20260612,a08bd5e4-b884-40a9-99e7-2e6ec11c9468,3895052,109,4484128200,4484128500
s3_s2sf12j2_kafka_rep4_20260612,kafka,sb-events-s3_s2sf12j2_kafka_rep4_20260612,6a9dcea1-2952-4c3a-98e4-4c6c65274736,3895052,109,4485611800,4485612100
s3_s2sf12j2_kafka_rep4_20260612,kafka,sb-events-s3_s2sf12j2_kafka_rep4_20260612,b4b06f9a-98a5-44e6-ba3e-b31d9951b125,3895052,109,4487253000,4487253300
s3_s2sf12j2_kafka_rep4_20260612,kafka,sb-events-s3_s2sf12j2_kafka_rep4_20260612,992bbe98-e47e-4708-89d4-a6ab8c0af31d,3895134,109,4488545300,4488545800
s3_s2sf12j2_kafka_rep4_20260612,kafka,sb-events-s3_s2sf12j2_kafka_rep4_20260612,142b9c29-49d5-4f3a-b30a-e573ddbf7700,3895107,109,4489697800,4489698100
s3_s2sf12j2_kafka_rep4_20260612,kafka,sb-events-s3_s2sf12j2_kafka_rep4_20260612,e0feafd9-95d2-4415-a36f-cb898baf5a29,3895107,109,4491337700,4491337900
s3_s2sf12j2_kafka_rep4_20260612,kafka,sb-events-s3_s2sf12j2_kafka_rep4_20260612,911c8215-0099-46a6-ad30-00c107b2179a,3895107,109,4493515500,4493515900
s3_s2sf12j2_kafka_rep4_20260612,kafka,sb-events-s3_s2sf12j2_kafka_rep4_20260612,c5f98d0c-da42-4c2c-82fe-8b575b76bda1,3895107,109,4494937300,4494937600
s3_s2sf12j2_kafka_rep4_20260612,kafka,sb-events-s3_s2sf12j2_kafka_rep4_20260612,24d6b1ef-00d0-4d6c-aa3b-c7820ef973c0,3895113,109,4496636400,4496636700
s3_s2sf12j2_kafka_rep4_20260612,kafka,sb-events-s3_s2sf12j2_kafka_rep4_20260612,c7efcc3e-070e-40d8-a151-a97c646a22dc,3895086,109,4497805100,4497805400
s3_s2sf12j2_kafka_rep4_20260612,kafka,sb-events-s3_s2sf12j2_kafka_rep4_20260612,ce9691b1-8c85-4575-8f83-6d6b0dd6ae29,3895086,109,4499208700,4499209000
s3_s2sf12j2_kafka_rep4_20260612,kafka,sb-events-s3_s2sf12j2_kafka_rep4_20260612,97be3159-7459-47e2-a9a3-236c8c402e2e,3895052,110,4500957700,4500958100
s3_s2sf12j2_kafka_rep4_20260612,kafka,sb-events-s3_s2sf12j2_kafka_rep4_20260612,c3323881-9112-4b7d-b3cf-06062fcb5902,3895052,110,4502510700,4502510900
s3_s2sf12j2_kafka_rep4_20260612,kafka,sb-events-s3_s2sf12j2_kafka_rep4_20260612,8107f6b4-2ca4-4426-b2f1-fddbf56b3d12,3895107,110,4503880600,4503881100
s3_s2sf12j2_kafka_rep4_20260612,kafka,sb-events-s3_s2sf12j2_kafka_rep4_20260612,5cdf8f93-3144-4a4d-b2b7-50ef011136b8,3895107,110,4506003100,4506003400
s3_s2sf12j2_kafka_rep4_20260612,kafka,sb-events-s3_s2sf12j2_kafka_rep4_20260612,61d9445d-6620-45a8-9d8c-b32705645f62,3895107,110,4507405000,4507405200
s3_s2sf12j2_kafka_rep4_20260612,kafka,sb-events-s3_s2sf12j2_kafka_rep4_20260612,a9799eea-c672-4ecd-9ba0-90a736c24a87,3895067,110,4509099100,4509099400
s3_s2sf12j2_kafka_rep4_20260612,kafka,sb-events-s3_s2sf12j2_kafka_rep4_20260612,e7340a13-792c-4042-b5d0-9ead45dbf21f,3895067,110,4510519500,4510519900
s3_s2sf12j2_kafka_rep4_20260612,kafka,sb-events-s3_s2sf12j2_kafka_rep4_20260612,91483f9e-a629-476a-9701-36dbd203741d,3895067,110,4512031000,4512031400
s3_s2sf12j2_kafka_rep4_20260612,kafka,sb-events-s3_s2sf12j2_kafka_rep4_20260612,6762475a-b66e-4b20-b7af-fbde39fdc7c9,3895113,110,4513750300,4513750800
s3_s2sf12j2_kafka_rep4_20260612,kafka,sb-events-s3_s2sf12j2_kafka_rep4_20260612,b8b38f3e-a656-4846-a0ed-da17aa29d986,3895113,110,4515406800,4515407300
s3_s2sf12j2_kafka_rep4_20260612,kafka,sb-events-s3_s2sf12j2_kafka_rep4_20260612,7c853898-8a8a-46f3-ba54-ccd88563a52e,3895113,110,4516843300,4516843600
s3_s2sf12j2_kafka_rep4_20260612,kafka,sb-events-s3_s2sf12j2_kafka_rep4_20260612,26c094bc-d1c8-42f2-b616-325b8e085f8f,3895113,110,4518785500,4518785700
s3_s2sf12j2_kafka_rep4_20260612,kafka,sb-events-s3_s2sf12j2_kafka_rep4_20260612,70ac486f-ae17-4fb7-9926-eff1d5fcb4d3,3895113,110,4520738400,4520738800
s3_s2sf12j2_kafka_rep4_20260612,kafka,sb-events-s3_s2sf12j2_kafka_rep4_20260612,67f159f8-0e87-477b-aad7-f2484553936e,3895113,110,4522559300,4522559700
s3_s2sf12j2_kafka_rep4_20260612,kafka,sb-events-s3_s2sf12j2_kafka_rep4_20260612,64bc8b69-4baf-4c85-9ea8-a8cb97bc5fb4,3895121,111,4524205000,4524205300
s3_s2sf12j2_kafka_rep4_20260612,kafka,sb-events-s3_s2sf12j2_kafka_rep4_20260612,3fd9667f-d5ab-42b7-9320-b4a4407a7260,3895113,111,4525650500,4525650900
s3_s2sf12j2_kafka_rep4_20260612,kafka,sb-events-s3_s2sf12j2_kafka_rep4_20260612,6aa04e2b-f226-4e4c-84a1-6438d188c9a6,3895052,112,4527169000,4527169400
s3_s2sf12j2_kafka_rep4_20260612,kafka,sb-events-s3_s2sf12j2_kafka_rep4_20260612,2e64c80b-b9a7-440c-8066-930bfa2c46bb,3895107,112,4528501100,4528501300
s3_s2sf12j2_kafka_rep4_20260612,kafka,sb-events-s3_s2sf12j2_kafka_rep4_20260612,19bba5a5-8072-4b4c-801f-234c78944a77,3895107,112,4529784500,4529784800
s3_s2sf12j2_kafka_rep4_20260612,kafka,sb-events-s3_s2sf12j2_kafka_rep4_20260612,7a548134-dd4e-470b-bfab-5d177d356f45,3895067,112,4531172600,4531172900
s3_s2sf12j2_kafka_rep4_20260612,kafka,sb-events-s3_s2sf12j2_kafka_rep4_20260612,45002568-a496-4ab7-87a7-380e89d6640d,3895067,112,4532854300,4532854600
s3_s2sf12j2_kafka_rep4_20260612,kafka,sb-events-s3_s2sf12j2_kafka_rep4_20260612,ddadd240-6377-490e-a404-b37b67a30fd4,3895067,112,4534642900,4534643400
s3_s2sf12j2_kafka_rep4_20260612,kafka,sb-events-s3_s2sf12j2_kafka_rep4_20260612,9314664c-5c01-4a5a-b79c-e7881d06fd32,3895086,112,4536002200,4536002600
s3_s2sf12j2_kafka_rep4_20260612,kafka,sb-events-s3_s2sf12j2_kafka_rep4_20260612,dc4271d8-7107-479f-a6b7-343a5e10fc80,3895113,112,4537740800,4537741000
s3_s2sf12j2_kafka_rep4_20260612,kafka,sb-events-s3_s2sf12j2_kafka_rep4_20260612,750b8b16-cb65-4b93-9bf2-b66af9280590,3895121,113,4539813800,4539814200
s3_s2sf12j2_kafka_rep4_20260612,kafka,sb-events-s3_s2sf12j2_kafka_rep4_20260612,d61632a6-1e43-412c-9930-695e7a0e3878,3895121,113,4541704400,4541704900
s3_s2sf12j2_kafka_rep4_20260612,kafka,sb-events-s3_s2sf12j2_kafka_rep4_20260612,9a0e6542-ddb5-4cc5-ac8e-762f234226e1,3895121,113,4543341600,4543342000
s3_s2sf12j2_kafka_rep4_20260612,kafka,sb-events-s3_s2sf12j2_kafka_rep4_20260612,c7d7a1e8-0f1a-4674-8818-e29ff292795b,3895052,113,4545083100,4545083600
s3_s2sf12j2_kafka_rep4_20260612,kafka,sb-events-s3_s2sf12j2_kafka_rep4_20260612,97d8e43c-7f14-4447-ae06-290765162250,3895052,113,4546807200,4546807500
s3_s2sf12j2_kafka_rep4_20260612,kafka,sb-events-s3_s2sf12j2_kafka_rep4_20260612,c8ff62dc-59ef-4080-baee-5f6217dbc1bb,3895052,113,4548189600,4548190000
s3_s2sf12j2_kafka_rep4_20260612,kafka,sb-events-s3_s2sf12j2_kafka_rep4_20260612,b248d17d-7408-44b7-80ac-950b87e98a57,3895052,113,4549697700,4549698000
s3_s2sf12j2_kafka_rep4_20260612,kafka,sb-events-s3_s2sf12j2_kafka_rep4_20260612,d504c8cc-bf08-403b-9f0f-1d3dfc3b260c,3895067,113,4551227400,4551227700
s3_s2sf12j2_kafka_rep4_20260612,kafka,sb-events-s3_s2sf12j2_kafka_rep4_20260612,b50cfe07-9c82-4ab6-8959-f4124f7e95da,3895067,113,4552822000,4552822300
s3_s2sf12j2_kafka_rep4_20260612,kafka,sb-events-s3_s2sf12j2_kafka_rep4_20260612,dbc49305-1448-401e-a486-14dac27ad308,3895086,113,4554976000,4554976400
s3_s2sf12j2_kafka_rep4_20260612,kafka,sb-events-s3_s2sf12j2_kafka_rep4_20260612,c58e2f66-49be-477c-bbb6-b18188180609,3895086,113,4557157500,4557157900
s3_s2sf12j2_kafka_rep4_20260612,kafka,sb-events-s3_s2sf12j2_kafka_rep4_20260612,3d1371cd-b194-40a5-92e0-a41779d68bd5,3895113,113,4559077200,4559077400
s3_s2sf12j2_kafka_rep4_20260612,kafka,sb-events-s3_s2sf12j2_kafka_rep4_20260612,26953926-00a3-4f5f-bb1d-6a7249bae936,3895113,113,4561089500,4561090000
s3_s2sf12j2_kafka_rep4_20260612,kafka,sb-events-s3_s2sf12j2_kafka_rep4_20260612,2116b6a3-7d95-4e53-98ab-20afb5dd9951,3895113,113,4562882600,4562883100
s3_s2sf12j2_kafka_rep4_20260612,kafka,sb-events-s3_s2sf12j2_kafka_rep4_20260612,91f0bfc9-6dac-47b0-bafb-9f62e10a710f,3895113,113,4564619300,4564619600
s3_s2sf12j2_kafka_rep4_20260612,kafka,sb-events-s3_s2sf12j2_kafka_rep4_20260612,0186c979-505b-41c3-9b8e-6bb584c2d354,3895134,114,4566194400,4566194900
s3_s2sf12j2_kafka_rep4_20260612,kafka,sb-events-s3_s2sf12j2_kafka_rep4_20260612,171eff5b-4437-41ee-927f-e533939b451c,3895134,114,4567644400,4567644900
s3_s2sf12j2_kafka_rep4_20260612,kafka,sb-events-s3_s2sf12j2_kafka_rep4_20260612,ed61d850-a665-4e5e-a9b4-fa4860cd73a9,3895052,114,4569549300,4569549500
s3_s2sf12j2_kafka_rep4_20260612,kafka,sb-events-s3_s2sf12j2_kafka_rep4_20260612,c9f142b4-0f18-423c-9272-741f44713316,3895052,114,4571220100,4571220400
s3_s2sf12j2_kafka_rep4_20260612,kafka,sb-events-s3_s2sf12j2_kafka_rep4_20260612,be1bdcf2-142d-411b-ba28-d6c2499bbd28,3895052,114,4573308400,4573308700
s3_s2sf12j2_kafka_rep4_20260612,kafka,sb-events-s3_s2sf12j2_kafka_rep4_20260612,b45e1a89-6f3c-4d8f-ad6c-9deb82845628,3895052,114,4575051400,4575051900
s3_s2sf12j2_kafka_rep4_20260612,kafka,sb-events-s3_s2sf12j2_kafka_rep4_20260612,db789b2b-870f-4716-b452-e54958307050,3895052,114,4576632400,4576632700
s3_s2sf12j2_kafka_rep4_20260612,kafka,sb-events-s3_s2sf12j2_kafka_rep4_20260612,a9acce11-8ebc-41d3-9fe6-2333092d65b6,3895107,114,4578052700,4578053000
s3_s2sf12j2_kafka_rep4_20260612,kafka,sb-events-s3_s2sf12j2_kafka_rep4_20260612,7377ad6e-fa0b-4596-81b9-ac590287046b,3895107,114,4579470100,4579470400
s3_s2sf12j2_kafka_rep4_20260612,kafka,sb-events-s3_s2sf12j2_kafka_rep4_20260612,0f2e3e9c-1659-4b1e-8767-68615acb8390,3895067,114,4580775100,4580775400
s3_s2sf12j2_kafka_rep4_20260612,kafka,sb-events-s3_s2sf12j2_kafka_rep4_20260612,d3ed5183-b51f-426c-9c0d-0b3772c2d450,3895113,114,4582164200,4582164600
s3_s2sf12j2_kafka_rep4_20260612,kafka,sb-events-s3_s2sf12j2_kafka_rep4_20260612,0ede5dbd-8812-4aea-8181-e9fa6fd135cf,3895113,114,4584102700,4584103000
s3_s2sf12j2_kafka_rep4_20260612,kafka,sb-events-s3_s2sf12j2_kafka_rep4_20260612,cdde5370-fb15-4a58-adf4-45eed020acf8,3895113,114,4585764000,4585764200
s3_s2sf12j2_kafka_rep4_20260612,kafka,sb-events-s3_s2sf12j2_kafka_rep4_20260612,17cb5297-54dd-428b-9795-e463bf435ca1,3895121,115,4587746400,4587746800
s3_s2sf12j2_kafka_rep4_20260612,kafka,sb-events-s3_s2sf12j2_kafka_rep4_20260612,50a6623d-60b8-45b1-8685-0701fb4f6c9f,3895121,115,4589271700,4589272300
s3_s2sf12j2_kafka_rep4_20260612,kafka,sb-events-s3_s2sf12j2_kafka_rep4_20260612,7a1ba5fc-c4e3-4918-a896-085d43ee76b6,3895121,115,4590799000,4590799400
s3_s2sf12j2_kafka_rep4_20260612,kafka,sb-events-s3_s2sf12j2_kafka_rep4_20260612,3d4305d7-c8f8-4354-b310-21e2b727b442,3895134,115,4592222500,4592222900
s3_s2sf12j2_kafka_rep4_20260612,kafka,sb-events-s3_s2sf12j2_kafka_rep4_20260612,9448c0b2-c494-4c40-a7e6-8959d9c073ef,3895134,115,4593582900,4593583300
s3_s2sf12j2_kafka_rep4_20260612,kafka,sb-events-s3_s2sf12j2_kafka_rep4_20260612,0e3ede14-3ebc-41c2-a975-1d49d5de4bb2,3895052,115,4594805400,4594805700
s3_s2sf12j2_kafka_rep4_20260612,kafka,sb-events-s3_s2sf12j2_kafka_rep4_20260612,0e7d8edf-fcfa-4072-b346-cbca8880cbc6,3895052,115,4595952700,4595953000
s3_s2sf12j2_kafka_rep4_20260612,kafka,sb-events-s3_s2sf12j2_kafka_rep4_20260612,f10a1738-f05c-41c3-bb31-199f77d1efe5,3895052,115,4597344900,4597345300
s3_s2sf12j2_kafka_rep4_20260612,kafka,sb-events-s3_s2sf12j2_kafka_rep4_20260612,b5e59fb5-c369-47e1-92be-0a5e0073312b,3895107,115,4599415700,4599416400
s3_s2sf12j2_kafka_rep4_20260612,kafka,sb-events-s3_s2sf12j2_kafka_rep4_20260612,9074ea1f-84fd-41b2-a58d-64c5e86f206f,3895107,115,4601626400,4601626700
s3_s2sf12j2_kafka_rep4_20260612,kafka,sb-events-s3_s2sf12j2_kafka_rep4_20260612,0b564d85-b990-494e-92dc-f5c12a9ad7e7,3895067,115,4602811700,4602812000
s3_s2sf12j2_kafka_rep4_20260612,kafka,sb-events-s3_s2sf12j2_kafka_rep4_20260612,dfa44927-1786-4242-a3c9-6bb78f92a41d,3895121,116,4604467000,4604467300
s3_s2sf12j2_kafka_rep4_20260612,kafka,sb-events-s3_s2sf12j2_kafka_rep4_20260612,28167a01-c198-4e27-808e-d05ab7dd92fe,3895121,116,4606219500,4606220000
s3_s2sf12j2_kafka_rep4_20260612,kafka,sb-events-s3_s2sf12j2_kafka_rep4_20260612,12de5a66-0731-4744-9042-e9da4bd3738e,3895121,116,4607693800,4607694100
s3_s2sf12j2_kafka_rep4_20260612,kafka,sb-events-s3_s2sf12j2_kafka_rep4_20260612,ba8994b3-43e5-4898-9f47-3d747cc8a03e,3895052,116,4608990700,4608990900
s3_s2sf12j2_kafka_rep4_20260612,kafka,sb-events-s3_s2sf12j2_kafka_rep4_20260612,53f544f0-0701-4acc-8950-50e2edc7b679,3895052,116,4610353300,4610353600
s3_s2sf12j2_kafka_rep4_20260612,kafka,sb-events-s3_s2sf12j2_kafka_rep4_20260612,22f8ff4f-420d-4b03-b190-3fe080a231eb,3895107,116,4611994200,4611994500
s3_s2sf12j2_kafka_rep4_20260612,kafka,sb-events-s3_s2sf12j2_kafka_rep4_20260612,3297912b-e9f2-42e0-a8f7-19bca286fa92,3895067,116,4613540400,4613540600
s3_s2sf12j2_kafka_rep4_20260612,kafka,sb-events-s3_s2sf12j2_kafka_rep4_20260612,6b35b1b1-3299-4f91-9b89-b78502892306,3895067,116,4615044400,4615044700
s3_s2sf12j2_kafka_rep4_20260612,kafka,sb-events-s3_s2sf12j2_kafka_rep4_20260612,98e9e7f9-90c2-49d9-8f4a-9b3f5f40c4e7,3895113,116,4616400500,4616400800
s3_s2sf12j2_kafka_rep4_20260612,kafka,sb-events-s3_s2sf12j2_kafka_rep4_20260612,17bc10e3-7560-4f0f-a656-c11a10466f53,3895107,117,4617736400,4617736600
s3_s2sf12j2_kafka_rep4_20260612,kafka,sb-events-s3_s2sf12j2_kafka_rep4_20260612,d509cfef-14fd-48df-9635-76fd2b71384f,3895107,117,4619218800,4619219000
s3_s2sf12j2_kafka_rep4_20260612,kafka,sb-events-s3_s2sf12j2_kafka_rep4_20260612,6c18a770-7237-4414-8130-1ac21c24d62c,3895107,117,4620683600,4620683800
s3_s2sf12j2_kafka_rep4_20260612,kafka,sb-events-s3_s2sf12j2_kafka_rep4_20260612,07e7d61f-9a36-47c6-9600-14f7c660e7be,3895067,117,4622368400,4622368700
s3_s2sf12j2_kafka_rep4_20260612,kafka,sb-events-s3_s2sf12j2_kafka_rep4_20260612,ae378274-737d-4255-a738-ee950d3e72e0,3895113,117,4623625000,4623625300
s3_s2sf12j2_kafka_rep4_20260612,kafka,sb-events-s3_s2sf12j2_kafka_rep4_20260612,e3ba7692-e4e0-4c95-8c4e-2cae2279d589,3895113,117,4625883300,4625883500
s3_s2sf12j2_kafka_rep4_20260612,kafka,sb-events-s3_s2sf12j2_kafka_rep4_20260612,1ef6537d-42b1-4a9a-845b-a152415c04ff,3895121,118,4627257700,4627258100
s3_s2sf12j2_kafka_rep4_20260612,kafka,sb-events-s3_s2sf12j2_kafka_rep4_20260612,942c2d63-be6b-4ef5-9631-886f35366d16,3895121,118,4628702000,4628702400
s3_s2sf12j2_kafka_rep4_20260612,kafka,sb-events-s3_s2sf12j2_kafka_rep4_20260612,cac04a9b-0c8b-4906-a427-775d3abf3395,3895121,118,4631221900,4631222200
s3_s2sf12j2_kafka_rep4_20260612,kafka,sb-events-s3_s2sf12j2_kafka_rep4_20260612,9eee3473-7f29-4358-899e-97c57243b3fc,3895086,118,4633499500,4633499900
s3_s2sf12j2_kafka_rep4_20260612,kafka,sb-events-s3_s2sf12j2_kafka_rep4_20260612,2fa0470b-b096-4e0f-8f7e-5c3bdc27abbd,3895052,119,4635142200,4635142800
s3_s2sf12j2_kafka_rep4_20260612,kafka,sb-events-s3_s2sf12j2_kafka_rep4_20260612,8e75e7d9-d322-4c00-a2af-f2c35092b10a,3895107,119,4636458700,4636459000
s3_s2sf12j2_kafka_rep4_20260612,kafka,sb-events-s3_s2sf12j2_kafka_rep4_20260612,fc9c2958-2dc2-428b-957b-587677606e28,3895086,119,4638461900,4638462300
s3_s2sf12j2_kafka_rep4_20260612,kafka,sb-events-s3_s2sf12j2_kafka_rep4_20260612,7ae4a7ff-a6c4-4c74-942a-ad61360cea97,3895086,119,4639858700,4639858900
s3_s2sf12j2_kafka_rep4_20260612,kafka,sb-events-s3_s2sf12j2_kafka_rep4_20260612,9b98774e-3075-42de-b94e-96ed73663d39,3895086,119,4641434600,4641435000
s3_s2sf12j2_kafka_rep4_20260612,kafka,sb-events-s3_s2sf12j2_kafka_rep4_20260612,d786abf4-38cb-40e5-b6b5-e8eb9625a8ba,3895121,120,4643119200,4643119600
s3_s2sf12j2_kafka_rep4_20260612,kafka,sb-events-s3_s2sf12j2_kafka_rep4_20260612,eb426907-87c9-419e-8ee6-0ed8b6b740e4,3895052,120,4644345100,4644345400
s3_s2sf12j2_kafka_rep4_20260612,kafka,sb-events-s3_s2sf12j2_kafka_rep4_20260612,ae318e73-9edd-4aa7-8a31-7ab53c980a7f,3895113,120,4646314400,4646314600
s3_s2sf12j2_kafka_rep4_20260612,kafka,sb-events-s3_s2sf12j2_kafka_rep4_20260612,a46567a2-874a-4083-b7d8-7fb9c77581c9,3895113,121,4647946500,4647947100
s3_s2sf12j2_kafka_rep4_20260612,kafka,sb-events-s3_s2sf12j2_kafka_rep4_20260612,bdcb87b4-886d-4a51-846a-e3daf9134550,3895113,121,4649410800,4649411200
s3_s2sf12j2_kafka_rep4_20260612,kafka,sb-events-s3_s2sf12j2_kafka_rep4_20260612,c6fa8cba-1701-4ea3-ac1a-392f3600fa7f,3895113,121,4651454400,4651454800
s3_s2sf12j2_kafka_rep4_20260612,kafka,sb-events-s3_s2sf12j2_kafka_rep4_20260612,555bc5c4-24ff-470a-bcb3-f1f8c805a727,3895121,122,4653415600,4653416100
s3_s2sf12j2_kafka_rep4_20260612,kafka,sb-events-s3_s2sf12j2_kafka_rep4_20260612,408f4bbf-413e-4694-89db-f672c83307a8,3895121,122,4654745100,4654745200
s3_s2sf12j2_kafka_rep4_20260612,kafka,sb-events-s3_s2sf12j2_kafka_rep4_20260612,5eedec80-f645-4cfb-aa12-58c2d9e4aa76,3895134,122,4655976200,4655976500
s3_s2sf12j2_kafka_rep4_20260612,kafka,sb-events-s3_s2sf12j2_kafka_rep4_20260612,5e463067-3b5f-41a2-94c8-8f2b45bde467,3895113,122,4657287000,4657287400
s3_s2sf12j2_kafka_rep4_20260612,kafka,sb-events-s3_s2sf12j2_kafka_rep4_20260612,91ebf0de-d5c2-4d9a-afc6-8a0886f2b8d9,3895113,122,4658647800,4658648200
s3_s2sf12j2_kafka_rep4_20260612,kafka,sb-events-s3_s2sf12j2_kafka_rep4_20260612,5d9832a6-a171-4ef4-b701-f6b4d05feee6,3895086,123,4660083000,4660083300
s3_s2sf12j2_kafka_rep4_20260612,kafka,sb-events-s3_s2sf12j2_kafka_rep4_20260612,0ebcc909-cb95-4c8d-9d1e-9a5a1602fab8,3895074,124,4661768200,4661768600
s3_s2sf12j2_kafka_rep4_20260612,kafka,sb-events-s3_s2sf12j2_kafka_rep4_20260612,0e86a8f0-fac3-4b94-ae98-503bef435107,3895086,124,4663173700,4663174000
s3_s2sf12j2_kafka_rep4_20260612,kafka,sb-events-s3_s2sf12j2_kafka_rep4_20260612,3df3c610-7558-40f2-8409-3980c81df760,3895086,124,4664416200,4664416500
s3_s2sf12j2_kafka_rep4_20260612,kafka,sb-events-s3_s2sf12j2_kafka_rep4_20260612,b146373c-bfd4-4689-9a30-2425bedbaea1,3895121,125,4666211100,4666211400
s3_s2sf12j2_kafka_rep4_20260612,kafka,sb-events-s3_s2sf12j2_kafka_rep4_20260612,bc78e1b9-5446-43ae-a64a-472f49fcc426,3895134,125,4667690100,4667690500
s3_s2sf12j2_kafka_rep4_20260612,kafka,sb-events-s3_s2sf12j2_kafka_rep4_20260612,7668f311-474c-4a09-ba73-976cb6e622e9,3895134,125,4669694400,4669694800
s3_s2sf12j2_kafka_rep4_20260612,kafka,sb-events-s3_s2sf12j2_kafka_rep4_20260612,d486aa6d-6028-4a09-817b-504a539439c0,3895134,125,4670970000,4670970300
s3_s2sf12j2_kafka_rep4_20260612,kafka,sb-events-s3_s2sf12j2_kafka_rep4_20260612,0c3a05f7-8245-4880-8929-7fcf36f2ea64,3895086,126,4672336300,4672336600
s3_s2sf12j2_kafka_rep4_20260612,kafka,sb-events-s3_s2sf12j2_kafka_rep4_20260612,62daa303-276e-4025-88fd-f274ca6391a5,3895095,127,4673446600,4673446800
s3_s2sf12j2_kafka_rep4_20260612,kafka,sb-events-s3_s2sf12j2_kafka_rep4_20260612,afeefed6-d0ce-472b-bb6d-1575badb8431,3895121,127,4674715300,4674715600
s3_s2sf12j2_kafka_rep4_20260612,kafka,sb-events-s3_s2sf12j2_kafka_rep4_20260612,64d6040f-180b-47a2-87ef-500952d04dc9,3895121,127,4675875900,4675876200
s3_s2sf12j2_kafka_rep4_20260612,kafka,sb-events-s3_s2sf12j2_kafka_rep4_20260612,5ba62c14-0531-4810-8b10-81c900dabc24,3895052,127,4677577200,4677577500
s3_s2sf12j2_kafka_rep4_20260612,kafka,sb-events-s3_s2sf12j2_kafka_rep4_20260612,e1be1dd2-b23a-4194-bab1-2f8cf03e4b91,3895086,127,4679439400,4679439600
s3_s2sf12j2_kafka_rep4_20260612,kafka,sb-events-s3_s2sf12j2_kafka_rep4_20260612,00dfb475-72a7-4673-ba72-cb20316a774f,3895086,127,4681292400,4681292500
s3_s2sf12j2_kafka_rep4_20260612,kafka,sb-events-s3_s2sf12j2_kafka_rep4_20260612,e217828c-5b24-44e5-98c4-da628ea86b68,3895086,127,4683220400,4683220800
s3_s2sf12j2_kafka_rep4_20260612,kafka,sb-events-s3_s2sf12j2_kafka_rep4_20260612,39cbe823-8aa4-40ec-8e9c-fafa182c583c,3895086,127,4685052900,4685053300
s3_s2sf12j2_kafka_rep4_20260612,kafka,sb-events-s3_s2sf12j2_kafka_rep4_20260612,b5a26a30-b128-4077-a30b-60fe783e8f6e,3895121,128,4686889200,4686889500
s3_s2sf12j2_kafka_rep4_20260612,kafka,sb-events-s3_s2sf12j2_kafka_rep4_20260612,48d9689f-34d4-42dc-b2bb-ddaefd5f083a,3895121,129,4688609000,4688609300
s3_s2sf12j2_kafka_rep4_20260612,kafka,sb-events-s3_s2sf12j2_kafka_rep4_20260612,34f794a7-c154-4ea0-9022-72271af0e55b,3895121,129,4689776100,4689776400
s3_s2sf12j2_kafka_rep4_20260612,kafka,sb-events-s3_s2sf12j2_kafka_rep4_20260612,cb8a277a-542b-4c45-9c92-4eeb0146cc5a,3895121,129,4691418300,4691418600
s3_s2sf12j2_kafka_rep4_20260612,kafka,sb-events-s3_s2sf12j2_kafka_rep4_20260612,5b520ef2-a8d3-4a67-8426-b36c70e7f981,3895086,129,4693598000,4693598200
s3_s2sf12j2_kafka_rep4_20260612,kafka,sb-events-s3_s2sf12j2_kafka_rep4_20260612,9c855d8d-f090-4c54-961f-74a84bc48724,3895121,130,4695251800,4695252000
s3_s2sf12j2_kafka_rep4_20260612,kafka,sb-events-s3_s2sf12j2_kafka_rep4_20260612,e3332c0d-b466-4873-9fbc-85232deb3925,3895121,130,4696821200,4696821500
s3_s2sf12j2_kafka_rep4_20260612,kafka,sb-events-s3_s2sf12j2_kafka_rep4_20260612,c1a39259-85ef-4ad6-a099-74dca9a15d3d,3895052,130,4698236500,4698236800
s3_s2sf12j2_kafka_rep4_20260612,kafka,sb-events-s3_s2sf12j2_kafka_rep4_20260612,a97cdc41-3859-49e2-a4e9-71cdf9d4722a,3895095,131,4699694800,4699695100
s3_s2sf12j2_kafka_rep4_20260612,kafka,sb-events-s3_s2sf12j2_kafka_rep4_20260612,e7fddee0-3be2-4805-b58f-a6ffc185442d,3895095,131,4701074000,4701074300
s3_s2sf12j2_kafka_rep4_20260612,kafka,sb-events-s3_s2sf12j2_kafka_rep4_20260612,48ae3e9b-f068-4b72-8c89-64d3fd6673db,3895095,131,4702757200,4702757500
s3_s2sf12j2_kafka_rep4_20260612,kafka,sb-events-s3_s2sf12j2_kafka_rep4_20260612,c205f5fd-bef3-4eeb-80a5-3e15ad9d2d75,3895095,132,4704471500,4704471800
s3_s2sf12j2_kafka_rep4_20260612,kafka,sb-events-s3_s2sf12j2_kafka_rep4_20260612,b28bd901-d527-4796-8f1a-3f35c620200a,3895095,132,4706263700,4706264100
s3_s2sf12j2_kafka_rep4_20260612,kafka,sb-events-s3_s2sf12j2_kafka_rep4_20260612,9ccbcba8-de45-4714-9f61-5898f2125d47,3895095,132,4708002600,4708002900
s3_s2sf12j2_kafka_rep4_20260612,kafka,sb-events-s3_s2sf12j2_kafka_rep4_20260612,939b2704-1335-4e90-8ddb-1f203784962d,3895095,132,4709756200,4709756500
s3_s2sf12j2_kafka_rep4_20260612,kafka,sb-events-s3_s2sf12j2_kafka_rep4_20260612,9a0df9ec-ca29-416b-9455-6d0699245517,3895086,132,4711314400,4711314700
s3_s2sf12j2_kafka_rep4_20260612,kafka,sb-events-s3_s2sf12j2_kafka_rep4_20260612,62a7bbe1-0f07-4fc3-984c-d3bd87ace61c,3895095,133,4712717600,4712718100
s3_s2sf12j2_kafka_rep4_20260612,kafka,sb-events-s3_s2sf12j2_kafka_rep4_20260612,40cc1606-a137-4b66-9bcb-a6ce6855c8bd,3895095,133,4714097200,4714097600
s3_s2sf12j2_kafka_rep4_20260612,kafka,sb-events-s3_s2sf12j2_kafka_rep4_20260612,17ae4e97-cbd8-431e-b4f2-0f5e66ead733,3895060,134,4715861900,4715862200
s3_s2sf12j2_kafka_rep4_20260612,kafka,sb-events-s3_s2sf12j2_kafka_rep4_20260612,ee2a9e51-6167-4107-b5d7-222a8364c5b2,3895060,134,4717256500,4717256800
s3_s2sf12j2_kafka_rep4_20260612,kafka,sb-events-s3_s2sf12j2_kafka_rep4_20260612,1d2350ad-32f9-42d6-bf6d-3c446a78528c,3895060,134,4718931700,4718932000
s3_s2sf12j2_kafka_rep4_20260612,kafka,sb-events-s3_s2sf12j2_kafka_rep4_20260612,43285854-773c-442d-b4c6-83e7303a059a,3895095,134,4720564900,4720565200
s3_s2sf12j2_kafka_rep4_20260612,kafka,sb-events-s3_s2sf12j2_kafka_rep4_20260612,2d5d9d93-1f1e-4b29-a84b-53e672619caf,3895095,134,4722185100,4722185400
s3_s2sf12j2_kafka_rep4_20260612,kafka,sb-events-s3_s2sf12j2_kafka_rep4_20260612,fccd97a6-e828-4e8a-b6d2-74137a5c76da,3895095,134,4723869700,4723870000
s3_s2sf12j2_kafka_rep4_20260612,kafka,sb-events-s3_s2sf12j2_kafka_rep4_20260612,df1f5572-1cdb-4db5-a7fe-c8a1f4b2dbc4,3895060,136,4725585000,4725585400
s3_s2sf12j2_kafka_rep4_20260612,kafka,sb-events-s3_s2sf12j2_kafka_rep4_20260612,8034c2f5-3b8b-448f-84b6-3d56d1317298,3895095,136,4727153400,4727153800
s3_s2sf12j2_kafka_rep4_20260612,kafka,sb-events-s3_s2sf12j2_kafka_rep4_20260612,4720aca0-dc33-4b91-bf79-28e5d02a9823,3895052,136,4728745500,4728745900
s3_s2sf12j2_kafka_rep4_20260612,kafka,sb-events-s3_s2sf12j2_kafka_rep4_20260612,2ee5f551-c20e-44d1-ae04-f3a72bb838fd,3895060,137,4730451700,4730451900
s3_s2sf12j2_kafka_rep4_20260612,kafka,sb-events-s3_s2sf12j2_kafka_rep4_20260612,629f26cc-12a2-4b57-9cc8-712cc9bd6865,3895060,137,4732390000,4732390200
s3_s2sf12j2_kafka_rep4_20260612,kafka,sb-events-s3_s2sf12j2_kafka_rep4_20260612,45a9de9f-a580-42b7-9ffe-7875d9e2cd85,3895095,137,4734251400,4734251800
s3_s2sf12j2_kafka_rep4_20260612,kafka,sb-events-s3_s2sf12j2_kafka_rep4_20260612,b84450d8-0b22-4986-8df3-0e2857770d62,3895095,137,4735616000,4735616500
s3_s2sf12j2_kafka_rep4_20260612,kafka,sb-events-s3_s2sf12j2_kafka_rep4_20260612,5c6ffce4-0b2a-4651-b593-33aa03a60daa,3895095,137,4737295700,4737296100
s3_s2sf12j2_kafka_rep4_20260612,kafka,sb-events-s3_s2sf12j2_kafka_rep4_20260612,8343a3d7-f2a3-4b5f-8a66-ee83553e0b14,3895052,137,4739039800,4739040200
s3_s2sf12j2_kafka_rep4_20260612,kafka,sb-events-s3_s2sf12j2_kafka_rep4_20260612,d684e5e4-ee5a-4a7a-8013-d787ae77e932,3895052,137,4740965600,4740966200
s3_s2sf12j2_kafka_rep4_20260612,kafka,sb-events-s3_s2sf12j2_kafka_rep4_20260612,8861d98d-8203-4cf2-a8cd-292630b66f01,3895052,137,4742233200,4742233400
s3_s2sf12j2_kafka_rep4_20260612,kafka,sb-events-s3_s2sf12j2_kafka_rep4_20260612,a62239ed-a51a-421b-8166-92c7a2439ab1,3895060,138,4743353300,4743353700
s3_s2sf12j2_kafka_rep4_20260612,kafka,sb-events-s3_s2sf12j2_kafka_rep4_20260612,5e363256-e968-42b8-b91a-ff98b9978997,3895052,138,4744835500,4744835900
s3_s2sf12j2_kafka_rep4_20260612,kafka,sb-events-s3_s2sf12j2_kafka_rep4_20260612,ceca0c62-9a68-4003-a66f-6408d2996153,3895052,138,4746334700,4746335200
s3_s2sf12j2_kafka_rep4_20260612,kafka,sb-events-s3_s2sf12j2_kafka_rep4_20260612,a94f1482-b5d0-45ea-9c8a-a578eb26ade6,3895060,139,4747818400,4747818700
s3_s2sf12j2_kafka_rep4_20260612,kafka,sb-events-s3_s2sf12j2_kafka_rep4_20260612,860f5c36-ef9b-4b21-bc71-35e0157762a2,3895060,139,4749020600,4749020900
s3_s2sf12j2_kafka_rep4_20260612,kafka,sb-events-s3_s2sf12j2_kafka_rep4_20260612,a0b9412b-af5d-4ae7-a768-2fb5ca78088c,3895095,139,4750881500,4750881800
s3_s2sf12j2_kafka_rep4_20260612,kafka,sb-events-s3_s2sf12j2_kafka_rep4_20260612,b8237fa5-ce5b-46d9-b92b-7c5d2fc0882a,3895107,139,4752804400,4752804700
s3_s2sf12j2_kafka_rep4_20260612,kafka,sb-events-s3_s2sf12j2_kafka_rep4_20260612,2e82cdf4-082a-4d1e-9590-c48cd417ba08,3895052,139,4754520400,4754520700
s3_s2sf12j2_kafka_rep4_20260612,kafka,sb-events-s3_s2sf12j2_kafka_rep4_20260612,6bc4c8b2-62da-473a-b751-2a43ebdc54fb,3895052,139,4756150100,4756150300
s3_s2sf12j2_kafka_rep4_20260612,kafka,sb-events-s3_s2sf12j2_kafka_rep4_20260612,4522c929-1571-459e-b17b-c2ab5a6247a2,3895052,139,4758201000,4758201400
s3_s2sf12j2_kafka_rep4_20260612,kafka,sb-events-s3_s2sf12j2_kafka_rep4_20260612,3be64c0b-6dad-4022-a71b-2ee59ed562fb,3895095,140,4760170200,4760170500
s3_s2sf12j2_kafka_rep4_20260612,kafka,sb-events-s3_s2sf12j2_kafka_rep4_20260612,7d0b87cf-fe4a-4f0d-bf10-8f1cb6bb60aa,3895095,140,4761846600,4761846800
s3_s2sf12j2_kafka_rep4_20260612,kafka,sb-events-s3_s2sf12j2_kafka_rep4_20260612,7d80a5a5-c9aa-4f70-be18-22fc1fa21038,3895095,140,4762920100,4762920400
s3_s2sf12j2_kafka_rep4_20260612,kafka,sb-events-s3_s2sf12j2_kafka_rep4_20260612,d0c874f5-c964-4141-8b5a-b4603dc98153,3895060,141,4764522200,4764522600
s3_s2sf12j2_kafka_rep4_20260612,kafka,sb-events-s3_s2sf12j2_kafka_rep4_20260612,fc1d2703-50cf-44fc-9a11-e2005c1a4742,3895060,141,4766145400,4766145800
s3_s2sf12j2_kafka_rep4_20260612,kafka,sb-events-s3_s2sf12j2_kafka_rep4_20260612,e42abc58-f3f6-471d-9d22-1ae2102faef1,3895095,141,4767375000,4767375200
s3_s2sf12j2_kafka_rep4_20260612,kafka,sb-events-s3_s2sf12j2_kafka_rep4_20260612,06d8c140-613c-415f-897a-9ff64cf3c9e4,3895052,141,4768572400,4768572700
s3_s2sf12j2_kafka_rep4_20260612,kafka,sb-events-s3_s2sf12j2_kafka_rep4_20260612,c97920dc-91b1-4ba4-90d4-d2ee1eb8ec4f,3895060,142,4770580100,4770580400
s3_s2sf12j2_kafka_rep4_20260612,kafka,sb-events-s3_s2sf12j2_kafka_rep4_20260612,8716c4f7-df1a-4c73-86c6-7af9557668c9,3895060,142,4772384000,4772384500
s3_s2sf12j2_kafka_rep4_20260612,kafka,sb-events-s3_s2sf12j2_kafka_rep4_20260612,dcbde8b8-ac84-457d-8048-5ac02e6f03cd,3895095,142,4773970200,4773970600
s3_s2sf12j2_kafka_rep4_20260612,kafka,sb-events-s3_s2sf12j2_kafka_rep4_20260612,d1eee694-bd64-4580-aae4-cf9edba91fe0,3895095,142,4775251300,4775251700
s3_s2sf12j2_kafka_rep4_20260612,kafka,sb-events-s3_s2sf12j2_kafka_rep4_20260612,38e364aa-af8a-4dbf-b99e-a24330dd2459,3895095,142,4776805500,4776805900
s3_s2sf12j2_kafka_rep4_20260612,kafka,sb-events-s3_s2sf12j2_kafka_rep4_20260612,41c876fb-891b-43ac-a188-4c32b52e1fb2,3895107,142,4778379900,4778380200
s3_s2sf12j2_kafka_rep4_20260612,kafka,sb-events-s3_s2sf12j2_kafka_rep4_20260612,c31ba033-bcf9-4d3c-83f2-c72b6d7d9dee,3895107,143,4779506300,4779506600
s3_s2sf12j2_kafka_rep4_20260612,kafka,sb-events-s3_s2sf12j2_kafka_rep4_20260612,a10f0ac6-c79a-4bb1-b6a3-6a425336db0b,3895052,143,4780887000,4780887400
s3_s2sf12j2_kafka_rep4_20260612,kafka,sb-events-s3_s2sf12j2_kafka_rep4_20260612,e513158e-b9e9-40d0-a11f-a77b226a2fdf,3895052,143,4782097500,4782097800
s3_s2sf12j2_kafka_rep4_20260612,kafka,sb-events-s3_s2sf12j2_kafka_rep4_20260612,14769c8b-1ce7-4a1a-9280-f86fcb3970c4,3895134,144,4783532400,4783532800
s3_s2sf12j2_kafka_rep4_20260612,kafka,sb-events-s3_s2sf12j2_kafka_rep4_20260612,27da8a02-d707-4ce8-a293-db4242406f9d,3895095,144,4785698600,4785698800
s3_s2sf12j2_kafka_rep4_20260612,kafka,sb-events-s3_s2sf12j2_kafka_rep4_20260612,2bbbcd7d-6c83-4bcb-b2da-5d70b7b62595,3895095,144,4788536000,4788536400
s3_s2sf12j2_kafka_rep4_20260612,kafka,sb-events-s3_s2sf12j2_kafka_rep4_20260612,923309c9-3dcf-4141-a48f-e3208bd1f952__rev2,3895113,16,4788574200,4788574400
s3_s2sf12j2_kafka_rep4_20260612,kafka,sb-events-s3_s2sf12j2_kafka_rep4_20260612,4e4aad3f-1662-4b68-818c-8a861d35dad3,3895060,145,4790412900,4790413200
s3_s2sf12j2_kafka_rep4_20260612,kafka,sb-events-s3_s2sf12j2_kafka_rep4_20260612,2af2b993-757d-4545-8b47-d555bd5647ba,3895060,145,4792183300,4792183800
s3_s2sf12j2_kafka_rep4_20260612,kafka,sb-events-s3_s2sf12j2_kafka_rep4_20260612,274e4c69-0479-4360-8935-b4b883d351bd,3895134,145,4793937900,4793938100
s3_s2sf12j2_kafka_rep4_20260612,kafka,sb-events-s3_s2sf12j2_kafka_rep4_20260612,b72e24dd-2850-4c5f-8d96-f16624b518cd,3895134,145,4795851000,4795851500
s3_s2sf12j2_kafka_rep4_20260612,kafka,sb-events-s3_s2sf12j2_kafka_rep4_20260612,d5778bdf-d6e5-4a9e-98d0-307cefd0aa3a,3895134,145,4797335300,4797335600
s3_s2sf12j2_kafka_rep4_20260612,kafka,sb-events-s3_s2sf12j2_kafka_rep4_20260612,6ee3cb36-02c5-4388-9dd0-e89b8e673c69,3895107,145,4798930100,4798930300
s3_s2sf12j2_kafka_rep4_20260612,kafka,sb-events-s3_s2sf12j2_kafka_rep4_20260612,d492ff71-49f1-47b9-93d5-3a2ba41aa1a6,3895107,145,4800974600,4800975100
s3_s2sf12j2_kafka_rep4_20260612,kafka,sb-events-s3_s2sf12j2_kafka_rep4_20260612,61823ed4-1479-4890-b776-23c242285441,3895052,145,4803621800,4803622100
s3_s2sf12j2_kafka_rep4_20260612,kafka,sb-events-s3_s2sf12j2_kafka_rep4_20260612,b812268f-ce7d-4b17-9ad2-f38e50908694__rev2,3895107,26,4803649500,4803649700
s3_s2sf12j2_kafka_rep4_20260612,kafka,sb-events-s3_s2sf12j2_kafka_rep4_20260612,04f7f325-bfc0-4731-a32f-7f8232c8296e__rev2,3895121,20,4805500000,4805500300
s3_s2sf12j2_kafka_rep4_20260612,kafka,sb-events-s3_s2sf12j2_kafka_rep4_20260612,905aae4b-8bb8-4cbe-b367-1dbdb13016f8,3895095,146,4805535200,4805535400
s3_s2sf12j2_kafka_rep4_20260612,kafka,sb-events-s3_s2sf12j2_kafka_rep4_20260612,2ad342b1-7289-486b-a50a-dd635e0fe308,3895095,146,4807483600,4807483800
s3_s2sf12j2_kafka_rep4_20260612,kafka,sb-events-s3_s2sf12j2_kafka_rep4_20260612,69bdfb9b-ba46-41c8-814a-98f0a43c6501__rev2,3895060,0,4807553500,4807553600
s3_s2sf12j2_kafka_rep4_20260612,kafka,sb-events-s3_s2sf12j2_kafka_rep4_20260612,df1c3c1b-e9a2-4e50-a24b-0789cd2a61bd,3895052,146,4808961600,4808962000
s3_s2sf12j2_kafka_rep4_20260612,kafka,sb-events-s3_s2sf12j2_kafka_rep4_20260612,16f50eaa-bf9a-435a-869e-b4b94d90aef3,3895052,146,4810845300,4810845600
s3_s2sf12j2_kafka_rep4_20260612,kafka,sb-events-s3_s2sf12j2_kafka_rep4_20260612,5bc87cbd-db36-4bd5-a4d7-c07ed5435238,3895052,146,4812165900,4812166100
s3_s2sf12j2_kafka_rep4_20260612,kafka,sb-events-s3_s2sf12j2_kafka_rep4_20260612,94b8fb4f-15a6-4678-b49e-dbb1635dac91,3895074,147,4813621700,4813622100
s3_s2sf12j2_kafka_rep4_20260612,kafka,sb-events-s3_s2sf12j2_kafka_rep4_20260612,3a8e7135-5cd1-47d4-a1a8-caa6066bc446,3895060,147,4815399900,4815400200
s3_s2sf12j2_kafka_rep4_20260612,kafka,sb-events-s3_s2sf12j2_kafka_rep4_20260612,a690da0f-daea-46a9-8c95-fb0028dc9d52,3895060,147,4817072500,4817072800
s3_s2sf12j2_kafka_rep4_20260612,kafka,sb-events-s3_s2sf12j2_kafka_rep4_20260612,33fdf203-b847-4fa5-9021-5f1875717796__rev2,3895060,6,4818551100,4818551500
s3_s2sf12j2_kafka_rep4_20260612,kafka,sb-events-s3_s2sf12j2_kafka_rep4_20260612,3bac1e29-591a-46c6-b1a0-98c8ce30328e,3895134,147,4820048200,4820048700
s3_s2sf12j2_kafka_rep4_20260612,kafka,sb-events-s3_s2sf12j2_kafka_rep4_20260612,de2f5dd9-8866-4731-8ba6-b62075693025__rev2,3895067,44,4821522300,4821522600
s3_s2sf12j2_kafka_rep4_20260612,kafka,sb-events-s3_s2sf12j2_kafka_rep4_20260612,dae48e3b-1290-4abc-a270-e05bcb5f6d54,3895134,147,4822875800,4822876200
s3_s2sf12j2_kafka_rep4_20260612,kafka,sb-events-s3_s2sf12j2_kafka_rep4_20260612,b767f8cf-4d2d-45c2-befd-2acd1c356621__rev2,3895060,11,4824348800,4824349100
s3_s2sf12j2_kafka_rep4_20260612,kafka,sb-events-s3_s2sf12j2_kafka_rep4_20260612,e7879c9d-92f2-4c18-b907-e14444eaa7ef,3895107,147,4824382600,4824382900
s3_s2sf12j2_kafka_rep4_20260612,kafka,sb-events-s3_s2sf12j2_kafka_rep4_20260612,ee90bada-1c6b-428a-aacb-049c3b7d8627__rev2,3895107,51,4825791300,4825791500
s3_s2sf12j2_kafka_rep4_20260612,kafka,sb-events-s3_s2sf12j2_kafka_rep4_20260612,1bedfa64-1d37-4506-aa21-4945f199f31e,3895052,147,4827115900,4827116200
s3_s2sf12j2_kafka_rep4_20260612,kafka,sb-events-s3_s2sf12j2_kafka_rep4_20260612,2122e986-fc97-4fb7-82e7-52bbebd90352__rev2,3895095,31,4828704000,4828704200
s3_s2sf12j2_kafka_rep4_20260612,kafka,sb-events-s3_s2sf12j2_kafka_rep4_20260612,929a1602-3f39-4a54-810e-a0a90e250ff3,3895052,147,4829746800,4829747100
s3_s2sf12j2_kafka_rep4_20260612,kafka,sb-events-s3_s2sf12j2_kafka_rep4_20260612,43c4c705-3da0-414e-b853-cb075fc6bc69__rev2,3895134,57,4830807000,4830807200
s3_s2sf12j2_kafka_rep4_20260612,kafka,sb-events-s3_s2sf12j2_kafka_rep4_20260612,5cbd0c3c-0bbf-4858-9d74-0206232f9fca,3895052,147,4832449100,4832449500
s3_s2sf12j2_kafka_rep4_20260612,kafka,sb-events-s3_s2sf12j2_kafka_rep4_20260612,9148af0d-4762-4534-9be6-d021bfa84229__rev2,3895086,62,4834341600,4834342000
s3_s2sf12j2_kafka_rep4_20260612,kafka,sb-events-s3_s2sf12j2_kafka_rep4_20260612,fe614350-e134-46ba-8efb-925f5ac87ae7,3895060,148,4836163300,4836163600
s3_s2sf12j2_kafka_rep4_20260612,kafka,sb-events-s3_s2sf12j2_kafka_rep4_20260612,90e3b280-77a2-42f8-80a1-789498a383d1__rev2,3895060,39,4837778000,4837778400
s3_s2sf12j2_kafka_rep4_20260612,kafka,sb-events-s3_s2sf12j2_kafka_rep4_20260612,a4c1b81e-781e-4d08-83a5-c54a57580b62,3895134,148,4839583600,4839583900
s3_s2sf12j2_kafka_rep4_20260612,kafka,sb-events-s3_s2sf12j2_kafka_rep4_20260612,efb14b0b-f196-4536-8723-97a984f41655,3895095,148,4840958100,4840958600
s3_s2sf12j2_kafka_rep4_20260612,kafka,sb-events-s3_s2sf12j2_kafka_rep4_20260612,e9b560c1-2ff1-4cfc-b6b6-f593904510c4,3895134,149,4842264200,4842264400
s3_s2sf12j2_kafka_rep4_20260612,kafka,sb-events-s3_s2sf12j2_kafka_rep4_20260612,4fa6170b-3931-48f1-8db7-6af349365210,3895095,149,4843363600,4843363900
s3_s2sf12j2_kafka_rep4_20260612,kafka,sb-events-s3_s2sf12j2_kafka_rep4_20260612,32bb9c4d-af8f-4d4b-8694-0c58f8fae3b8,3895095,149,4844705300,4844705500
s3_s2sf12j2_kafka_rep4_20260612,kafka,sb-events-s3_s2sf12j2_kafka_rep4_20260612,5758447e-1001-49e1-a0ab-154017c719b5,3895095,149,4846407600,4846408100
s3_s2sf12j2_kafka_rep4_20260612,kafka,sb-events-s3_s2sf12j2_kafka_rep4_20260612,3c21c5d0-aa2b-4f7e-8add-85164d82adfa,3895095,149,4847818700,4847819000
s3_s2sf12j2_kafka_rep4_20260612,kafka,sb-events-s3_s2sf12j2_kafka_rep4_20260612,a0905d11-1ec5-4b7a-a98c-963d4cd31d70__rev2,3895086,75,4849318000,4849318300
s3_s2sf12j2_kafka_rep4_20260612,kafka,sb-events-s3_s2sf12j2_kafka_rep4_20260612,41fd2317-da9a-4fa3-8cbb-1848d1bdeb69,3895107,149,4849340500,4849340700
s3_s2sf12j2_kafka_rep4_20260612,kafka,sb-events-s3_s2sf12j2_kafka_rep4_20260612,1d4d5d50-bf23-4946-a4d9-a43b9b640a29,3895107,149,4851618100,4851618500
s3_s2sf12j2_kafka_rep4_20260612,kafka,sb-events-s3_s2sf12j2_kafka_rep4_20260612,0abe475e-507a-4aa0-8898-55101c96acf3__rev2,3895074,69,4851658300,4851658500
s3_s2sf12j2_kafka_rep4_20260612,kafka,sb-events-s3_s2sf12j2_kafka_rep4_20260612,d8fa0a0f-dbd5-4d56-849d-e542d0f4c863__rev2,3895052,89,4853613700,4853614000
s3_s2sf12j2_kafka_rep4_20260612,kafka,sb-events-s3_s2sf12j2_kafka_rep4_20260612,3e95469a-5da3-41cb-9f40-0ff79f6eee66,3895121,150,4853646500,4853646600
s3_s2sf12j2_kafka_rep4_20260612,kafka,sb-events-s3_s2sf12j2_kafka_rep4_20260612,4d521520-8fe2-4624-a9ba-edbd457751d2,3895052,150,4855042100,4855042400
s3_s2sf12j2_kafka_rep4_20260612,kafka,sb-events-s3_s2sf12j2_kafka_rep4_20260612,1709bde2-a33d-4bff-ab11-c14976e26251__rev2,3895113,103,4855074000,4855074200
s3_s2sf12j2_kafka_rep4_20260612,kafka,sb-events-s3_s2sf12j2_kafka_rep4_20260612,d5d8d151-674a-421d-8a54-7f334aa9777f,3895052,150,4856652800,4856653100
s3_s2sf12j2_kafka_rep4_20260612,kafka,sb-events-s3_s2sf12j2_kafka_rep4_20260612,13c22074-4da3-469f-af37-643f4a6d2211__rev2,3895074,83,4856738400,4856738600
s3_s2sf12j2_kafka_rep4_20260612,kafka,sb-events-s3_s2sf12j2_kafka_rep4_20260612,8135d562-0da3-440b-a0e2-268dae7d9672,3895060,151,4857973000,4857973500
s3_s2sf12j2_kafka_rep4_20260612,kafka,sb-events-s3_s2sf12j2_kafka_rep4_20260612,7ce1c8d6-183a-46fb-8712-67062f116c4f,3895060,151,4859216800,4859217100
s3_s2sf12j2_kafka_rep4_20260612,kafka,sb-events-s3_s2sf12j2_kafka_rep4_20260612,e5697ff1-eca1-4a24-aae7-62ba05de1074,3895052,151,4861003600,4861004100
s3_s2sf12j2_kafka_rep4_20260612,kafka,sb-events-s3_s2sf12j2_kafka_rep4_20260612,9bd995e3-84c3-4035-856f-bdba64f40d06,3895052,151,4862401800,4862402200
s3_s2sf12j2_kafka_rep4_20260612,kafka,sb-events-s3_s2sf12j2_kafka_rep4_20260612,3efe044e-977e-40db-9d4a-0e3476de3f67,3895095,152,4863777700,4863778000
s3_s2sf12j2_kafka_rep4_20260612,kafka,sb-events-s3_s2sf12j2_kafka_rep4_20260612,c5f98d0c-da42-4c2c-82fe-8b575b76bda1__rev2,3895107,109,4865752500,4865752800
s3_s2sf12j2_kafka_rep4_20260612,kafka,sb-events-s3_s2sf12j2_kafka_rep4_20260612,560019c8-3875-4a6f-94d2-2d748c2ef69c,3895095,152,4867108100,4867108400
s3_s2sf12j2_kafka_rep4_20260612,kafka,sb-events-s3_s2sf12j2_kafka_rep4_20260612,5043e3af-3c3c-4fde-b62f-9da75c031686__rev2,3895074,95,4868673200,4868673600
s3_s2sf12j2_kafka_rep4_20260612,kafka,sb-events-s3_s2sf12j2_kafka_rep4_20260612,ee231cf7-4ea9-423c-aa4a-d19a0e921779,3895095,152,4870135400,4870135700
s3_s2sf12j2_kafka_rep4_20260612,kafka,sb-events-s3_s2sf12j2_kafka_rep4_20260612,a9acce11-8ebc-41d3-9fe6-2333092d65b6__rev2,3895107,114,4871367300,4871367600
s3_s2sf12j2_kafka_rep4_20260612,kafka,sb-events-s3_s2sf12j2_kafka_rep4_20260612,7821e82d-571e-4aa1-a8e3-56c4eefc7b05,3895121,153,4872502600,4872502900
s3_s2sf12j2_kafka_rep4_20260612,kafka,sb-events-s3_s2sf12j2_kafka_rep4_20260612,5e463067-3b5f-41a2-94c8-8f2b45bde467__rev2,3895113,122,4873705600,4873706000
s3_s2sf12j2_kafka_rep4_20260612,kafka,sb-events-s3_s2sf12j2_kafka_rep4_20260612,3a186596-9309-482a-bbad-7b51899fc415,3895121,153,4874854900,4874855300
s3_s2sf12j2_kafka_rep4_20260612,kafka,sb-events-s3_s2sf12j2_kafka_rep4_20260612,53c69f88-d128-4cb5-a2d9-a75cbdf9777e,3895121,153,4876003300,4876003600
s3_s2sf12j2_kafka_rep4_20260612,kafka,sb-events-s3_s2sf12j2_kafka_rep4_20260612,2b913c12-2cfc-440e-8fcf-7ff6726c5114,3895134,153,4877293100,4877293400
s3_s2sf12j2_kafka_rep4_20260612,kafka,sb-events-s3_s2sf12j2_kafka_rep4_20260612,1cd2a870-6e10-4903-a9f4-f9d3c7d27880,3895134,153,4878521200,4878521500
s3_s2sf12j2_kafka_rep4_20260612,kafka,sb-events-s3_s2sf12j2_kafka_rep4_20260612,2710caf5-de6e-4803-a75f-13924c689eff,3895052,153,4880229500,4880230000
s3_s2sf12j2_kafka_rep4_20260612,kafka,sb-events-s3_s2sf12j2_kafka_rep4_20260612,67ca4c48-ec9b-4c45-9485-ae00f0ffa467,3895052,153,4881524000,4881524300
s3_s2sf12j2_kafka_rep4_20260612,kafka,sb-events-s3_s2sf12j2_kafka_rep4_20260612,02fdd3d0-6246-4121-a658-c8c64d83c9e7,3895060,154,4883273300,4883273700
s3_s2sf12j2_kafka_rep4_20260612,kafka,sb-events-s3_s2sf12j2_kafka_rep4_20260612,1e0d6109-9dfd-400c-a886-d2276b2b2b20,3895060,154,4884947500,4884947800
s3_s2sf12j2_kafka_rep4_20260612,kafka,sb-events-s3_s2sf12j2_kafka_rep4_20260612,37a43b9f-5690-41fd-b4f7-53215ab15ee1,3895060,155,4886714100,4886714600
s3_s2sf12j2_kafka_rep4_20260612,kafka,sb-events-s3_s2sf12j2_kafka_rep4_20260612,49bd1cab-27d5-4339-b91a-7dfbd42952eb,3895121,155,4888019700,4888020100
s3_s2sf12j2_kafka_rep4_20260612,kafka,sb-events-s3_s2sf12j2_kafka_rep4_20260612,a27b2434-031d-4a71-af65-f628ef68fc5b,3895121,155,4889421600,4889421900
s3_s2sf12j2_kafka_rep4_20260612,kafka,sb-events-s3_s2sf12j2_kafka_rep4_20260612,10ac3bc0-892c-4260-9e07-97c22aef1ce2,3895134,155,4890913300,4890913600
s3_s2sf12j2_kafka_rep4_20260612,kafka,sb-events-s3_s2sf12j2_kafka_rep4_20260612,a736895f-1c77-494e-8f8e-502d082d0ca0,3895052,155,4892705900,4892706400
s3_s2sf12j2_kafka_rep4_20260612,kafka,sb-events-s3_s2sf12j2_kafka_rep4_20260612,38175d9c-de79-4c30-bc4c-b0d7f7fe5980,3895052,155,4894083600,4894083900
s3_s2sf12j2_kafka_rep4_20260612,kafka,sb-events-s3_s2sf12j2_kafka_rep4_20260612,74620976-1608-4f8c-a5de-b1e3dd833aef,3895052,155,4896002900,4896003300
s3_s2sf12j2_kafka_rep4_20260612,kafka,sb-events-s3_s2sf12j2_kafka_rep4_20260612,dae48e3b-1290-4abc-a270-e05bcb5f6d54__rev2,3895134,147,4896036300,4896036500
s3_s2sf12j2_kafka_rep4_20260612,kafka,sb-events-s3_s2sf12j2_kafka_rep4_20260612,5c6ffce4-0b2a-4651-b593-33aa03a60daa__rev2,3895095,137,4897948800,4897949200
s3_s2sf12j2_kafka_rep4_20260612,kafka,sb-events-s3_s2sf12j2_kafka_rep4_20260612,d6c0e2f9-eb69-40e7-bd64-4657105044bb,3895134,156,4897993100,4897993500
s3_s2sf12j2_kafka_rep4_20260612,kafka,sb-events-s3_s2sf12j2_kafka_rep4_20260612,66be2bd8-927e-4312-a10f-c69ce778c754,3895052,157,4899375900,4899376200
s3_s2sf12j2_kafka_rep4_20260612,kafka,sb-events-s3_s2sf12j2_kafka_rep4_20260612,4cfebc37-3c47-4d89-97e7-503777ab08f4,3895113,157,4900845600,4900845900
s3_s2sf12j2_kafka_rep4_20260612,kafka,sb-events-s3_s2sf12j2_kafka_rep4_20260612,6b911dbc-6b25-422a-b5d3-7dd506d777c1,3895052,157,4902127700,4902128000
s3_s2sf12j2_kafka_rep4_20260612,kafka,sb-events-s3_s2sf12j2_kafka_rep4_20260612,f467bace-c955-4ce1-830c-9cccfe579e16,3895121,158,4903407600,4903408100
s3_s2sf12j2_kafka_rep4_20260612,kafka,sb-events-s3_s2sf12j2_kafka_rep4_20260612,fdd7141d-e8fc-4721-8aba-a514a2ffc07f,3895134,158,4904972100,4904972600
s3_s2sf12j2_kafka_rep4_20260612,kafka,sb-events-s3_s2sf12j2_kafka_rep4_20260612,3527c8c9-9a06-4440-b7e7-cbed73e892a4,3895134,158,4906378300,4906378500
s3_s2sf12j2_kafka_rep4_20260612,kafka,sb-events-s3_s2sf12j2_kafka_rep4_20260612,1c5201e6-dc5a-41b5-b164-c138f7f347e5,3895086,158,4907720500,4907720800
s3_s2sf12j2_kafka_rep4_20260612,kafka,sb-events-s3_s2sf12j2_kafka_rep4_20260612,ba0d2b7d-b635-49be-afbc-96b5266bef5e,3895113,158,4909216900,4909217200
s3_s2sf12j2_kafka_rep4_20260612,kafka,sb-events-s3_s2sf12j2_kafka_rep4_20260612,0b6f9a01-cab0-4450-8c8e-e8a2b415b444,3895074,159,4910542000,4910542400
s3_s2sf12j2_kafka_rep4_20260612,kafka,sb-events-s3_s2sf12j2_kafka_rep4_20260612,db765aeb-a06a-48e4-91e5-97ab87af96cd,3895107,159,4912027100,4912027500
s3_s2sf12j2_kafka_rep4_20260612,kafka,sb-events-s3_s2sf12j2_kafka_rep4_20260612,0b6f9a01-cab0-4450-8c8e-e8a2b415b444__rev2,3895074,159,4912058900,4912059200
s3_s2sf12j2_kafka_rep4_20260612,kafka,sb-events-s3_s2sf12j2_kafka_rep4_20260612,0dfe650b-727a-488e-9548-afe4b58cab9c,3895113,159,4913425000,4913425400
s3_s2sf12j2_kafka_rep4_20260612,kafka,sb-events-s3_s2sf12j2_kafka_rep4_20260612,f2616473-0593-4f98-91a4-29b4ab860370,3895121,160,4914969500,4914969900
s3_s2sf12j2_kafka_rep4_20260612,kafka,sb-events-s3_s2sf12j2_kafka_rep4_20260612,c91b6d01-70e3-4a5e-8d2c-607f8c2ba0cc,3895107,160,4916399200,4916399500
s3_s2sf12j2_kafka_rep4_20260612,kafka,sb-events-s3_s2sf12j2_kafka_rep4_20260612,bbc5955b-810c-4da2-96cf-f48f68ec638a,3895107,160,4917827300,4917827700
s3_s2sf12j2_kafka_rep4_20260612,kafka,sb-events-s3_s2sf12j2_kafka_rep4_20260612,61692e98-2e82-43eb-85ac-8ae97f0e2012,3895107,160,4919770600,4919770900
s3_s2sf12j2_kafka_rep4_20260612,kafka,sb-events-s3_s2sf12j2_kafka_rep4_20260612,da8d983d-e5dc-4256-abf8-1ab19d4b1934,3895113,160,4921478100,4921478600
s3_s2sf12j2_kafka_rep4_20260612,kafka,sb-events-s3_s2sf12j2_kafka_rep4_20260612,b3db99f3-b85a-4495-86c0-c5955460608a,3895113,160,4922975600,4922976100
s3_s2sf12j2_kafka_rep4_20260612,kafka,sb-events-s3_s2sf12j2_kafka_rep4_20260612,f4d34ba3-4b7f-4866-bc69-6cd2cb54c3c9,3895113,160,4924555800,4924556100
s3_s2sf12j2_kafka_rep4_20260612,kafka,sb-events-s3_s2sf12j2_kafka_rep4_20260612,48823480-e90f-4df5-af40-4ad04ded1f5b,3895134,161,4926082000,4926082300
s3_s2sf12j2_kafka_rep4_20260612,kafka,sb-events-s3_s2sf12j2_kafka_rep4_20260612,582ed7de-ab5b-451f-8522-5fb5ae535956,3895134,161,4927773100,4927773500
s3_s2sf12j2_kafka_rep4_20260612,kafka,sb-events-s3_s2sf12j2_kafka_rep4_20260612,b189c791-b3b6-41a5-8c6f-69ddcdbef563,3895134,161,4929344300,4929344700
s3_s2sf12j2_kafka_rep4_20260612,kafka,sb-events-s3_s2sf12j2_kafka_rep4_20260612,694bc879-88d7-47a0-bed8-dee5569c8172,3895107,161,4930854400,4930854800
s3_s2sf12j2_kafka_rep4_20260612,kafka,sb-events-s3_s2sf12j2_kafka_rep4_20260612,7c3be079-ffa9-46b6-8d91-9b1151bc888c,3895086,161,4932913800,4932914300
s3_s2sf12j2_kafka_rep4_20260612,kafka,sb-events-s3_s2sf12j2_kafka_rep4_20260612,317134da-6744-46b3-aec6-6c1193cf1d0a,3895086,161,4935148500,4935148900
s3_s2sf12j2_kafka_rep4_20260612,kafka,sb-events-s3_s2sf12j2_kafka_rep4_20260612,cf14778c-80d8-4496-8f4b-98a9b0ef2fcb,3895113,161,4936637200,4936637500
s3_s2sf12j2_kafka_rep4_20260612,kafka,sb-events-s3_s2sf12j2_kafka_rep4_20260612,bc8b5564-9e71-4619-ad90-083edca2dee7,3895074,162,4938291600,4938292000
s3_s2sf12j2_kafka_rep4_20260612,kafka,sb-events-s3_s2sf12j2_kafka_rep4_20260612,83c0b97d-595b-4c62-a67d-02d252a05533,3895074,162,4939547400,4939547700
s3_s2sf12j2_kafka_rep4_20260612,kafka,sb-events-s3_s2sf12j2_kafka_rep4_20260612,05f4b123-540f-4b43-a68b-46fc44a2574b,3895074,162,4941270000,4941270400
s3_s2sf12j2_kafka_rep4_20260612,kafka,sb-events-s3_s2sf12j2_kafka_rep4_20260612,0ff7f5a9-14e7-4615-99f1-ebb1304a772c,3895121,162,4943237100,4943237400
s3_s2sf12j2_kafka_rep4_20260612,kafka,sb-events-s3_s2sf12j2_kafka_rep4_20260612,bbf7f332-2f44-4234-9155-7d6009fb7738,3895121,162,4945557100,4945557300
s3_s2sf12j2_kafka_rep4_20260612,kafka,sb-events-s3_s2sf12j2_kafka_rep4_20260612,69df8442-94e9-453a-94ad-426dcaa0579a,3895107,162,4947472600,4947472900
s3_s2sf12j2_kafka_rep4_20260612,kafka,sb-events-s3_s2sf12j2_kafka_rep4_20260612,71f8aaf9-8141-4474-96dc-0dc56cb5ca0d,3895107,162,4949347400,4949347800
s3_s2sf12j2_kafka_rep4_20260612,kafka,sb-events-s3_s2sf12j2_kafka_rep4_20260612,d0a516db-7270-4612-abb8-e9c1204e1c58,3895086,162,4951227600,4951227800
s3_s2sf12j2_kafka_rep4_20260612,kafka,sb-events-s3_s2sf12j2_kafka_rep4_20260612,73a1d35e-ff5d-4fbb-abcb-fe88d0718746,3895086,162,4953025000,4953025300
s3_s2sf12j2_kafka_rep4_20260612,kafka,sb-events-s3_s2sf12j2_kafka_rep4_20260612,e004fe58-8616-4805-8555-9c7ba582ef4c,3895086,162,4954915500,4954915900
s3_s2sf12j2_kafka_rep4_20260612,kafka,sb-events-s3_s2sf12j2_kafka_rep4_20260612,43e9d656-4d2e-4c62-8372-7327f3ce42c3,3895113,162,4956548800,4956549200
s3_s2sf12j2_kafka_rep4_20260612,kafka,sb-events-s3_s2sf12j2_kafka_rep4_20260612,340debd2-c4c3-43c9-a358-6e0667039dd6,3895113,162,4959114800,4959115100
s3_s2sf12j2_kafka_rep4_20260612,kafka,sb-events-s3_s2sf12j2_kafka_rep4_20260612,96e6c0ad-4a64-4176-9fb4-274862f82d73,3895113,162,4961016200,4961016500
s3_s2sf12j2_kafka_rep4_20260612,kafka,sb-events-s3_s2sf12j2_kafka_rep4_20260612,14b983d6-7c2e-4c60-8a95-1b0a49355c0e,3895113,163,4962734900,4962735300
s3_s2sf12j2_kafka_rep4_20260612,kafka,sb-events-s3_s2sf12j2_kafka_rep4_20260612,818c8ff2-8fc7-49ca-bf1a-66ee14e04123,3895074,164,4964249200,4964249400
s3_s2sf12j2_kafka_rep4_20260612,kafka,sb-events-s3_s2sf12j2_kafka_rep4_20260612,19959a0b-6c86-46c0-9154-90dcb3274904,3895074,164,4966037300,4966037700
s3_s2sf12j2_kafka_rep4_20260612,kafka,sb-events-s3_s2sf12j2_kafka_rep4_20260612,9ce7b785-4ecd-44b5-90e3-b733d34dfe2e,3895074,164,4967760000,4967760400
s3_s2sf12j2_kafka_rep4_20260612,kafka,sb-events-s3_s2sf12j2_kafka_rep4_20260612,eca48472-18cb-4b31-ae55-ac17179aef8e,3895121,164,4969401800,4969402100
s3_s2sf12j2_kafka_rep4_20260612,kafka,sb-events-s3_s2sf12j2_kafka_rep4_20260612,867ca390-a97c-4aaf-a312-1b84a626e10c,3895074,165,4971099200,4971099500
s3_s2sf12j2_kafka_rep4_20260612,kafka,sb-events-s3_s2sf12j2_kafka_rep4_20260612,f8ae8a1d-85ae-4a8f-b6bc-23d2d5a1ac71,3895121,165,4973417500,4973418100
s3_s2sf12j2_kafka_rep4_20260612,kafka,sb-events-s3_s2sf12j2_kafka_rep4_20260612,2c9d55e8-d805-4f99-a6d7-8c539b0266dc,3895121,165,4975345700,4975346000
s3_s2sf12j2_kafka_rep4_20260612,kafka,sb-events-s3_s2sf12j2_kafka_rep4_20260612,43e45598-d200-443f-abc6-cfe05b9bd39e,3895134,165,4977227800,4977228200
s3_s2sf12j2_kafka_rep4_20260612,kafka,sb-events-s3_s2sf12j2_kafka_rep4_20260612,2be38728-ebc2-4ed8-9349-08fb1a446d3d,3895134,165,4979181600,4979182000
s3_s2sf12j2_kafka_rep4_20260612,kafka,sb-events-s3_s2sf12j2_kafka_rep4_20260612,94dc0cb8-281c-41c2-99ab-0caf104a8c89,3895107,165,4981097100,4981097500
s3_s2sf12j2_kafka_rep4_20260612,kafka,sb-events-s3_s2sf12j2_kafka_rep4_20260612,96c59163-8000-437f-b044-79ebef56ab77,3895107,165,4982750500,4982750800
s3_s2sf12j2_kafka_rep4_20260612,kafka,sb-events-s3_s2sf12j2_kafka_rep4_20260612,a88add67-30ad-48ae-9d3d-47841f1412ee,3895107,165,4984332400,4984332700
s3_s2sf12j2_kafka_rep4_20260612,kafka,sb-events-s3_s2sf12j2_kafka_rep4_20260612,a6cb7fd6-e4a9-445a-b160-6335527f38a2,3895113,165,4985790900,4985791300
s3_s2sf12j2_kafka_rep4_20260612,kafka,sb-events-s3_s2sf12j2_kafka_rep4_20260612,87c1a5ee-e14f-48b7-8810-be5f77d239b6,3895113,165,4987854700,4987854900
s3_s2sf12j2_kafka_rep4_20260612,kafka,sb-events-s3_s2sf12j2_kafka_rep4_20260612,8df36443-cd0c-4c4b-945b-238b9dcfccf6,3895134,166,4988955700,4988955900
s3_s2sf12j2_kafka_rep4_20260612,kafka,sb-events-s3_s2sf12j2_kafka_rep4_20260612,7d119d9d-15cd-4187-bf0c-04237164d654,3895134,166,4990585600,4990585800
s3_s2sf12j2_kafka_rep4_20260612,kafka,sb-events-s3_s2sf12j2_kafka_rep4_20260612,550e6f49-307b-4008-b27e-bcfde346348b,3895134,166,4992104300,4992104600
s3_s2sf12j2_kafka_rep4_20260612,kafka,sb-events-s3_s2sf12j2_kafka_rep4_20260612,79d30816-809f-49d3-987f-4faa3bf7a1c4,3895134,166,4993711700,4993712000
s3_s2sf12j2_kafka_rep4_20260612,kafka,sb-events-s3_s2sf12j2_kafka_rep4_20260612,b3b14886-30e0-4aef-ac42-acede6528102,3895107,166,4995184200,4995184500
s3_s2sf12j2_kafka_rep4_20260612,kafka,sb-events-s3_s2sf12j2_kafka_rep4_20260612,7a4cbbd9-03aa-4159-bd71-77952f625375,3895113,166,4997069200,4997069500
s3_s2sf12j2_kafka_rep4_20260612,kafka,sb-events-s3_s2sf12j2_kafka_rep4_20260612,408c8260-11ce-4a03-917b-59fc81ed2a2e,3895107,167,4999082500,4999083000
s3_s2sf12j2_kafka_rep4_20260612,kafka,sb-events-s3_s2sf12j2_kafka_rep4_20260612,7a4cbbd9-03aa-4159-bd71-77952f625375__rev2,3895113,166,4999131500,4999131800
s3_s2sf12j2_kafka_rep4_20260612,kafka,sb-events-s3_s2sf12j2_kafka_rep4_20260612,4162aaae-2c4d-40e1-a3b6-3b1de0193db0,3895107,167,5000914800,5000915300
s3_s2sf12j2_kafka_rep4_20260612,kafka,sb-events-s3_s2sf12j2_kafka_rep4_20260612,6293a92c-cdfd-4b76-87bc-646d14c8e379,3895107,167,5002720700,5002720900
s3_s2sf12j2_kafka_rep4_20260612,kafka,sb-events-s3_s2sf12j2_kafka_rep4_20260612,bc45eb44-defd-46ed-bc67-78f41b3effdf,3895074,168,5004741700,5004742100
s3_s2sf12j2_kafka_rep4_20260612,kafka,sb-events-s3_s2sf12j2_kafka_rep4_20260612,4bcff9c0-91ca-44c7-a3e7-77b6f3f2257d,3895121,168,5006224600,5006224900
s3_s2sf12j2_kafka_rep4_20260612,kafka,sb-events-s3_s2sf12j2_kafka_rep4_20260612,9b0cfa5a-46f9-4e02-8b87-ff17adc27e73,3895134,168,5007577300,5007577600
s3_s2sf12j2_kafka_rep4_20260612,kafka,sb-events-s3_s2sf12j2_kafka_rep4_20260612,58645ad5-803a-40d3-b885-386ac9453114,3895134,168,5008913300,5008913500
s3_s2sf12j2_kafka_rep4_20260612,kafka,sb-events-s3_s2sf12j2_kafka_rep4_20260612,0eed2083-cc6b-491c-b83d-754409ab9cad,3895107,168,5010701300,5010701700
s3_s2sf12j2_kafka_rep4_20260612,kafka,sb-events-s3_s2sf12j2_kafka_rep4_20260612,8f6737e1-8bab-492b-b76d-4cba4a059b36,3895074,169,5012580200,5012580500
s3_s2sf12j2_kafka_rep4_20260612,kafka,sb-events-s3_s2sf12j2_kafka_rep4_20260612,39f89742-821a-4ce6-8cbe-f39808686ede,3895074,169,5014190500,5014190900
s3_s2sf12j2_kafka_rep4_20260612,kafka,sb-events-s3_s2sf12j2_kafka_rep4_20260612,e15c7501-c465-49c6-afe7-55599ee22e67,3895074,169,5016193100,5016193500
s3_s2sf12j2_kafka_rep4_20260612,kafka,sb-events-s3_s2sf12j2_kafka_rep4_20260612,3529544a-55ae-4fbc-b0a6-e133216fba2d,3895074,169,5018092600,5018093100
s3_s2sf12j2_kafka_rep4_20260612,kafka,sb-events-s3_s2sf12j2_kafka_rep4_20260612,bdf70f16-88b6-449e-8210-b470cb150f2f,3895074,169,5019877400,5019877800
s3_s2sf12j2_kafka_rep4_20260612,kafka,sb-events-s3_s2sf12j2_kafka_rep4_20260612,4e375d5b-ebb2-4d0e-b207-d8f5f48b519d,3895060,169,5021612800,5021613000
s3_s2sf12j2_kafka_rep4_20260612,kafka,sb-events-s3_s2sf12j2_kafka_rep4_20260612,77c33e38-ffee-4268-aba7-f894651f7335,3895121,169,5023109600,5023109900
s3_s2sf12j2_kafka_rep4_20260612,kafka,sb-events-s3_s2sf12j2_kafka_rep4_20260612,9ec2419d-346d-44ad-b824-b6b96bba9524,3895121,169,5025137300,5025137800
s3_s2sf12j2_kafka_rep4_20260612,kafka,sb-events-s3_s2sf12j2_kafka_rep4_20260612,07e5b410-f76a-4d08-906e-11df937853e0,3895134,169,5026846200,5026846500
s3_s2sf12j2_kafka_rep4_20260612,kafka,sb-events-s3_s2sf12j2_kafka_rep4_20260612,9679bf7d-a2ec-438c-a7f9-d0d9952ad2c1,3895134,169,5028666700,5028667200
s3_s2sf12j2_kafka_rep4_20260612,kafka,sb-events-s3_s2sf12j2_kafka_rep4_20260612,d6f4facf-d6c5-479a-a242-3e7c6a56f2da,3895134,169,5030414800,5030415200
s3_s2sf12j2_kafka_rep4_20260612,kafka,sb-events-s3_s2sf12j2_kafka_rep4_20260612,0ca9b4bf-ca19-4efa-a2e3-9cad848cc503,3895107,169,5032117100,5032117400
s3_s2sf12j2_kafka_rep4_20260612,kafka,sb-events-s3_s2sf12j2_kafka_rep4_20260612,fcd91361-de77-4f55-b945-e79985c18e84,3895107,169,5033823700,5033823900
s3_s2sf12j2_kafka_rep4_20260612,kafka,sb-events-s3_s2sf12j2_kafka_rep4_20260612,d852d950-2489-4733-ab0f-ea2f4335565b,3895107,169,5035465400,5035465500
s3_s2sf12j2_kafka_rep4_20260612,kafka,sb-events-s3_s2sf12j2_kafka_rep4_20260612,8d7e145d-6436-4a2b-8fb5-c468d557b8db,3895113,169,5037471400,5037471900
s3_s2sf12j2_kafka_rep4_20260612,kafka,sb-events-s3_s2sf12j2_kafka_rep4_20260612,31e939ed-6c76-49e0-8503-be98b76e04a2,3895113,169,5039185500,5039185800
s3_s2sf12j2_kafka_rep4_20260612,kafka,sb-events-s3_s2sf12j2_kafka_rep4_20260612,f2485d48-3ace-4e0f-a6ed-3b06b865284b,3895113,169,5041080600,5041081100
s3_s2sf12j2_kafka_rep4_20260612,kafka,sb-events-s3_s2sf12j2_kafka_rep4_20260612,c8bf21cb-6239-4167-9a8c-78b25ba0bc6f,3895113,169,5042707800,5042708200
s3_s2sf12j2_kafka_rep4_20260612,kafka,sb-events-s3_s2sf12j2_kafka_rep4_20260612,9b2764a7-a84d-4943-bba5-b417858f81a7,3895074,170,5044388900,5044389300
s3_s2sf12j2_kafka_rep4_20260612,kafka,sb-events-s3_s2sf12j2_kafka_rep4_20260612,ada9ca66-9914-40ec-9721-e7008c004f43,3895074,170,5046081600,5046081900
s3_s2sf12j2_kafka_rep4_20260612,kafka,sb-events-s3_s2sf12j2_kafka_rep4_20260612,b7679522-0480-4738-bd78-2caaca3efcd4,3895060,170,5047382500,5047382800
s3_s2sf12j2_kafka_rep4_20260612,kafka,sb-events-s3_s2sf12j2_kafka_rep4_20260612,3da63f38-33cc-453a-a47d-f5fddd0db82f,3895060,170,5049549200,5049549600
s3_s2sf12j2_kafka_rep4_20260612,kafka,sb-events-s3_s2sf12j2_kafka_rep4_20260612,fadd2877-2d12-4f52-a99d-15c1947850eb,3895060,170,5051747300,5051747600
s3_s2sf12j2_kafka_rep4_20260612,kafka,sb-events-s3_s2sf12j2_kafka_rep4_20260612,e162f8fa-b3ce-4052-a096-680bf2c9ed8d,3895060,170,5054317300,5054317700
s3_s2sf12j2_kafka_rep4_20260612,kafka,sb-events-s3_s2sf12j2_kafka_rep4_20260612,53b7d815-60a3-44ab-b5b2-d8a2c44480a8,3895134,170,5056655900,5056656300
s3_s2sf12j2_kafka_rep4_20260612,kafka,sb-events-s3_s2sf12j2_kafka_rep4_20260612,329c89d3-8945-4b3b-b560-92250fd85b13,3895134,170,5058404500,5058404900
s3_s2sf12j2_kafka_rep4_20260612,kafka,sb-events-s3_s2sf12j2_kafka_rep4_20260612,fc565cea-8dcd-480a-882e-34f338524047,3895107,170,5060707800,5060708200
s3_s2sf12j2_kafka_rep4_20260612,kafka,sb-events-s3_s2sf12j2_kafka_rep4_20260612,0f604741-1adb-4f2d-bb36-69d25b830a30,3895074,171,5062512600,5062512800
s3_s2sf12j2_kafka_rep4_20260612,kafka,sb-events-s3_s2sf12j2_kafka_rep4_20260612,83a981d0-c68a-4645-befd-6421a44de32e,3895060,171,5064838500,5064838800
s3_s2sf12j2_kafka_rep4_20260612,kafka,sb-events-s3_s2sf12j2_kafka_rep4_20260612,ecd14fd7-6180-4ae4-963d-2c9e6b2a0d75,3895113,171,5066859400,5066859600
s3_s2sf12j2_kafka_rep4_20260612,kafka,sb-events-s3_s2sf12j2_kafka_rep4_20260612,3ded6d86-f943-406a-8fa2-cfeff8b82bdc,3895113,171,5068747200,5068747500
s3_s2sf12j2_kafka_rep4_20260612,kafka,sb-events-s3_s2sf12j2_kafka_rep4_20260612,0df566b3-c230-4f74-a1bd-86295b48f77a,3895074,172,5070620600,5070620800
s3_s2sf12j2_kafka_rep4_20260612,kafka,sb-events-s3_s2sf12j2_kafka_rep4_20260612,3a3474fc-bc26-4b2c-9646-fa317842c2cb,3895074,172,5072449400,5072449600
s3_s2sf12j2_kafka_rep4_20260612,kafka,sb-events-s3_s2sf12j2_kafka_rep4_20260612,7023ff3e-dd3c-47a0-b743-ea5bedfdc502,3895074,172,5073956000,5073956300
s3_s2sf12j2_kafka_rep4_20260612,kafka,sb-events-s3_s2sf12j2_kafka_rep4_20260612,fb712513-b992-4a5c-8a59-43f670f391d7,3895074,172,5075780900,5075781200
s3_s2sf12j2_kafka_rep4_20260612,kafka,sb-events-s3_s2sf12j2_kafka_rep4_20260612,d913e425-9576-4a3d-9cfa-9644dc4fe9cd,3895060,172,5077747600,5077748000
s3_s2sf12j2_kafka_rep4_20260612,kafka,sb-events-s3_s2sf12j2_kafka_rep4_20260612,07f21132-1269-4363-b9c5-82850ad32d7a,3895060,172,5080401000,5080401300
s3_s2sf12j2_kafka_rep4_20260612,kafka,sb-events-s3_s2sf12j2_kafka_rep4_20260612,e0806731-5ca1-42b9-9333-560ee6c98f92,3895074,173,5082209900,5082210100
s3_s2sf12j2_kafka_rep4_20260612,kafka,sb-events-s3_s2sf12j2_kafka_rep4_20260612,c65aa53d-0626-471c-a5b6-84d20106beb3,3895074,173,5084369000,5084369400
s3_s2sf12j2_kafka_rep4_20260612,kafka,sb-events-s3_s2sf12j2_kafka_rep4_20260612,d62d62b7-c9b1-40eb-a2bc-3f2316e75eab,3895060,173,5086415000,5086415300
s3_s2sf12j2_kafka_rep4_20260612,kafka,sb-events-s3_s2sf12j2_kafka_rep4_20260612,7fddb002-d5be-4ebe-bf94-fe7788dbdfc0,3895074,173,5088440300,5088440600
s3_s2sf12j2_kafka_rep4_20260612,kafka,sb-events-s3_s2sf12j2_kafka_rep4_20260612,a3efd64b-b9cf-4006-bcaa-9e1f8901b94f,3895121,173,5090690800,5090691100
s3_s2sf12j2_kafka_rep4_20260612,kafka,sb-events-s3_s2sf12j2_kafka_rep4_20260612,89a8bd74-951e-4c23-a496-04913466501f,3895074,174,5093010700,5093011100
s3_s2sf12j2_kafka_rep4_20260612,kafka,sb-events-s3_s2sf12j2_kafka_rep4_20260612,a3efd64b-b9cf-4006-bcaa-9e1f8901b94f__rev2,3895121,173,5093044700,5093044900
s3_s2sf12j2_kafka_rep4_20260612,kafka,sb-events-s3_s2sf12j2_kafka_rep4_20260612,783d3a7a-3b92-4938-bdb9-017b63dce520,3895107,174,5094972600,5094972900
s3_s2sf12j2_kafka_rep4_20260612,kafka,sb-events-s3_s2sf12j2_kafka_rep4_20260612,aad1f066-8c65-4501-9be3-dcab671ca4aa,3895107,174,5097784800,5097785200
s3_s2sf12j2_kafka_rep4_20260612,kafka,sb-events-s3_s2sf12j2_kafka_rep4_20260612,6ca7316a-a6e3-4712-a46d-6b62b5fcbe20,3895107,174,5100261100,5100261300
s3_s2sf12j2_kafka_rep4_20260612,kafka,sb-events-s3_s2sf12j2_kafka_rep4_20260612,5b545131-098f-4250-8597-eaadd9de2def,3895113,174,5102160100,5102160400
s3_s2sf12j2_kafka_rep4_20260612,kafka,sb-events-s3_s2sf12j2_kafka_rep4_20260612,6938e47e-7ab0-40be-a612-0fe4c4455675,3895060,175,5104474600,5104475000
s3_s2sf12j2_kafka_rep4_20260612,kafka,sb-events-s3_s2sf12j2_kafka_rep4_20260612,ea1dc8a1-49ca-4f7e-abb5-531b27311736,3895060,175,5106693000,5106693300
s3_s2sf12j2_kafka_rep4_20260612,kafka,sb-events-s3_s2sf12j2_kafka_rep4_20260612,8f0fb135-64ca-4757-bca3-ba1087b603b4,3895121,175,5108687400,5108687700
s3_s2sf12j2_kafka_rep4_20260612,kafka,sb-events-s3_s2sf12j2_kafka_rep4_20260612,e5a09532-5dfc-49cd-af7b-898a2bcd2e54,3895121,175,5110707900,5110708100
s3_s2sf12j2_kafka_rep4_20260612,kafka,sb-events-s3_s2sf12j2_kafka_rep4_20260612,1d5f5ff9-6eb3-47d2-ab94-85adf59fd095,3895134,175,5112518300,5112518600
s3_s2sf12j2_kafka_rep4_20260612,kafka,sb-events-s3_s2sf12j2_kafka_rep4_20260612,762f5b17-d49b-4cb0-9c76-be2cccc17fca,3895113,175,5114424900,5114425200
s3_s2sf12j2_kafka_rep4_20260612,kafka,sb-events-s3_s2sf12j2_kafka_rep4_20260612,9c77d678-e3ff-4aec-8c04-be1d37d4e3bc,3895113,175,5115890800,5115891200
s3_s2sf12j2_kafka_rep4_20260612,kafka,sb-events-s3_s2sf12j2_kafka_rep4_20260612,5a0d418d-7511-405c-ba51-15fb7e282758,3895074,176,5117483000,5117483400
s3_s2sf12j2_kafka_rep4_20260612,kafka,sb-events-s3_s2sf12j2_kafka_rep4_20260612,28304a25-17b2-4ae7-9a8e-35e91168ca28,3895060,176,5120178000,5120178300
s3_s2sf12j2_kafka_rep4_20260612,kafka,sb-events-s3_s2sf12j2_kafka_rep4_20260612,c9c0e8eb-83e5-44b4-8c93-9a711bf73577,3895074,176,5121768800,5121769100
s3_s2sf12j2_kafka_rep4_20260612,kafka,sb-events-s3_s2sf12j2_kafka_rep4_20260612,d6bac1a1-39d6-4af3-a612-6c6dbf5fe3d8,3895134,176,5123439300,5123439500
s3_s2sf12j2_kafka_rep4_20260612,kafka,sb-events-s3_s2sf12j2_kafka_rep4_20260612,77a2e27b-c1ec-408b-8c68-cae94dcdc31e,3895134,176,5125389800,5125390400
s3_s2sf12j2_kafka_rep4_20260612,kafka,sb-events-s3_s2sf12j2_kafka_rep4_20260612,e9caa6e5-d4bf-41c0-b800-f8b3c52b5aa0,3895113,176,5127639900,5127640300
s3_s2sf12j2_kafka_rep4_20260612,kafka,sb-events-s3_s2sf12j2_kafka_rep4_20260612,0adba78d-339a-4a8b-8bdc-ceecd0f2f935,3895060,177,5129604100,5129604400
s3_s2sf12j2_kafka_rep4_20260612,kafka,sb-events-s3_s2sf12j2_kafka_rep4_20260612,78e092bd-bb76-4223-adde-2335fd790049,3895074,177,5131603400,5131603900
s3_s2sf12j2_kafka_rep4_20260612,kafka,sb-events-s3_s2sf12j2_kafka_rep4_20260612,223a8b4d-8afa-43f7-bd56-31a2dc851ae6,3895060,177,5133823700,5133903100
s3_s2sf12j2_kafka_rep4_20260612,kafka,sb-events-s3_s2sf12j2_kafka_rep4_20260612,3500b210-b623-4528-be23-af7d1a72b381,3895121,177,5135825600,5135826000
s3_s2sf12j2_kafka_rep4_20260612,kafka,sb-events-s3_s2sf12j2_kafka_rep4_20260612,13db24a6-54a1-4128-b849-34abbfa6a033,3895134,177,5137810400,5137810800
s3_s2sf12j2_kafka_rep4_20260612,kafka,sb-events-s3_s2sf12j2_kafka_rep4_20260612,d4d24445-4bb1-4715-80a1-3c1353151ad2,3895052,177,5140069000,5140069300
s3_s2sf12j2_kafka_rep4_20260612,kafka,sb-events-s3_s2sf12j2_kafka_rep4_20260612,71814c80-6b24-462b-b190-bc0ad39356b2,3895074,178,5142408000,5142408300
s3_s2sf12j2_kafka_rep4_20260612,kafka,sb-events-s3_s2sf12j2_kafka_rep4_20260612,8aec7177-cb70-4a41-92a3-b0e6d8a8bfaa,3895121,178,5144944300,5144944800
s3_s2sf12j2_kafka_rep4_20260612,kafka,sb-events-s3_s2sf12j2_kafka_rep4_20260612,76909fce-321d-4a02-a4d2-e0450722c3e4,3895121,178,5147120600,5147120900
s3_s2sf12j2_kafka_rep4_20260612,kafka,sb-events-s3_s2sf12j2_kafka_rep4_20260612,0922375c-4057-4ee6-b465-7120e7f9c5f9,3895134,178,5149344000,5149344500
s3_s2sf12j2_kafka_rep4_20260612,kafka,sb-events-s3_s2sf12j2_kafka_rep4_20260612,d47dce2c-dd02-4dcf-91b2-8479cbf5b89f,3895134,178,5151262800,5151263400
s3_s2sf12j2_kafka_rep4_20260612,kafka,sb-events-s3_s2sf12j2_kafka_rep4_20260612,5d8be6a9-6302-4807-8a3e-a7bd66fc5a8f,3895134,178,5152787300,5152787600
s3_s2sf12j2_kafka_rep4_20260612,kafka,sb-events-s3_s2sf12j2_kafka_rep4_20260612,2900d6b5-9ef2-4be9-8129-124eb12ff304,3895052,178,5154093200,5154093600
s3_s2sf12j2_kafka_rep4_20260612,kafka,sb-events-s3_s2sf12j2_kafka_rep4_20260612,597b2297-7c29-49fa-916d-9e9f63b33be6,3895052,178,5156124500,5156124800
s3_s2sf12j2_kafka_rep4_20260612,kafka,sb-events-s3_s2sf12j2_kafka_rep4_20260612,2fc5de0a-efa3-4bd7-83a5-5b446e54cac9,3895060,179,5158357200,5158357700
s3_s2sf12j2_kafka_rep4_20260612,kafka,sb-events-s3_s2sf12j2_kafka_rep4_20260612,7535129a-5e29-4a40-a33b-c0deff6f0719,3895074,179,5160792800,5160793300
s3_s2sf12j2_kafka_rep4_20260612,kafka,sb-events-s3_s2sf12j2_kafka_rep4_20260612,9d894c83-4d3f-457c-8167-97b6db92e3f0,3895074,179,5162773400,5162773800
s3_s2sf12j2_kafka_rep4_20260612,kafka,sb-events-s3_s2sf12j2_kafka_rep4_20260612,4bdb169e-8996-4b95-8eb9-258978eec186,3895074,179,5164882100,5164882300
s3_s2sf12j2_kafka_rep4_20260612,kafka,sb-events-s3_s2sf12j2_kafka_rep4_20260612,869585ce-4495-40af-9f58-b803ab392f52,3895121,179,5166821300,5166821600
s3_s2sf12j2_kafka_rep4_20260612,kafka,sb-events-s3_s2sf12j2_kafka_rep4_20260612,485d878b-e9f1-4567-9971-3ea0580cf0d0,3895121,179,5168643800,5168644300
s3_s2sf12j2_kafka_rep4_20260612,kafka,sb-events-s3_s2sf12j2_kafka_rep4_20260612,06899416-75b6-4aa5-993c-e28e20bfb3c4,3895121,179,5170606400,5170606900
s3_s2sf12j2_kafka_rep4_20260612,kafka,sb-events-s3_s2sf12j2_kafka_rep4_20260612,5b15f1f4-1a93-422b-a54a-cc1023063d24,3895134,179,5172770900,5172771300
s3_s2sf12j2_kafka_rep4_20260612,kafka,sb-events-s3_s2sf12j2_kafka_rep4_20260612,56932336-971a-40ac-acc7-cf59075f7016,3895134,179,5174298800,5174299100
s3_s2sf12j2_kafka_rep4_20260612,kafka,sb-events-s3_s2sf12j2_kafka_rep4_20260612,c0b209ae-f457-4674-9ae3-0af7ad9f2d3f,3895134,179,5176020900,5176021200
s3_s2sf12j2_kafka_rep4_20260612,kafka,sb-events-s3_s2sf12j2_kafka_rep4_20260612,ea1bffd4-e71c-4f22-8834-874fab8dfc4f,3895052,179,5177560000,5177560300
s3_s2sf12j2_kafka_rep4_20260612,kafka,sb-events-s3_s2sf12j2_kafka_rep4_20260612,8206a12d-ac0e-44ba-b692-6a94f12012dc,3895113,179,5178886600,5178886900
s3_s2sf12j2_kafka_rep4_20260612,kafka,sb-events-s3_s2sf12j2_kafka_rep4_20260612,3f7135a5-8b43-4509-a678-389cea76fa3b,3895121,180,5180583300,5180583700
s3_s2sf12j2_kafka_rep4_20260612,kafka,sb-events-s3_s2sf12j2_kafka_rep4_20260612,8ec3c9f8-de5c-411b-8cd6-8e24c336229e,3895121,180,5182236200,5182236600
s3_s2sf12j2_kafka_rep4_20260612,kafka,sb-events-s3_s2sf12j2_kafka_rep4_20260612,120cb6f0-3272-4776-bf35-fcf9b9aaad6c,3895134,180,5184130600,5184131100
s3_s2sf12j2_kafka_rep4_20260612,kafka,sb-events-s3_s2sf12j2_kafka_rep4_20260612,042baed2-4954-4e1c-9809-b45f3dac9ed8,3895134,180,5186232900,5186233400
s3_s2sf12j2_kafka_rep4_20260612,kafka,sb-events-s3_s2sf12j2_kafka_rep4_20260612,f998a84a-8533-4e54-850c-88e4a0db962e,3895074,181,5187868600,5187868900
s3_s2sf12j2_kafka_rep4_20260612,kafka,sb-events-s3_s2sf12j2_kafka_rep4_20260612,5362c702-2c5d-4802-b780-2148711f7f60,3895121,181,5189657000,5189657200
s3_s2sf12j2_kafka_rep4_20260612,kafka,sb-events-s3_s2sf12j2_kafka_rep4_20260612,5362c702-2c5d-4802-b780-2148711f7f60__rev2,3895121,181,5191473700,5191474100
s3_s2sf12j2_kafka_rep4_20260612,kafka,sb-events-s3_s2sf12j2_kafka_rep4_20260612,77cc1f9f-374d-44d5-b5af-2c3b1ecfd536,3895121,181,5191520400,5191520700
s3_s2sf12j2_kafka_rep4_20260612,kafka,sb-events-s3_s2sf12j2_kafka_rep4_20260612,a3246662-a95a-484e-87d7-9e80a6503af2,3895134,181,5192855400,5192855700
s3_s2sf12j2_kafka_rep4_20260612,kafka,sb-events-s3_s2sf12j2_kafka_rep4_20260612,3d09929e-e60f-480a-b4f0-43b30e530c8e,3895134,181,5194023600,5194023900
s3_s2sf12j2_kafka_rep4_20260612,kafka,sb-events-s3_s2sf12j2_kafka_rep4_20260612,913157ab-1e10-4a00-8776-05d02d9dccea,3895052,181,5195533900,5195534100
s3_s2sf12j2_kafka_rep4_20260612,kafka,sb-events-s3_s2sf12j2_kafka_rep4_20260612,47f64eb4-9074-48b1-812c-830f5861ce97,3895107,181,5196940700,5196940900
s3_s2sf12j2_kafka_rep4_20260612,kafka,sb-events-s3_s2sf12j2_kafka_rep4_20260612,bbf1e609-60cb-4dcb-bd23-9ac34721002d,3895052,181,5198614700,5198614900
s3_s2sf12j2_kafka_rep4_20260612,kafka,sb-events-s3_s2sf12j2_kafka_rep4_20260612,8699603c-1d5e-452d-ba63-8b580b7f7484,3895134,182,5200812300,5200812600
s3_s2sf12j2_kafka_rep4_20260612,kafka,sb-events-s3_s2sf12j2_kafka_rep4_20260612,033da15f-211c-4323-be47-3c971cb0e9fa,3895134,182,5202380900,5202381200
s3_s2sf12j2_kafka_rep4_20260612,kafka,sb-events-s3_s2sf12j2_kafka_rep4_20260612,a03fb700-b6fc-41b3-8cc3-cc8d0ab25b50,3895052,182,5204302200,5204302500
s3_s2sf12j2_kafka_rep4_20260612,kafka,sb-events-s3_s2sf12j2_kafka_rep4_20260612,de6d4bb5-8abc-4d0d-a036-80274fc3c4f9,3895060,183,5205964200,5205964500
s3_s2sf12j2_kafka_rep4_20260612,kafka,sb-events-s3_s2sf12j2_kafka_rep4_20260612,f66b0a4a-2fea-4f85-86a3-956cc2693f46,3895060,183,5207712800,5207713200
s3_s2sf12j2_kafka_rep4_20260612,kafka,sb-events-s3_s2sf12j2_kafka_rep4_20260612,e69e807d-e72f-4442-b1ea-1e86de28df50,3895074,183,5209474900,5209475200
s3_s2sf12j2_kafka_rep4_20260612,kafka,sb-events-s3_s2sf12j2_kafka_rep4_20260612,cb6fbffa-59d1-43d8-af07-26ed640e156b,3895074,183,5211442200,5211442500
s3_s2sf12j2_kafka_rep4_20260612,kafka,sb-events-s3_s2sf12j2_kafka_rep4_20260612,faf714f7-96d7-4bb0-946c-870eda612625,3895074,183,5213129100,5213129600
s3_s2sf12j2_kafka_rep4_20260612,kafka,sb-events-s3_s2sf12j2_kafka_rep4_20260612,ce15aad7-cb49-40f2-bbae-d11549fc88e6,3895074,183,5214711200,5214711500
s3_s2sf12j2_kafka_rep4_20260612,kafka,sb-events-s3_s2sf12j2_kafka_rep4_20260612,5d1af995-e716-4c97-9756-592811556791,3895134,183,5216350200,5216350500
s3_s2sf12j2_kafka_rep4_20260612,kafka,sb-events-s3_s2sf12j2_kafka_rep4_20260612,37dd2a6a-d230-47b3-9d90-f9e9e7b9a034,3895107,183,5219084800,5219085200
s3_s2sf12j2_kafka_rep4_20260612,kafka,sb-events-s3_s2sf12j2_kafka_rep4_20260612,f9520e9a-fd27-4d3f-87aa-f0181c84be32,3895107,183,5221000100,5221000400
s3_s2sf12j2_kafka_rep4_20260612,kafka,sb-events-s3_s2sf12j2_kafka_rep4_20260612,0e89f84c-3893-44a1-8e90-35ad8cd4e274,3895052,183,5223063800,5223064200
s3_s2sf12j2_kafka_rep4_20260612,kafka,sb-events-s3_s2sf12j2_kafka_rep4_20260612,1dcf02eb-a16c-4fdd-807b-6578767dcde6,3895052,183,5224732800,5224733400
s3_s2sf12j2_kafka_rep4_20260612,kafka,sb-events-s3_s2sf12j2_kafka_rep4_20260612,4bbfa33a-6196-4d90-b3d7-378353d1a5bf,3895052,183,5226507200,5226507500
s3_s2sf12j2_kafka_rep4_20260612,kafka,sb-events-s3_s2sf12j2_kafka_rep4_20260612,fea932e4-e337-47ad-ad83-3818b34221af,3895134,184,5228338800,5228339100
s3_s2sf12j2_kafka_rep4_20260612,kafka,sb-events-s3_s2sf12j2_kafka_rep4_20260612,d5d5314a-1da7-4e7d-a6a5-059c291da52f,3895134,184,5230033900,5230034400
s3_s2sf12j2_kafka_rep4_20260612,kafka,sb-events-s3_s2sf12j2_kafka_rep4_20260612,fb0609bc-47f9-4985-896f-a398902b902f,3895134,184,5231715800,5231716300
s3_s2sf12j2_kafka_rep4_20260612,kafka,sb-events-s3_s2sf12j2_kafka_rep4_20260612,0d6fb29c-0f27-4915-adc6-b147b114a211,3895052,184,5233514700,5233515300
s3_s2sf12j2_kafka_rep4_20260612,kafka,sb-events-s3_s2sf12j2_kafka_rep4_20260612,47df7d7c-b0ee-4556-84b0-cf8d559b3d46,3895052,184,5235277000,5235277300
s3_s2sf12j2_kafka_rep4_20260612,kafka,sb-events-s3_s2sf12j2_kafka_rep4_20260612,34a96107-d3d3-4f1e-b3b0-ab8489dfe611,3895060,185,5237586000,5237586400
s3_s2sf12j2_kafka_rep4_20260612,kafka,sb-events-s3_s2sf12j2_kafka_rep4_20260612,c082b06e-6ae3-427f-9f8f-ba08b12a6a7c,3895074,185,5239474500,5239474800
s3_s2sf12j2_kafka_rep4_20260612,kafka,sb-events-s3_s2sf12j2_kafka_rep4_20260612,62af821c-cd3b-4909-be9f-4807d93603ed,3895074,185,5241152100,5241152400
s3_s2sf12j2_kafka_rep4_20260612,kafka,sb-events-s3_s2sf12j2_kafka_rep4_20260612,c55df33e-9010-4ba0-84f3-e3f8f8d158ae,3895074,185,5242670100,5242670500
s3_s2sf12j2_kafka_rep4_20260612,kafka,sb-events-s3_s2sf12j2_kafka_rep4_20260612,a71a1b4a-7e45-40ea-81ce-964334bd6e3c,3895107,185,5244518100,5244518600
s3_s2sf12j2_kafka_rep4_20260612,kafka,sb-events-s3_s2sf12j2_kafka_rep4_20260612,e39de799-4748-4e0d-a6e0-25f7d7f57162,3895134,185,5245962900,5245963300
s3_s2sf12j2_kafka_rep4_20260612,kafka,sb-events-s3_s2sf12j2_kafka_rep4_20260612,524bc892-d68d-4cf9-b02a-0787fd126e38,3895134,185,5247613900,5247614300
s3_s2sf12j2_kafka_rep4_20260612,kafka,sb-events-s3_s2sf12j2_kafka_rep4_20260612,62aa8f50-6358-4415-9cb0-f8b81c7178a9,3895052,185,5249309400,5249309700
s3_s2sf12j2_kafka_rep4_20260612,kafka,sb-events-s3_s2sf12j2_kafka_rep4_20260612,1899ac70-f6a1-4518-aca7-c464e4ef3b58,3895052,185,5251068000,5251068300
s3_s2sf12j2_kafka_rep4_20260612,kafka,sb-events-s3_s2sf12j2_kafka_rep4_20260612,1d789953-bbff-429f-8065-cc2ce1765444,3895052,185,5253345500,5253345800
s3_s2sf12j2_kafka_rep4_20260612,kafka,sb-events-s3_s2sf12j2_kafka_rep4_20260612,0ac53c63-d58c-46ac-a821-b050a0a98d60,3895060,186,5255262700,5255263000
s3_s2sf12j2_kafka_rep4_20260612,kafka,sb-events-s3_s2sf12j2_kafka_rep4_20260612,9d8f9c0b-27a7-450d-8a63-942f4e7465ce,3895086,186,5256893300,5256893700
s3_s2sf12j2_kafka_rep4_20260612,kafka,sb-events-s3_s2sf12j2_kafka_rep4_20260612,60d44227-9fec-437c-b4e6-19fb293401bb,3895107,186,5258386400,5258386600
s3_s2sf12j2_kafka_rep4_20260612,kafka,sb-events-s3_s2sf12j2_kafka_rep4_20260612,b12611f3-8156-482e-8f7b-043bc58a90e6,3895107,186,5259931700,5259932100
s3_s2sf12j2_kafka_rep4_20260612,kafka,sb-events-s3_s2sf12j2_kafka_rep4_20260612,ecc8b373-48a6-4b0a-94be-0731542bde3c,3895107,186,5261788300,5261788900
s3_s2sf12j2_kafka_rep4_20260612,kafka,sb-events-s3_s2sf12j2_kafka_rep4_20260612,7aadb2ca-9337-41dd-b89f-4968b2a26ee4,3895107,186,5263113700,5263114000
s3_s2sf12j2_kafka_rep4_20260612,kafka,sb-events-s3_s2sf12j2_kafka_rep4_20260612,1ad589a2-1a0e-45b1-81c8-40e910942f57,3895060,187,5265276800,5265277200
s3_s2sf12j2_kafka_rep4_20260612,kafka,sb-events-s3_s2sf12j2_kafka_rep4_20260612,494b9925-7d7f-4a7e-b8f0-4c25a10c56e8,3895086,187,5267036300,5267036600
s3_s2sf12j2_kafka_rep4_20260612,kafka,sb-events-s3_s2sf12j2_kafka_rep4_20260612,3fc328fb-1e2b-4f54-a60c-104f38eed19d,3895086,187,5269530100,5269530700
s3_s2sf12j2_kafka_rep4_20260612,kafka,sb-events-s3_s2sf12j2_kafka_rep4_20260612,49209fa5-8cee-46b0-a499-274fd879e505,3895134,187,5271211800,5271212100
s3_s2sf12j2_kafka_rep4_20260612,kafka,sb-events-s3_s2sf12j2_kafka_rep4_20260612,b2166754-b7ae-486a-b12d-6308ea1e33d7,3895134,187,5272633900,5272634300
s3_s2sf12j2_kafka_rep4_20260612,kafka,sb-events-s3_s2sf12j2_kafka_rep4_20260612,376b42bf-1a33-4044-856a-f88a7340a55c,3895107,187,5273935300,5273935600
s3_s2sf12j2_kafka_rep4_20260612,kafka,sb-events-s3_s2sf12j2_kafka_rep4_20260612,48dfe5a6-7eb8-4602-bc7a-5ca891d73fe7,3895107,187,5275451100,5275451500
s3_s2sf12j2_kafka_rep4_20260612,kafka,sb-events-s3_s2sf12j2_kafka_rep4_20260612,7ee1d890-8ec6-421f-84d2-54a965ff02ed,3895060,188,5277193200,5277193500
s3_s2sf12j2_kafka_rep4_20260612,kafka,sb-events-s3_s2sf12j2_kafka_rep4_20260612,7ee1d890-8ec6-421f-84d2-54a965ff02ed__rev2,3895060,188,5280139200,5280140000
s3_s2sf12j2_kafka_rep4_20260612,kafka,sb-events-s3_s2sf12j2_kafka_rep4_20260612,63153436-ac3b-42f1-bf7e-e1bd83372d4a,3895074,188,5280196800,5280197200
s3_s2sf12j2_kafka_rep4_20260612,kafka,sb-events-s3_s2sf12j2_kafka_rep4_20260612,71f1e5f4-8f73-4835-9190-c44322320aed,3895074,188,5282280700,5282281100
s3_s2sf12j2_kafka_rep4_20260612,kafka,sb-events-s3_s2sf12j2_kafka_rep4_20260612,0706ab72-4122-4fa9-a83a-04e7ab2e07f8,3895074,188,5284432900,5284433400
s3_s2sf12j2_kafka_rep4_20260612,kafka,sb-events-s3_s2sf12j2_kafka_rep4_20260612,a33ab931-78e6-48d1-8378-557e62fb8aa0,3895074,188,5286460600,5286460900
s3_s2sf12j2_kafka_rep4_20260612,kafka,sb-events-s3_s2sf12j2_kafka_rep4_20260612,b63fe24d-4d3f-4c6f-84a5-908663b7bbda,3895074,188,5288748400,5288748700
s3_s2sf12j2_kafka_rep4_20260612,kafka,sb-events-s3_s2sf12j2_kafka_rep4_20260612,bbf7befd-2733-4137-a06d-0d16f548f131,3895074,188,5291215900,5291216500
s3_s2sf12j2_kafka_rep4_20260612,kafka,sb-events-s3_s2sf12j2_kafka_rep4_20260612,52efe327-ee18-4162-81f2-0547bd07ae8d,3895074,188,5293677100,5293677500
s3_s2sf12j2_kafka_rep4_20260612,kafka,sb-events-s3_s2sf12j2_kafka_rep4_20260612,0a955c70-1a49-400d-a820-9802dd203db3,3895134,188,5296272100,5296272500
s3_s2sf12j2_kafka_rep4_20260612,kafka,sb-events-s3_s2sf12j2_kafka_rep4_20260612,fa29dcff-ef57-4c61-83ad-3a7aa8bde055,3895134,188,5298412700,5298413000
s3_s2sf12j2_kafka_rep4_20260612,kafka,sb-events-s3_s2sf12j2_kafka_rep4_20260612,9153370f-3422-43d8-add3-8551c690e687,3895107,188,5300349100,5300349500
s3_s2sf12j2_kafka_rep4_20260612,kafka,sb-events-s3_s2sf12j2_kafka_rep4_20260612,580e89d7-b7d7-4fc1-a667-4ecf187c2534,3895052,188,5302276500,5302276700
s3_s2sf12j2_kafka_rep4_20260612,kafka,sb-events-s3_s2sf12j2_kafka_rep4_20260612,02653ad5-13a2-4bbe-a624-f1b6eebde0b5,3895052,188,5304340800,5304341200
s3_s2sf12j2_kafka_rep4_20260612,kafka,sb-events-s3_s2sf12j2_kafka_rep4_20260612,ddce2c99-b9aa-4b00-a4e2-733e446ea69f,3895052,188,5306541400,5306541700
s3_s2sf12j2_kafka_rep4_20260612,kafka,sb-events-s3_s2sf12j2_kafka_rep4_20260612,420d9b6c-74f3-4e4d-87f9-ed8e63ed247a,3895060,189,5308118000,5308118300
s3_s2sf12j2_kafka_rep4_20260612,kafka,sb-events-s3_s2sf12j2_kafka_rep4_20260612,0cfd5fbc-4767-4a50-91d8-8def2fd4ebc6,3895060,189,5310765600,5310765900
s3_s2sf12j2_kafka_rep4_20260612,kafka,sb-events-s3_s2sf12j2_kafka_rep4_20260612,8e6de0e3-d843-41cd-a76f-99c0f554aa5c,3895074,189,5313504800,5313505100
s3_s2sf12j2_kafka_rep4_20260612,kafka,sb-events-s3_s2sf12j2_kafka_rep4_20260612,0d226589-4fa8-4c69-b65a-3994c87f73f5,3895134,189,5315855300,5315855600
s3_s2sf12j2_kafka_rep4_20260612,kafka,sb-events-s3_s2sf12j2_kafka_rep4_20260612,6fca92a8-e991-4654-9814-abeb7b776cfe,3895107,189,5317415900,5317416300
s3_s2sf12j2_kafka_rep4_20260612,kafka,sb-events-s3_s2sf12j2_kafka_rep4_20260612,9e28ecd7-6d78-4a4f-870a-a816a8637dcf,3895107,189,5319952700,5319952900
s3_s2sf12j2_kafka_rep4_20260612,kafka,sb-events-s3_s2sf12j2_kafka_rep4_20260612,e64c2984-9c76-4d33-b46a-1834767226eb,3895060,190,5322007700,5322008000
s3_s2sf12j2_kafka_rep4_20260612,kafka,sb-events-s3_s2sf12j2_kafka_rep4_20260612,ddf1d26b-7930-4093-ae79-70840b6fbd1f,3895060,190,5324082000,5324082300
s3_s2sf12j2_kafka_rep4_20260612,kafka,sb-events-s3_s2sf12j2_kafka_rep4_20260612,4a46f522-67d3-4549-b152-4c311ebaa333,3895074,190,5326349300,5326349800
s3_s2sf12j2_kafka_rep4_20260612,kafka,sb-events-s3_s2sf12j2_kafka_rep4_20260612,dc2f4494-778f-4de7-91cb-4cb3dbb5af6a,3895121,190,5328419300,5328419600
s3_s2sf12j2_kafka_rep4_20260612,kafka,sb-events-s3_s2sf12j2_kafka_rep4_20260612,23a3e1e8-7679-4bf7-920e-8ad00c6c47c4,3895074,190,5330758800,5330759000
s3_s2sf12j2_kafka_rep4_20260612,kafka,sb-events-s3_s2sf12j2_kafka_rep4_20260612,269cc203-cdca-428b-85c1-c223a4039acb,3895134,190,5332892400,5332892700
s3_s2sf12j2_kafka_rep4_20260612,kafka,sb-events-s3_s2sf12j2_kafka_rep4_20260612,9cfde221-cd4a-47a3-8127-5746d79a42fd,3895134,190,5334959700,5334960100
s3_s2sf12j2_kafka_rep4_20260612,kafka,sb-events-s3_s2sf12j2_kafka_rep4_20260612,2d4f5aa2-50a7-441f-9e21-8af732fbff55,3895052,190,5336888700,5336889000
s3_s2sf12j2_kafka_rep4_20260612,kafka,sb-events-s3_s2sf12j2_kafka_rep4_20260612,d23d9dca-6443-465b-990a-5f727f37fb4d,3895052,190,5338914700,5338915100
s3_s2sf12j2_kafka_rep4_20260612,kafka,sb-events-s3_s2sf12j2_kafka_rep4_20260612,da740118-c2d3-48d1-ba3d-e86632ea06db,3895052,190,5340642500,5340642900
s3_s2sf12j2_kafka_rep4_20260612,kafka,sb-events-s3_s2sf12j2_kafka_rep4_20260612,34d82d40-22e7-4f4d-b3d0-5f9a88860924,3895052,190,5342766200,5342766600
s3_s2sf12j2_kafka_rep4_20260612,kafka,sb-events-s3_s2sf12j2_kafka_rep4_20260612,7654dee9-f339-44ce-af78-1cc206483618,3895113,190,5344905500,5344905900
s3_s2sf12j2_kafka_rep4_20260612,kafka,sb-events-s3_s2sf12j2_kafka_rep4_20260612,8c83658d-4aba-4eba-bb77-5c21d3558273,3895067,191,5346617000,5346617200
s3_s2sf12j2_kafka_rep4_20260612,kafka,sb-events-s3_s2sf12j2_kafka_rep4_20260612,d4ef0347-1d83-466c-ab0b-de30eacd70a4,3895121,191,5348367900,5348368300
s3_s2sf12j2_kafka_rep4_20260612,kafka,sb-events-s3_s2sf12j2_kafka_rep4_20260612,d601a651-0860-4ee7-8858-cbed02a392c0,3895074,191,5350258200,5350258400
s3_s2sf12j2_kafka_rep4_20260612,kafka,sb-events-s3_s2sf12j2_kafka_rep4_20260612,79e47339-3da8-4edc-83eb-c84c56515fe4,3895121,191,5352268000,5352268400
s3_s2sf12j2_kafka_rep4_20260612,kafka,sb-events-s3_s2sf12j2_kafka_rep4_20260612,99e0c535-eb27-4263-bf0d-fd14f94b5f6b,3895086,191,5354419300,5354419500
s3_s2sf12j2_kafka_rep4_20260612,kafka,sb-events-s3_s2sf12j2_kafka_rep4_20260612,bb4b1cf5-00eb-402d-9e5a-9fe9c614eecf,3895086,191,5356035000,5356035500
s3_s2sf12j2_kafka_rep4_20260612,kafka,sb-events-s3_s2sf12j2_kafka_rep4_20260612,1524c3ef-8a3e-4b17-9034-f3a92d574a83,3895086,191,5358474800,5358475200
s3_s2sf12j2_kafka_rep4_20260612,kafka,sb-events-s3_s2sf12j2_kafka_rep4_20260612,67b25810-34b8-4834-9553-fc990e5f8abb,3895086,191,5360754400,5360754600
s3_s2sf12j2_kafka_rep4_20260612,kafka,sb-events-s3_s2sf12j2_kafka_rep4_20260612,888d9d49-1498-40d0-9595-94bbe1717dc6,3895134,191,5362771500,5362771900
s3_s2sf12j2_kafka_rep4_20260612,kafka,sb-events-s3_s2sf12j2_kafka_rep4_20260612,f2d854d8-0c80-4f3a-b513-da2f9d2193c0,3895107,191,5364311400,5364311700
s3_s2sf12j2_kafka_rep4_20260612,kafka,sb-events-s3_s2sf12j2_kafka_rep4_20260612,c084ba35-530f-4dc0-a855-f9084b33bf98,3895107,191,5366133200,5366133600
s3_s2sf12j2_kafka_rep4_20260612,kafka,sb-events-s3_s2sf12j2_kafka_rep4_20260612,780261b4-a187-46bb-8369-6c70391fa578,3895052,191,5367589800,5367590100
s3_s2sf12j2_kafka_rep4_20260612,kafka,sb-events-s3_s2sf12j2_kafka_rep4_20260612,5583139b-aaef-4d91-bbb9-08100da01eed,3895052,191,5369054700,5369055100
s3_s2sf12j2_kafka_rep4_20260612,kafka,sb-events-s3_s2sf12j2_kafka_rep4_20260612,bcd7e29b-31b0-4852-b4d1-9d5e301c7a9f,3895060,192,5370620700,5370621100
s3_s2sf12j2_kafka_rep4_20260612,kafka,sb-events-s3_s2sf12j2_kafka_rep4_20260612,5e1aee62-2ce5-4739-b678-50fee9c7927b,3895060,192,5372814100,5372814400
s3_s2sf12j2_kafka_rep4_20260612,kafka,sb-events-s3_s2sf12j2_kafka_rep4_20260612,ce970621-1477-4475-9701-29338c5ee876,3895060,192,5374824700,5374824900
s3_s2sf12j2_kafka_rep4_20260612,kafka,sb-events-s3_s2sf12j2_kafka_rep4_20260612,09d37e36-6ff0-4354-b5d0-9da7dcab8071,3895060,192,5376671500,5376671900
s3_s2sf12j2_kafka_rep4_20260612,kafka,sb-events-s3_s2sf12j2_kafka_rep4_20260612,9ffa48a6-bcaf-4c18-b6c8-4fecebaed612,3895074,192,5378433800,5378434100
s3_s2sf12j2_kafka_rep4_20260612,kafka,sb-events-s3_s2sf12j2_kafka_rep4_20260612,49c7793b-13b9-4275-8f95-aab1dccab578,3895074,192,5380185000,5380185300
s3_s2sf12j2_kafka_rep4_20260612,kafka,sb-events-s3_s2sf12j2_kafka_rep4_20260612,49c7793b-13b9-4275-8f95-aab1dccab578__rev2,3895074,192,5382295200,5382295400
s3_s2sf12j2_kafka_rep4_20260612,kafka,sb-events-s3_s2sf12j2_kafka_rep4_20260612,5471af11-32d7-4b56-addf-d2628d1f76dd,3895074,192,5382324400,5382324600
s3_s2sf12j2_kafka_rep4_20260612,kafka,sb-events-s3_s2sf12j2_kafka_rep4_20260612,a3b7a28a-d7bb-40e3-b559-86cf9ea21258,3895074,192,5383785500,5383785800
s3_s2sf12j2_kafka_rep4_20260612,kafka,sb-events-s3_s2sf12j2_kafka_rep4_20260612,51fb4729-5504-488f-b8ac-7d9ad058eed1,3895074,193,5385775200,5385775400
s3_s2sf12j2_kafka_rep4_20260612,kafka,sb-events-s3_s2sf12j2_kafka_rep4_20260612,6989a48a-3d41-4a91-836c-f43c0cf375cd,3895086,193,5387477900,5387478300
s3_s2sf12j2_kafka_rep4_20260612,kafka,sb-events-s3_s2sf12j2_kafka_rep4_20260612,d48fe2aa-5806-4d30-be6f-8f4bf216e21d,3895086,193,5389247500,5389247900
s3_s2sf12j2_kafka_rep4_20260612,kafka,sb-events-s3_s2sf12j2_kafka_rep4_20260612,85de58e9-2b57-44f2-bd15-43c8614785e7,3895052,193,5390896900,5390897300
s3_s2sf12j2_kafka_rep4_20260612,kafka,sb-events-s3_s2sf12j2_kafka_rep4_20260612,aadb06a8-0a17-4549-9719-2ceb370973e3,3895052,193,5392543300,5392543600
s3_s2sf12j2_kafka_rep4_20260612,kafka,sb-events-s3_s2sf12j2_kafka_rep4_20260612,bf995fff-e50f-4112-bb7c-3e0f0c6f7d1a,3895060,194,5393905300,5393905500
s3_s2sf12j2_kafka_rep4_20260612,kafka,sb-events-s3_s2sf12j2_kafka_rep4_20260612,fccb18a5-ca11-44d4-88f5-489bb1d9f0d9,3895060,194,5395525600,5395525900
s3_s2sf12j2_kafka_rep4_20260612,kafka,sb-events-s3_s2sf12j2_kafka_rep4_20260612,d4d9296e-0ddd-499c-b857-b6d7d6b86b59,3895060,194,5397342600,5397343000
s3_s2sf12j2_kafka_rep4_20260612,kafka,sb-events-s3_s2sf12j2_kafka_rep4_20260612,34375f53-3e60-42ff-911f-c1ac08b123a0,3895060,194,5399531400,5399531800
s3_s2sf12j2_kafka_rep4_20260612,kafka,sb-events-s3_s2sf12j2_kafka_rep4_20260612,4cdf55ed-0511-4c71-a946-2d976f831af4,3895074,194,5401404100,5401404400
s3_s2sf12j2_kafka_rep4_20260612,kafka,sb-events-s3_s2sf12j2_kafka_rep4_20260612,f3ca3ab8-c52c-433b-89ca-df862dacd4a9,3895074,194,5403645300,5403645600
s3_s2sf12j2_kafka_rep4_20260612,kafka,sb-events-s3_s2sf12j2_kafka_rep4_20260612,c8996301-8ac1-4228-9119-e8f2770ba2a7,3895086,194,5404998900,5404999100
s3_s2sf12j2_kafka_rep4_20260612,kafka,sb-events-s3_s2sf12j2_kafka_rep4_20260612,6c046b96-5365-47af-8c54-5b65043428ba,3895134,194,5406819400,5406819600
s3_s2sf12j2_kafka_rep4_20260612,kafka,sb-events-s3_s2sf12j2_kafka_rep4_20260612,e1bb5abd-6fb8-450f-a34c-87cda38464f4,3895134,194,5408523500,5408523700
s3_s2sf12j2_kafka_rep4_20260612,kafka,sb-events-s3_s2sf12j2_kafka_rep4_20260612,4eb4d402-5669-4cdb-81db-1271d5448f1b,3895121,195,5410145100,5410145300
s3_s2sf12j2_kafka_rep4_20260612,kafka,sb-events-s3_s2sf12j2_kafka_rep4_20260612,68363c21-b66c-4d7e-929f-08e887bd47f7,3895086,195,5412210100,5412210400
s3_s2sf12j2_kafka_rep4_20260612,kafka,sb-events-s3_s2sf12j2_kafka_rep4_20260612,256471d2-953b-47a0-a298-8249ef937d29,3895107,195,5414360000,5414360300
s3_s2sf12j2_kafka_rep4_20260612,kafka,sb-events-s3_s2sf12j2_kafka_rep4_20260612,52c222f2-f353-4607-a328-9be49e3d9965,3895134,195,5416348800,5416349100
s3_s2sf12j2_kafka_rep4_20260612,kafka,sb-events-s3_s2sf12j2_kafka_rep4_20260612,e50641a4-5a4d-4f8f-a211-f51cc720fc0f,3895060,196,5418298400,5418298700
s3_s2sf12j2_kafka_rep4_20260612,kafka,sb-events-s3_s2sf12j2_kafka_rep4_20260612,38928839-e8dd-4582-92f7-2522f531fe61,3895121,196,5420287200,5420287700
s3_s2sf12j2_kafka_rep4_20260612,kafka,sb-events-s3_s2sf12j2_kafka_rep4_20260612,a00e2921-98ee-4756-a5b2-79066976df67,3895121,196,5421774100,5421774400
s3_s2sf12j2_kafka_rep4_20260612,kafka,sb-events-s3_s2sf12j2_kafka_rep4_20260612,d42811d8-2083-42e6-87e5-64cedfcec80d,3895074,196,5424243200,5424243500
s3_s2sf12j2_kafka_rep4_20260612,kafka,sb-events-s3_s2sf12j2_kafka_rep4_20260612,49492208-3361-4ecd-af09-afade83b8dec,3895086,196,5426231300,5426231600
s3_s2sf12j2_kafka_rep4_20260612,kafka,sb-events-s3_s2sf12j2_kafka_rep4_20260612,971ee027-fe01-459a-9207-08bd6c8f8d67,3895086,196,5428608900,5428609400
s3_s2sf12j2_kafka_rep4_20260612,kafka,sb-events-s3_s2sf12j2_kafka_rep4_20260612,446af2b6-1103-4b51-8dd1-03eda19f2798,3895086,196,5430303800,5430304100
s3_s2sf12j2_kafka_rep4_20260612,kafka,sb-events-s3_s2sf12j2_kafka_rep4_20260612,a5b88451-ad44-4809-a52a-f2cce2822d77,3895052,196,5432720600,5432720900
s3_s2sf12j2_kafka_rep4_20260612,kafka,sb-events-s3_s2sf12j2_kafka_rep4_20260612,172e96be-11a1-4478-95ec-4f9abf5f4c61,3895060,197,5434704800,5434705300
s3_s2sf12j2_kafka_rep4_20260612,kafka,sb-events-s3_s2sf12j2_kafka_rep4_20260612,b01466de-7c33-4b21-a1db-536a15898d01,3895121,197,5436727600,5436728000
s3_s2sf12j2_kafka_rep4_20260612,kafka,sb-events-s3_s2sf12j2_kafka_rep4_20260612,af0da08d-c153-492c-91c2-988ff74e077b,3895121,197,5438738200,5438738400
s3_s2sf12j2_kafka_rep4_20260612,kafka,sb-events-s3_s2sf12j2_kafka_rep4_20260612,f3700bf4-0863-4684-a153-3c50060f39d0,3895121,197,5440762100,5440762500
s3_s2sf12j2_kafka_rep4_20260612,kafka,sb-events-s3_s2sf12j2_kafka_rep4_20260612,4826bc28-41b5-447a-a457-f0c3657a219f,3895074,197,5442711700,5442712300
s3_s2sf12j2_kafka_rep4_20260612,kafka,sb-events-s3_s2sf12j2_kafka_rep4_20260612,1b097b83-1c3a-46c9-9a82-dfc9f5fbed5b,3895074,197,5444450100,5444450400
s3_s2sf12j2_kafka_rep4_20260612,kafka,sb-events-s3_s2sf12j2_kafka_rep4_20260612,72dc6540-3467-4dc2-94a8-99f15d0c178b,3895086,197,5446136000,5446136300
s3_s2sf12j2_kafka_rep4_20260612,kafka,sb-events-s3_s2sf12j2_kafka_rep4_20260612,a2683d74-48e8-46ab-b383-89bf9410c32f,3895086,197,5447806500,5447807000
s3_s2sf12j2_kafka_rep4_20260612,kafka,sb-events-s3_s2sf12j2_kafka_rep4_20260612,96e66b7e-9560-4618-b22d-38dcf3ccd1e0,3895086,197,5449082700,5449083100
s3_s2sf12j2_kafka_rep4_20260612,kafka,sb-events-s3_s2sf12j2_kafka_rep4_20260612,0bd96b1d-bdc8-40ef-917c-b2dfbb9d19c9,3895086,197,5450711700,5450712000
s3_s2sf12j2_kafka_rep4_20260612,kafka,sb-events-s3_s2sf12j2_kafka_rep4_20260612,17bd02c0-9fbf-456d-8dad-1cc75beac511,3895134,197,5452443500,5452443800
s3_s2sf12j2_kafka_rep4_20260612,kafka,sb-events-s3_s2sf12j2_kafka_rep4_20260612,1a6ddb98-6cc1-4354-a590-7b65654b9892,3895134,197,5454206900,5454207100
s3_s2sf12j2_kafka_rep4_20260612,kafka,sb-events-s3_s2sf12j2_kafka_rep4_20260612,8d22c242-bb5f-40d5-ab0c-bcee0e7859cf,3895134,197,5455839000,5455839500
s3_s2sf12j2_kafka_rep4_20260612,kafka,sb-events-s3_s2sf12j2_kafka_rep4_20260612,792dbee9-5755-449b-9dd8-fdfab7f99ccd,3895052,197,5457558600,5457558900
s3_s2sf12j2_kafka_rep4_20260612,kafka,sb-events-s3_s2sf12j2_kafka_rep4_20260612,16625b7e-c911-4dbb-bd7b-b772e039684e,3895052,197,5459881600,5459881800
s3_s2sf12j2_kafka_rep4_20260612,kafka,sb-events-s3_s2sf12j2_kafka_rep4_20260612,96a7e922-31fd-4041-ab6b-5d8d9eda6545,3895121,198,5461866200,5461866500
s3_s2sf12j2_kafka_rep4_20260612,kafka,sb-events-s3_s2sf12j2_kafka_rep4_20260612,9abb84e4-f563-49c8-bbe5-00ede9f39eea,3895074,198,5463347300,5463347700
s3_s2sf12j2_kafka_rep4_20260612,kafka,sb-events-s3_s2sf12j2_kafka_rep4_20260612,c7126d77-ac10-4829-ab34-042f805ccd56,3895107,198,5465230000,5465230600
s3_s2sf12j2_kafka_rep4_20260612,kafka,sb-events-s3_s2sf12j2_kafka_rep4_20260612,2e180f15-448d-4991-b8ce-ed0fdce47a1d,3895107,198,5467654100,5467654500
s3_s2sf12j2_kafka_rep4_20260612,kafka,sb-events-s3_s2sf12j2_kafka_rep4_20260612,bbd5b60b-0ff4-4622-b031-65089b77991b,3895134,198,5470136500,5470136800
s3_s2sf12j2_kafka_rep4_20260612,kafka,sb-events-s3_s2sf12j2_kafka_rep4_20260612,d6028f98-7860-4ce1-9f61-c875e72ca303,3895134,198,5472235600,5472235900
s3_s2sf12j2_kafka_rep4_20260612,kafka,sb-events-s3_s2sf12j2_kafka_rep4_20260612,5cd65a29-d258-4f09-bd90-7c6c953a3d99,3895060,199,5474093400,5474093700
s3_s2sf12j2_kafka_rep4_20260612,kafka,sb-events-s3_s2sf12j2_kafka_rep4_20260612,3fdf134f-f466-42ce-8bf3-2f525310bce2,3895060,199,5476760300,5476760800
s3_s2sf12j2_kafka_rep4_20260612,kafka,sb-events-s3_s2sf12j2_kafka_rep4_20260612,5cd65a29-d258-4f09-bd90-7c6c953a3d99__rev2,3895060,199,5476848500,5476848700
s3_s2sf12j2_kafka_rep4_20260612,kafka,sb-events-s3_s2sf12j2_kafka_rep4_20260612,0a83c4de-06fa-4a56-a2b3-82575cffd17b,3895121,199,5478581700,5478582000
s3_s2sf12j2_kafka_rep4_20260612,kafka,sb-events-s3_s2sf12j2_kafka_rep4_20260612,76a5e150-9453-45e0-bd0b-02d9529f074b,3895121,199,5480494300,5480494600
s3_s2sf12j2_kafka_rep4_20260612,kafka,sb-events-s3_s2sf12j2_kafka_rep4_20260612,7a16efb7-ba64-439a-b8d1-4b33341fe52b,3895121,199,5482330300,5482330500
s3_s2sf12j2_kafka_rep4_20260612,kafka,sb-events-s3_s2sf12j2_kafka_rep4_20260612,f588ffb8-c6ab-401c-afde-4b0c1a4ad974,3895074,199,5483975900,5483976100
s3_s2sf12j2_kafka_rep4_20260612,kafka,sb-events-s3_s2sf12j2_kafka_rep4_20260612,f5b1ab45-5ef6-4a25-b908-531c40ecfb17,3895074,199,5485842700,5485843000
s3_s2sf12j2_kafka_rep4_20260612,kafka,sb-events-s3_s2sf12j2_kafka_rep4_20260612,77971109-d4df-44fc-8c58-778b5f7e405e,3895074,199,5487416700,5487416900
s3_s2sf12j2_kafka_rep4_20260612,kafka,sb-events-s3_s2sf12j2_kafka_rep4_20260612,e53e034d-e4e3-4396-af9c-3789aed49e4c,3895086,199,5489614800,5489615100
s3_s2sf12j2_kafka_rep4_20260612,kafka,sb-events-s3_s2sf12j2_kafka_rep4_20260612,a648a836-f23e-407e-908c-2d74c08c5d8b,3895086,199,5491241600,5491242000
s3_s2sf12j2_kafka_rep4_20260612,kafka,sb-events-s3_s2sf12j2_kafka_rep4_20260612,e6548093-2ec3-4b32-ad9e-c13164f9eb7e,3895086,199,5493590400,5493590700
s3_s2sf12j2_kafka_rep4_20260612,kafka,sb-events-s3_s2sf12j2_kafka_rep4_20260612,c9fbb482-a1bd-4a60-99d8-4dc04495c41a,3895086,199,5495672200,5495672500
s3_s2sf12j2_kafka_rep4_20260612,kafka,sb-events-s3_s2sf12j2_kafka_rep4_20260612,44adc433-a604-4dfa-ac83-95eaa45264d3,3895086,199,5497874300,5497874800
s3_s2sf12j2_kafka_rep4_20260612,kafka,sb-events-s3_s2sf12j2_kafka_rep4_20260612,ccfcc2a4-b123-4e6f-bb1e-4204f93b1b24,3895060,200,5499818800,5499819100
s3_s2sf12j2_kafka_rep4_20260612,kafka,sb-events-s3_s2sf12j2_kafka_rep4_20260612,23f4c933-a179-42cf-980f-74eff232c2f1,3895060,200,5501965700,5501966100
s3_s2sf12j2_kafka_rep4_20260612,kafka,sb-events-s3_s2sf12j2_kafka_rep4_20260612,daf13775-c709-498f-a1b5-f6b9e146db6b,3895060,200,5504430400,5504430800
s3_s2sf12j2_kafka_rep4_20260612,kafka,sb-events-s3_s2sf12j2_kafka_rep4_20260612,7da92d0e-971c-43dd-a7f3-2511b29bd57f,3895121,200,5507274000,5507274200
s3_s2sf12j2_kafka_rep4_20260612,kafka,sb-events-s3_s2sf12j2_kafka_rep4_20260612,3adbde33-f5f6-4f4b-8ab0-7aa75bb49341,3895107,200,5509270700,5509270900
s3_s2sf12j2_kafka_rep4_20260612,kafka,sb-events-s3_s2sf12j2_kafka_rep4_20260612,f2328187-8156-42f2-97a7-2ee0ffb6a3b9,3895107,200,5510985900,5510986100
s3_s2sf12j2_kafka_rep4_20260612,kafka,sb-events-s3_s2sf12j2_kafka_rep4_20260612,bad0945f-7f75-4d9a-9ecc-997bda22be9c,3895086,200,5513186400,5513186800
s3_s2sf12j2_kafka_rep4_20260612,kafka,sb-events-s3_s2sf12j2_kafka_rep4_20260612,06e900b7-542e-477d-8696-c42d71038ca4,3895107,200,5515070400,5515070600
s3_s2sf12j2_kafka_rep4_20260612,kafka,sb-events-s3_s2sf12j2_kafka_rep4_20260612,2fd34664-260c-48de-9436-1a04d57e369d,3895134,200,5517319600,5517320100
s3_s2sf12j2_kafka_rep4_20260612,kafka,sb-events-s3_s2sf12j2_kafka_rep4_20260612,a063c968-204d-444d-ba8e-b8defaed5422,3895052,200,5519319600,5519319900
s3_s2sf12j2_kafka_rep4_20260612,kafka,sb-events-s3_s2sf12j2_kafka_rep4_20260612,1e6bcd21-4a17-4a02-8027-ef9f77b3cd2d,3895121,201,5521204500,5521204800
s3_s2sf12j2_kafka_rep4_20260612,kafka,sb-events-s3_s2sf12j2_kafka_rep4_20260612,62ea6343-6d67-40a5-bc8a-5a677b785307,3895074,201,5522695300,5522695600
s3_s2sf12j2_kafka_rep4_20260612,kafka,sb-events-s3_s2sf12j2_kafka_rep4_20260612,ee5e48bc-8faf-4832-b825-5991970ce338,3895074,201,5524305100,5524305300
s3_s2sf12j2_kafka_rep4_20260612,kafka,sb-events-s3_s2sf12j2_kafka_rep4_20260612,a91e8210-91ec-44f0-98f4-9e05c3a0fe3d,3895074,201,5526098100,5526098300
s3_s2sf12j2_kafka_rep4_20260612,kafka,sb-events-s3_s2sf12j2_kafka_rep4_20260612,0239eda8-4ff5-4d7a-bcda-1cf186225f81,3895074,201,5528071200,5528071600
s3_s2sf12j2_kafka_rep4_20260612,kafka,sb-events-s3_s2sf12j2_kafka_rep4_20260612,0995d99a-e32a-425d-8268-3a85ae939a7a,3895086,201,5530117800,5530118100
s3_s2sf12j2_kafka_rep4_20260612,kafka,sb-events-s3_s2sf12j2_kafka_rep4_20260612,e9e37024-1acc-4745-9fec-1a15723ba7a9,3895107,201,5532099500,5532099900
s3_s2sf12j2_kafka_rep4_20260612,kafka,sb-events-s3_s2sf12j2_kafka_rep4_20260612,f4da8ee3-57ce-431e-adab-2750f84a0ac2,3895086,201,5534268800,5534269000
s3_s2sf12j2_kafka_rep4_20260612,kafka,sb-events-s3_s2sf12j2_kafka_rep4_20260612,239ffa71-f8ac-430e-8b57-e1a2b538fdca,3895086,201,5536558700,5536559000
s3_s2sf12j2_kafka_rep4_20260612,kafka,sb-events-s3_s2sf12j2_kafka_rep4_20260612,6737edef-f7b9-4344-a16c-41753531e22c,3895086,201,5538404500,5538404900
s3_s2sf12j2_kafka_rep4_20260612,kafka,sb-events-s3_s2sf12j2_kafka_rep4_20260612,ba29c511-5821-4bd5-9891-5b1eeabd18d0,3895052,201,5539836800,5539837100
s3_s2sf12j2_kafka_rep4_20260612,kafka,sb-events-s3_s2sf12j2_kafka_rep4_20260612,f06ec916-de24-4b51-9778-0f0264c35cca,3895052,201,5542076600,5542077000
s3_s2sf12j2_kafka_rep4_20260612,kafka,sb-events-s3_s2sf12j2_kafka_rep4_20260612,fa6fea07-6678-424c-ad05-f279a528bd28,3895060,202,5544303400,5544303900
s3_s2sf12j2_kafka_rep4_20260612,kafka,sb-events-s3_s2sf12j2_kafka_rep4_20260612,ed6a802e-8bd2-43f0-bd58-f3bb52d354f7,3895060,202,5546642100,5546642300
s3_s2sf12j2_kafka_rep4_20260612,kafka,sb-events-s3_s2sf12j2_kafka_rep4_20260612,30056cad-6fc9-480e-9270-daebd609d4a8,3895060,202,5548462300,5548462600
s3_s2sf12j2_kafka_rep4_20260612,kafka,sb-events-s3_s2sf12j2_kafka_rep4_20260612,9ffe785f-f42b-456b-aef5-a1bc558439dc,3895121,202,5550259400,5550259800
s3_s2sf12j2_kafka_rep4_20260612,kafka,sb-events-s3_s2sf12j2_kafka_rep4_20260612,922394ef-ca71-4347-b37a-b990f0c16a4d,3895121,202,5552066700,5552067200
s3_s2sf12j2_kafka_rep4_20260612,kafka,sb-events-s3_s2sf12j2_kafka_rep4_20260612,130afcba-4b16-4de4-a0d4-ec8ebb6487c6,3895107,202,5553623000,5553623400
s3_s2sf12j2_kafka_rep4_20260612,kafka,sb-events-s3_s2sf12j2_kafka_rep4_20260612,5b85a3a5-887a-40b3-85b4-bea0b41e5148,3895134,202,5555570900,5555571200
s3_s2sf12j2_kafka_rep4_20260612,kafka,sb-events-s3_s2sf12j2_kafka_rep4_20260612,20998e8c-81f3-41ca-b066-dfe4b384009c,3895107,202,5558170600,5558171000
s3_s2sf12j2_kafka_rep4_20260612,kafka,sb-events-s3_s2sf12j2_kafka_rep4_20260612,8b72d96d-ed9a-4019-a678-f7fa7ec57707,3895134,202,5560387800,5560388000
s3_s2sf12j2_kafka_rep4_20260612,kafka,sb-events-s3_s2sf12j2_kafka_rep4_20260612,5a280f38-320a-4d59-ba8a-cb4ed45fc8ec,3895067,203,5562312200,5562312500
s3_s2sf12j2_kafka_rep4_20260612,kafka,sb-events-s3_s2sf12j2_kafka_rep4_20260612,8414b06d-1085-489c-9e8a-bb5990ee652e,3895060,203,5564203000,5564203300
s3_s2sf12j2_kafka_rep4_20260612,kafka,sb-events-s3_s2sf12j2_kafka_rep4_20260612,cc2d56f3-55b0-498b-89c6-488bb332eb26,3895107,203,5566189600,5566190200
s3_s2sf12j2_kafka_rep4_20260612,kafka,sb-events-s3_s2sf12j2_kafka_rep4_20260612,c0d373dd-6241-4116-b046-4a379fa4065b,3895134,203,5567801700,5567802000
s3_s2sf12j2_kafka_rep4_20260612,kafka,sb-events-s3_s2sf12j2_kafka_rep4_20260612,8e2f0d5f-76bc-4074-9c9c-6db01ed09340,3895067,204,5569387600,5569387800
s3_s2sf12j2_kafka_rep4_20260612,kafka,sb-events-s3_s2sf12j2_kafka_rep4_20260612,d97f0ae0-eb7e-4fcd-9920-59ce25e17182,3895067,204,5571265800,5571266300
s3_s2sf12j2_kafka_rep4_20260612,kafka,sb-events-s3_s2sf12j2_kafka_rep4_20260612,704a7634-3317-4d13-946a-2c30d8b4e2db,3895067,204,5573206200,5573206600
s3_s2sf12j2_kafka_rep4_20260612,kafka,sb-events-s3_s2sf12j2_kafka_rep4_20260612,38a4ff68-015b-423e-a8f5-6ff82897e961,3895060,204,5576561400,5576561800
s3_s2sf12j2_kafka_rep4_20260612,kafka,sb-events-s3_s2sf12j2_kafka_rep4_20260612,704a7634-3317-4d13-946a-2c30d8b4e2db__rev2,3895067,204,5576600800,5576601000
s3_s2sf12j2_kafka_rep4_20260612,kafka,sb-events-s3_s2sf12j2_kafka_rep4_20260612,104a2a5f-f42f-45e3-a0be-0b607ce6ef8d,3895060,204,5578865300,5578865600
s3_s2sf12j2_kafka_rep4_20260612,kafka,sb-events-s3_s2sf12j2_kafka_rep4_20260612,0a87405c-ee48-434a-9258-ff48a830c91b,3895060,204,5581098700,5581099000
s3_s2sf12j2_kafka_rep4_20260612,kafka,sb-events-s3_s2sf12j2_kafka_rep4_20260612,795c31a8-defb-40c2-b50c-8c64e3ace87a,3895121,204,5583853400,5583853600
s3_s2sf12j2_kafka_rep4_20260612,kafka,sb-events-s3_s2sf12j2_kafka_rep4_20260612,7b2b97e5-514f-4ee7-852f-e97c2bf0ab46,3895121,204,5586187400,5586187700
s3_s2sf12j2_kafka_rep4_20260612,kafka,sb-events-s3_s2sf12j2_kafka_rep4_20260612,fddd59c2-b0a0-4602-8c9f-b01f08a4df91,3895121,204,5588092600,5588093100
s3_s2sf12j2_kafka_rep4_20260612,kafka,sb-events-s3_s2sf12j2_kafka_rep4_20260612,faa7b2e9-52ce-4f10-9f35-89d48cfcdbff,3895107,204,5589957900,5589958300
s3_s2sf12j2_kafka_rep4_20260612,kafka,sb-events-s3_s2sf12j2_kafka_rep4_20260612,18b078eb-e5e4-4ac5-9a56-e5ae180c4cde,3895107,204,5591706900,5591707200
s3_s2sf12j2_kafka_rep4_20260612,kafka,sb-events-s3_s2sf12j2_kafka_rep4_20260612,e4a00a28-311e-44fc-b9e7-a030e7f36a37,3895074,205,5593576700,5593577100
s3_s2sf12j2_kafka_rep4_20260612,kafka,sb-events-s3_s2sf12j2_kafka_rep4_20260612,f586872d-11e2-4192-8560-ca5b871d9a0d,3895086,205,5595023700,5595024000
s3_s2sf12j2_kafka_rep4_20260612,kafka,sb-events-s3_s2sf12j2_kafka_rep4_20260612,cf6f5f44-46a4-43e7-89f0-3e0871418c79,3895134,205,5596779600,5596779900
s3_s2sf12j2_kafka_rep4_20260612,kafka,sb-events-s3_s2sf12j2_kafka_rep4_20260612,6c17d90b-75bc-4b72-8b30-16eb020400c5,3895086,205,5598524700,5598525100
s3_s2sf12j2_kafka_rep4_20260612,kafka,sb-events-s3_s2sf12j2_kafka_rep4_20260612,b2990b07-2c4a-499c-ad6b-d3f86fcbf923,3895134,205,5600489000,5600489400
s3_s2sf12j2_kafka_rep4_20260612,kafka,sb-events-s3_s2sf12j2_kafka_rep4_20260612,854c2dd7-f927-4e0c-97db-cf2836aef39b,3895086,205,5602426800,5602427300
s3_s2sf12j2_kafka_rep4_20260612,kafka,sb-events-s3_s2sf12j2_kafka_rep4_20260612,469750b6-7b77-448a-a6eb-0c08c4120fb2,3895107,205,5604049200,5604049700
s3_s2sf12j2_kafka_rep4_20260612,kafka,sb-events-s3_s2sf12j2_kafka_rep4_20260612,fca572a5-4cbf-4682-b722-f491b76bbe7a,3895067,206,5606344100,5606344500
s3_s2sf12j2_kafka_rep4_20260612,kafka,sb-events-s3_s2sf12j2_kafka_rep4_20260612,730f71ea-4842-43ed-93d4-c4e8bd167f84,3895107,206,5607640900,5607641100
s3_s2sf12j2_kafka_rep4_20260612,kafka,sb-events-s3_s2sf12j2_kafka_rep4_20260612,fdfdbc2b-100b-4a25-8e40-f841713eaa5c,3895107,206,5609151800,5609152200
s3_s2sf12j2_kafka_rep4_20260612,kafka,sb-events-s3_s2sf12j2_kafka_rep4_20260612,d032e8c5-0027-4255-9ebc-8a92fe3b1428,3895107,206,5611441000,5611441500
s3_s2sf12j2_kafka_rep4_20260612,kafka,sb-events-s3_s2sf12j2_kafka_rep4_20260612,006c33a6-6491-4858-96d7-48ef5b8c5f9a,3895107,206,5613421400,5613421700
s3_s2sf12j2_kafka_rep4_20260612,kafka,sb-events-s3_s2sf12j2_kafka_rep4_20260612,5a93556c-aeea-4cf1-a648-348fcba497cc,3895074,207,5615053600,5615054000
s3_s2sf12j2_kafka_rep4_20260612,kafka,sb-events-s3_s2sf12j2_kafka_rep4_20260612,3507a2bb-88cf-4224-a566-3ccd25feb313,3895074,207,5617222100,5617222500
s3_s2sf12j2_kafka_rep4_20260612,kafka,sb-events-s3_s2sf12j2_kafka_rep4_20260612,f8bcfd72-54ce-48f9-b066-488fb1cff269,3895113,207,5619014700,5619015000
s3_s2sf12j2_kafka_rep4_20260612,kafka,sb-events-s3_s2sf12j2_kafka_rep4_20260612,0bb9b15a-2163-4b58-a1aa-b32213d88edf,3895113,207,5620665100,5620665400
s3_s2sf12j2_kafka_rep4_20260612,kafka,sb-events-s3_s2sf12j2_kafka_rep4_20260612,6a46486a-caf4-4944-9898-6c401f82df2a,3895107,207,5622268700,5622269000
s3_s2sf12j2_kafka_rep4_20260612,kafka,sb-events-s3_s2sf12j2_kafka_rep4_20260612,a869407d-c350-49ee-a923-7fc80a69164b,3895107,207,5623887700,5623888000
s3_s2sf12j2_kafka_rep4_20260612,kafka,sb-events-s3_s2sf12j2_kafka_rep4_20260612,f5cb25b6-6bac-4cf2-a23e-bf00aa9fe0a2,3895060,208,5626091700,5626091900
s3_s2sf12j2_kafka_rep4_20260612,kafka,sb-events-s3_s2sf12j2_kafka_rep4_20260612,555457d4-fdf7-4d31-ba9f-163ef1fa44cf,3895060,208,5627780500,5627780800
s3_s2sf12j2_kafka_rep4_20260612,kafka,sb-events-s3_s2sf12j2_kafka_rep4_20260612,606cbe57-a568-4e08-aa74-b89bd94f0b0d,3895074,208,5629516000,5629516400
s3_s2sf12j2_kafka_rep4_20260612,kafka,sb-events-s3_s2sf12j2_kafka_rep4_20260612,19fc26e3-e2cd-4b33-8685-6855e3cba0d0,3895113,208,5630951000,5630951400
s3_s2sf12j2_kafka_rep4_20260612,kafka,sb-events-s3_s2sf12j2_kafka_rep4_20260612,26c4a926-4865-4d01-8e8b-bac1887ad37c,3895113,208,5632403300,5632403700
s3_s2sf12j2_kafka_rep4_20260612,kafka,sb-events-s3_s2sf12j2_kafka_rep4_20260612,04599be4-bb7c-4eaf-a3ff-bf64dd1387e3,3895113,208,5634253400,5634253900
s3_s2sf12j2_kafka_rep4_20260612,kafka,sb-events-s3_s2sf12j2_kafka_rep4_20260612,9719df55-b7b8-4c59-8bff-7836593b60db,3895052,208,5635937800,5635938200
s3_s2sf12j2_kafka_rep4_20260612,kafka,sb-events-s3_s2sf12j2_kafka_rep4_20260612,b7290de5-2a10-4d8a-a1a8-0e2b15375389,3895086,208,5637338500,5637338900
s3_s2sf12j2_kafka_rep4_20260612,kafka,sb-events-s3_s2sf12j2_kafka_rep4_20260612,4258a04b-4181-4823-b873-53c15c996900,3895086,208,5638916000,5638916300
s3_s2sf12j2_kafka_rep4_20260612,kafka,sb-events-s3_s2sf12j2_kafka_rep4_20260612,4d1d6542-05df-4c99-9ee1-4fc448d04be3,3895086,208,5641128900,5641129300
s3_s2sf12j2_kafka_rep4_20260612,kafka,sb-events-s3_s2sf12j2_kafka_rep4_20260612,d64c9e2b-97e5-44a9-8b6c-f04d5a513555,3895074,209,5642997500,5642998000
s3_s2sf12j2_kafka_rep4_20260612,kafka,sb-events-s3_s2sf12j2_kafka_rep4_20260612,93fa55a4-e47d-46f3-ad8a-56d96f4f49e9,3895074,209,5644791400,5644791800
s3_s2sf12j2_kafka_rep4_20260612,kafka,sb-events-s3_s2sf12j2_kafka_rep4_20260612,4be842db-8609-483d-b4f7-44b716327f31,3895074,209,5646282100,5646282400
s3_s2sf12j2_kafka_rep4_20260612,kafka,sb-events-s3_s2sf12j2_kafka_rep4_20260612,13720ec3-e32a-441f-b0df-ff023e7b6d7a,3895113,209,5647783300,5647783700
s3_s2sf12j2_kafka_rep4_20260612,kafka,sb-events-s3_s2sf12j2_kafka_rep4_20260612,19a92bc2-a7fb-4ca4-989f-c23629388f2f,3895113,209,5649584200,5649584400
s3_s2sf12j2_kafka_rep4_20260612,kafka,sb-events-s3_s2sf12j2_kafka_rep4_20260612,b935b96c-0415-4c16-89fd-78aa77b5a5c3,3895113,209,5651368900,5651369300
s3_s2sf12j2_kafka_rep4_20260612,kafka,sb-events-s3_s2sf12j2_kafka_rep4_20260612,cdda1d46-0250-4c23-8f29-ce4dab162b4f,3895134,209,5653514600,5653514900
s3_s2sf12j2_kafka_rep4_20260612,kafka,sb-events-s3_s2sf12j2_kafka_rep4_20260612,570d413f-e9ef-4233-be62-293f256249c7,3895052,209,5654978100,5654978500
s3_s2sf12j2_kafka_rep4_20260612,kafka,sb-events-s3_s2sf12j2_kafka_rep4_20260612,5b787a90-5908-442c-948c-798530d53b46,3895052,209,5656673600,5656673900
s3_s2sf12j2_kafka_rep4_20260612,kafka,sb-events-s3_s2sf12j2_kafka_rep4_20260612,4bb1ab04-da7c-4321-9d6a-95c972ef344b,3895086,209,5658212700,5658213200
s3_s2sf12j2_kafka_rep4_20260612,kafka,sb-events-s3_s2sf12j2_kafka_rep4_20260612,97ef2d61-cf0c-471f-8a42-5bfe3262fef9,3895086,209,5659990500,5659990900
s3_s2sf12j2_kafka_rep4_20260612,kafka,sb-events-s3_s2sf12j2_kafka_rep4_20260612,9267cb15-62bc-4b7f-a3c3-c6b40cc52a6a,3895113,210,5661265600,5661266000
s3_s2sf12j2_kafka_rep4_20260612,kafka,sb-events-s3_s2sf12j2_kafka_rep4_20260612,239820ad-e7f1-40cb-a928-1cfe1679be04,3895134,210,5662660800,5662661200
s3_s2sf12j2_kafka_rep4_20260612,kafka,sb-events-s3_s2sf12j2_kafka_rep4_20260612,a2b0fac8-412f-4cb6-9667-0773efa73656,3895113,210,5664822400,5664822700
s3_s2sf12j2_kafka_rep4_20260612,kafka,sb-events-s3_s2sf12j2_kafka_rep4_20260612,f61695ae-1555-43e1-8510-28e0b90b24e6,3895134,210,5667483400,5667483800
s3_s2sf12j2_kafka_rep4_20260612,kafka,sb-events-s3_s2sf12j2_kafka_rep4_20260612,a2b0fac8-412f-4cb6-9667-0773efa73656__rev2,3895113,210,5667522800,5667523000
s3_s2sf12j2_kafka_rep4_20260612,kafka,sb-events-s3_s2sf12j2_kafka_rep4_20260612,68e1846d-61ff-468c-a399-ffb99c8d7222,3895134,210,5669410200,5669410700
s3_s2sf12j2_kafka_rep4_20260612,kafka,sb-events-s3_s2sf12j2_kafka_rep4_20260612,7639e7d7-5107-41b0-8fe1-04a1f8217001,3895086,210,5671002600,5671002800
s3_s2sf12j2_kafka_rep4_20260612,kafka,sb-events-s3_s2sf12j2_kafka_rep4_20260612,b4096be6-9255-486d-85ef-fb1f82c24839,3895086,210,5672766200,5672766400
s3_s2sf12j2_kafka_rep4_20260612,kafka,sb-events-s3_s2sf12j2_kafka_rep4_20260612,9b52a8fd-9c5c-4293-8259-7ec03f352235,3895107,210,5675004600,5675004900
s3_s2sf12j2_kafka_rep4_20260612,kafka,sb-events-s3_s2sf12j2_kafka_rep4_20260612,5f9b6b59-8a14-499f-884b-87313d1ddc01,3895086,210,5677128100,5677128400
s3_s2sf12j2_kafka_rep4_20260612,kafka,sb-events-s3_s2sf12j2_kafka_rep4_20260612,79126be9-b946-4db5-9e70-c0ea00b5d931,3895086,210,5678621300,5678621700
s3_s2sf12j2_kafka_rep4_20260612,kafka,sb-events-s3_s2sf12j2_kafka_rep4_20260612,71a926aa-c491-4365-8962-c40080f63fc7,3895060,211,5680570900,5680571100
s3_s2sf12j2_kafka_rep4_20260612,kafka,sb-events-s3_s2sf12j2_kafka_rep4_20260612,62826bb6-cd29-4a46-8c39-b821f1ffa487,3895113,211,5682311000,5682311200
s3_s2sf12j2_kafka_rep4_20260612,kafka,sb-events-s3_s2sf12j2_kafka_rep4_20260612,afd87378-26f0-4ddc-b981-bf98a48e8363,3895113,211,5684530700,5684531100
s3_s2sf12j2_kafka_rep4_20260612,kafka,sb-events-s3_s2sf12j2_kafka_rep4_20260612,2866550d-a28c-47d4-96c3-4bfb70dc24b3,3895134,211,5687128300,5687128600
s3_s2sf12j2_kafka_rep4_20260612,kafka,sb-events-s3_s2sf12j2_kafka_rep4_20260612,6a500abf-1afa-42d0-8321-40d31eb3fc9b,3895113,211,5689234200,5689234600
s3_s2sf12j2_kafka_rep4_20260612,kafka,sb-events-s3_s2sf12j2_kafka_rep4_20260612,4a13e529-c528-425f-bc58-c94138612ed7,3895134,211,5691942200,5691942600
s3_s2sf12j2_kafka_rep4_20260612,kafka,sb-events-s3_s2sf12j2_kafka_rep4_20260612,d18ac035-ae5f-403f-9a29-8c95cb4c9a98,3895107,211,5694732600,5694733000
s3_s2sf12j2_kafka_rep4_20260612,kafka,sb-events-s3_s2sf12j2_kafka_rep4_20260612,b33bd1db-ae78-4fe9-868f-2497d774e37b,3895107,211,5696965500,5696965800
s3_s2sf12j2_kafka_rep4_20260612,kafka,sb-events-s3_s2sf12j2_kafka_rep4_20260612,42646d1f-6ac6-47cf-91e9-5902162f9945,3895067,212,5700317800,5700318200
s3_s2sf12j2_kafka_rep4_20260612,kafka,sb-events-s3_s2sf12j2_kafka_rep4_20260612,f018ba31-3864-4bbd-b90b-5aba86ec11fb,3895067,212,5702937400,5702937800
s3_s2sf12j2_kafka_rep4_20260612,kafka,sb-events-s3_s2sf12j2_kafka_rep4_20260612,6814a9dc-5fb8-4566-b386-654ab7b93302,3895113,212,5705654100,5705654700
s3_s2sf12j2_kafka_rep4_20260612,kafka,sb-events-s3_s2sf12j2_kafka_rep4_20260612,3382d742-d5a5-471e-9108-83ef9eec6586,3895134,212,5707739000,5707739500
s3_s2sf12j2_kafka_rep4_20260612,kafka,sb-events-s3_s2sf12j2_kafka_rep4_20260612,fbfe8ca5-7c5c-45b7-98af-4a38bc6a58c0,3895134,212,5710500700,5710501000
s3_s2sf12j2_kafka_rep4_20260612,kafka,sb-events-s3_s2sf12j2_kafka_rep4_20260612,7bfcca6d-5cb1-42ff-966a-0c3ecfb1a8b1,3895086,212,5712514800,5712515000
s3_s2sf12j2_kafka_rep4_20260612,kafka,sb-events-s3_s2sf12j2_kafka_rep4_20260612,32e37a91-895f-44df-9efa-f0f03cdb0c4f,3895107,212,5714690800,5714691200
s3_s2sf12j2_kafka_rep4_20260612,kafka,sb-events-s3_s2sf12j2_kafka_rep4_20260612,bf4cb337-a622-4e43-9a61-3920c8482d90,3895086,212,5716526600,5716526900
s3_s2sf12j2_kafka_rep4_20260612,kafka,sb-events-s3_s2sf12j2_kafka_rep4_20260612,da0d2ca8-0650-47d0-8bf6-ff69268155fa,3895107,212,5718534400,5718534600
s3_s2sf12j2_kafka_rep4_20260612,kafka,sb-events-s3_s2sf12j2_kafka_rep4_20260612,84ec7ad7-a2e5-4993-9fc8-c0d48a121d5f,3895086,212,5720750600,5720751000
s3_s2sf12j2_kafka_rep4_20260612,kafka,sb-events-s3_s2sf12j2_kafka_rep4_20260612,201204b4-ddca-4e95-879d-5ea29aeab663,3895086,212,5722593400,5722593800
s3_s2sf12j2_kafka_rep4_20260612,kafka,sb-events-s3_s2sf12j2_kafka_rep4_20260612,b29c3caf-f291-487b-beb4-72c6aca45001,3895113,213,5724453300,5724453700
s3_s2sf12j2_kafka_rep4_20260612,kafka,sb-events-s3_s2sf12j2_kafka_rep4_20260612,ddf078ee-315b-435b-ac43-e33e19103b6a,3895113,213,5726293000,5726293300
s3_s2sf12j2_kafka_rep4_20260612,kafka,sb-events-s3_s2sf12j2_kafka_rep4_20260612,84d35a0c-988c-4977-8841-814426dca458,3895086,213,5728659200,5728659600
s3_s2sf12j2_kafka_rep4_20260612,kafka,sb-events-s3_s2sf12j2_kafka_rep4_20260612,9bcffd13-f0d8-4e1d-ba3b-73bcb59832fe,3895067,214,5730458700,5730459100
s3_s2sf12j2_kafka_rep4_20260612,kafka,sb-events-s3_s2sf12j2_kafka_rep4_20260612,a3f06e72-c4ae-4963-a365-b410eb92d1d0,3895067,214,5732253000,5732253300
s3_s2sf12j2_kafka_rep4_20260612,kafka,sb-events-s3_s2sf12j2_kafka_rep4_20260612,b15b063c-fba0-4b35-93e3-12c1ab5450b3,3895052,214,5733907500,5733907800
s3_s2sf12j2_kafka_rep4_20260612,kafka,sb-events-s3_s2sf12j2_kafka_rep4_20260612,1425eb5d-7c5a-4987-aab0-f7ff7f3acedc,3895113,214,5735676400,5735676600
s3_s2sf12j2_kafka_rep4_20260612,kafka,sb-events-s3_s2sf12j2_kafka_rep4_20260612,0f14de1c-8327-414a-834f-c3c395569755,3895107,214,5737556800,5737557200
s3_s2sf12j2_kafka_rep4_20260612,kafka,sb-events-s3_s2sf12j2_kafka_rep4_20260612,6027d630-8427-4341-9c7a-6b0b930e7fa6,3895107,214,5739422200,5739422500
s3_s2sf12j2_kafka_rep4_20260612,kafka,sb-events-s3_s2sf12j2_kafka_rep4_20260612,67c684b6-21b0-4bca-a0f4-3bd1a85e22a6,3895107,214,5741073400,5741073700
s3_s2sf12j2_kafka_rep4_20260612,kafka,sb-events-s3_s2sf12j2_kafka_rep4_20260612,c4297aed-1578-4f7d-b3d7-84dda385543a,3895107,214,5742995600,5742996000
s3_s2sf12j2_kafka_rep4_20260612,kafka,sb-events-s3_s2sf12j2_kafka_rep4_20260612,d28de1d9-1e74-4c52-9ddc-06e3482170e7,3895067,215,5744620400,5744620800
s3_s2sf12j2_kafka_rep4_20260612,kafka,sb-events-s3_s2sf12j2_kafka_rep4_20260612,ff873195-aa1c-4298-8568-dce7bf70b436,3895134,215,5746507100,5746507300
s3_s2sf12j2_kafka_rep4_20260612,kafka,sb-events-s3_s2sf12j2_kafka_rep4_20260612,d4f8880a-988d-4749-a014-2e6b53254c19,3895134,215,5748772200,5748772600
s3_s2sf12j2_kafka_rep4_20260612,kafka,sb-events-s3_s2sf12j2_kafka_rep4_20260612,1a822961-d503-4596-8ec9-1bc05cad3460,3895113,215,5750335500,5750335900
s3_s2sf12j2_kafka_rep4_20260612,kafka,sb-events-s3_s2sf12j2_kafka_rep4_20260612,cd89e398-e369-46dc-a7d4-4117da82031c,3895086,215,5751984300,5751984700
s3_s2sf12j2_kafka_rep4_20260612,kafka,sb-events-s3_s2sf12j2_kafka_rep4_20260612,8db50a50-2ec9-42fc-b4cc-d13dc6589780,3895086,215,5753451700,5753452200
s3_s2sf12j2_kafka_rep4_20260612,kafka,sb-events-s3_s2sf12j2_kafka_rep4_20260612,84e78054-b076-42f7-bc12-ff47c8e945fa,3895086,215,5755045800,5755046100
s3_s2sf12j2_kafka_rep4_20260612,kafka,sb-events-s3_s2sf12j2_kafka_rep4_20260612,effc07b6-46d7-43a9-8648-38c71c70a9a8,3895086,215,5756766100,5756766500
s3_s2sf12j2_kafka_rep4_20260612,kafka,sb-events-s3_s2sf12j2_kafka_rep4_20260612,52a2e3c3-a9c4-4501-a1b4-4d8cb93d42a4,3895067,216,5759016100,5759016500
s3_s2sf12j2_kafka_rep4_20260612,kafka,sb-events-s3_s2sf12j2_kafka_rep4_20260612,9ad7ef2d-3ff8-4405-ae02-356ff60ae4b8,3895067,216,5761183400,5761183900
s3_s2sf12j2_kafka_rep4_20260612,kafka,sb-events-s3_s2sf12j2_kafka_rep4_20260612,4866a692-7e59-4811-a95d-c7173eeb85fe,3895052,216,5763093300,5763093700
s3_s2sf12j2_kafka_rep4_20260612,kafka,sb-events-s3_s2sf12j2_kafka_rep4_20260612,9b6cc51b-41c3-44f2-b430-c1cdea81a90b,3895052,216,5765003800,5765004000
s3_s2sf12j2_kafka_rep4_20260612,kafka,sb-events-s3_s2sf12j2_kafka_rep4_20260612,9d7289ce-6be1-4143-a8b3-500601193388,3895052,216,5766834200,5766834500
s3_s2sf12j2_kafka_rep4_20260612,kafka,sb-events-s3_s2sf12j2_kafka_rep4_20260612,737abe3b-aa88-491c-a52d-b8c487a82f4d,3895107,216,5768897200,5768897500
s3_s2sf12j2_kafka_rep4_20260612,kafka,sb-events-s3_s2sf12j2_kafka_rep4_20260612,9d7289ce-6be1-4143-a8b3-500601193388__rev2,3895052,216,5768931800,5768932000
s3_s2sf12j2_kafka_rep4_20260612,kafka,sb-events-s3_s2sf12j2_kafka_rep4_20260612,3b23f496-60ff-4fba-ba75-148e46a67145,3895107,216,5771227500,5771227900
s3_s2sf12j2_kafka_rep4_20260612,kafka,sb-events-s3_s2sf12j2_kafka_rep4_20260612,6c368dc2-0542-452b-b5e5-92eac02be8eb,3895107,216,5773144300,5773144500
s3_s2sf12j2_kafka_rep4_20260612,kafka,sb-events-s3_s2sf12j2_kafka_rep4_20260612,2b193e7e-db6f-47bc-aa3d-669b3558e349,3895086,216,5775926000,5775926300
s3_s2sf12j2_kafka_rep4_20260612,kafka,sb-events-s3_s2sf12j2_kafka_rep4_20260612,82247b75-13da-4c3e-8b3b-8065f32b78b8,3895086,216,5778589900,5778590300
s3_s2sf12j2_kafka_rep4_20260612,kafka,sb-events-s3_s2sf12j2_kafka_rep4_20260612,9ed80495-b704-41b7-8b60-d8810f21b41a,3895086,216,5780720700,5780721000
s3_s2sf12j2_kafka_rep4_20260612,kafka,sb-events-s3_s2sf12j2_kafka_rep4_20260612,a0cfcf0d-f03d-46ec-8dcc-194639d0c715,3895052,217,5782691700,5782691900
s3_s2sf12j2_kafka_rep4_20260612,kafka,sb-events-s3_s2sf12j2_kafka_rep4_20260612,4b21d046-f779-4e7c-99c5-f2eee961332c,3895052,217,5784796600,5784796900
s3_s2sf12j2_kafka_rep4_20260612,kafka,sb-events-s3_s2sf12j2_kafka_rep4_20260612,f9c9fee3-cf79-49ac-9ad2-61b7b2b70ba6,3895113,217,5787116400,5787116700
s3_s2sf12j2_kafka_rep4_20260612,kafka,sb-events-s3_s2sf12j2_kafka_rep4_20260612,759d33c3-6e07-4e8d-ac38-cd66fee1a93d,3895113,217,5789016700,5789017000
s3_s2sf12j2_kafka_rep4_20260612,kafka,sb-events-s3_s2sf12j2_kafka_rep4_20260612,7c486de8-3484-44cd-9325-e0bdadc0adde,3895086,217,5790757300,5790757600
s3_s2sf12j2_kafka_rep4_20260612,kafka,sb-events-s3_s2sf12j2_kafka_rep4_20260612,697de738-1ddd-4a69-a641-ed6e57aa15ca,3895086,217,5792666700,5792667100
s3_s2sf12j2_kafka_rep4_20260612,kafka,sb-events-s3_s2sf12j2_kafka_rep4_20260612,b16a70eb-a994-4ce1-b690-c2b190dc53b3,3895067,218,5794623300,5794623600
s3_s2sf12j2_kafka_rep4_20260612,kafka,sb-events-s3_s2sf12j2_kafka_rep4_20260612,f9bff61d-0d29-4680-ac6c-4a1f22f13c91,3895052,218,5796425100,5796425600
s3_s2sf12j2_kafka_rep4_20260612,kafka,sb-events-s3_s2sf12j2_kafka_rep4_20260612,9d5a3faa-7ecb-4013-ba26-df5791af290b,3895052,218,5797960600,5797960900
s3_s2sf12j2_kafka_rep4_20260612,kafka,sb-events-s3_s2sf12j2_kafka_rep4_20260612,0bbc4516-a191-4b32-8e92-939ac38cf11b,3895134,218,5800288900,5800289100
s3_s2sf12j2_kafka_rep4_20260612,kafka,sb-events-s3_s2sf12j2_kafka_rep4_20260612,2f6d0952-ddfa-48dd-9012-82b7ed01fb05,3895134,218,5801931800,5801932200
s3_s2sf12j2_kafka_rep4_20260612,kafka,sb-events-s3_s2sf12j2_kafka_rep4_20260612,00901f4d-0730-42c8-8f1d-033622de7271,3895134,218,5803441400,5803441800
s3_s2sf12j2_kafka_rep4_20260612,kafka,sb-events-s3_s2sf12j2_kafka_rep4_20260612,0cb25576-201c-4a78-a596-00de3fef253a,3895134,218,5805663600,5805663800
s3_s2sf12j2_kafka_rep4_20260612,kafka,sb-events-s3_s2sf12j2_kafka_rep4_20260612,c506cd0d-1f5b-444a-94b3-eb29d05bef57,3895067,219,5808552200,5808552700
s3_s2sf12j2_kafka_rep4_20260612,kafka,sb-events-s3_s2sf12j2_kafka_rep4_20260612,fd56f5f1-17ec-498b-9a96-d4b52d2940cc,3895067,219,5810295400,5810295600
s3_s2sf12j2_kafka_rep4_20260612,kafka,sb-events-s3_s2sf12j2_kafka_rep4_20260612,a8c0d779-a323-4652-980a-c22ae4f20204,3895074,219,5812493100,5812493400
s3_s2sf12j2_kafka_rep4_20260612,kafka,sb-events-s3_s2sf12j2_kafka_rep4_20260612,6eba3fdc-1e7b-4669-a60e-a2bf7c9c96fe,3895052,219,5814289000,5814289200
s3_s2sf12j2_kafka_rep4_20260612,kafka,sb-events-s3_s2sf12j2_kafka_rep4_20260612,3e42c418-9417-42a7-ad68-351e0e79f13e,3895052,219,5816248400,5816248700
s3_s2sf12j2_kafka_rep4_20260612,kafka,sb-events-s3_s2sf12j2_kafka_rep4_20260612,b576f3fc-25f9-41b4-acbe-d50795eb237b,3895134,219,5818185800,5818186200
s3_s2sf12j2_kafka_rep4_20260612,kafka,sb-events-s3_s2sf12j2_kafka_rep4_20260612,91238aa1-991a-43f5-b2e8-791de16a6e6d,3895134,219,5820373900,5820374300
s3_s2sf12j2_kafka_rep4_20260612,kafka,sb-events-s3_s2sf12j2_kafka_rep4_20260612,95ca5c4c-b90a-48aa-938f-b9cf437c66d4,3895134,219,5822326200,5822326400
s3_s2sf12j2_kafka_rep4_20260612,kafka,sb-events-s3_s2sf12j2_kafka_rep4_20260612,1f7b9fa4-26f2-46d7-87a3-5fb28d91f8df,3895086,219,5823929800,5823930300
s3_s2sf12j2_kafka_rep4_20260612,kafka,sb-events-s3_s2sf12j2_kafka_rep4_20260612,15a5bdbb-29ea-4562-be43-cc71f22d37a2,3895067,220,5825763800,5825764000
s3_s2sf12j2_kafka_rep4_20260612,kafka,sb-events-s3_s2sf12j2_kafka_rep4_20260612,b6aac65b-a04a-44bf-b4cf-1f16b6de6536,3895074,220,5828189100,5828189600
s3_s2sf12j2_kafka_rep4_20260612,kafka,sb-events-s3_s2sf12j2_kafka_rep4_20260612,bccd8c47-0541-4ee3-b82f-9e67fec67685,3895074,220,5829825100,5829825500
s3_s2sf12j2_kafka_rep4_20260612,kafka,sb-events-s3_s2sf12j2_kafka_rep4_20260612,8cb6c1bb-9279-48f1-b6ad-94a0df91cd4b,3895074,220,5831402000,5831402300
s3_s2sf12j2_kafka_rep4_20260612,kafka,sb-events-s3_s2sf12j2_kafka_rep4_20260612,1e7a833e-5cc5-45e1-8e8a-777177080f36,3895134,220,5833192800,5833193100
s3_s2sf12j2_kafka_rep4_20260612,kafka,sb-events-s3_s2sf12j2_kafka_rep4_20260612,f32c59c0-240e-42e9-8069-8810d8e67cfd,3895086,220,5835452200,5835452600
s3_s2sf12j2_kafka_rep4_20260612,kafka,sb-events-s3_s2sf12j2_kafka_rep4_20260612,d5f683d9-9d90-4c1e-b87b-b33b5413b8e7,3895086,220,5837413000,5837413300
s3_s2sf12j2_kafka_rep4_20260612,kafka,sb-events-s3_s2sf12j2_kafka_rep4_20260612,e8c6da09-655a-4bf7-b2eb-0fc030baaa8d,3895067,221,5839475300,5839475500
s3_s2sf12j2_kafka_rep4_20260612,kafka,sb-events-s3_s2sf12j2_kafka_rep4_20260612,4aedbc0a-02ad-4a1e-a658-3ffdbdf44e9a,3895067,221,5841150400,5841150800
s3_s2sf12j2_kafka_rep4_20260612,kafka,sb-events-s3_s2sf12j2_kafka_rep4_20260612,d02f67c1-7b6c-473c-b7a3-b95039112785,3895067,221,5842937200,5842937500
s3_s2sf12j2_kafka_rep4_20260612,kafka,sb-events-s3_s2sf12j2_kafka_rep4_20260612,ec09950a-6639-4067-a881-504bad1855c3,3895074,221,5844668800,5844669200
s3_s2sf12j2_kafka_rep4_20260612,kafka,sb-events-s3_s2sf12j2_kafka_rep4_20260612,a9de5d14-4077-4efa-bdef-93a5dfe13ee5,3895074,221,5846289000,5846289200
s3_s2sf12j2_kafka_rep4_20260612,kafka,sb-events-s3_s2sf12j2_kafka_rep4_20260612,bd15630a-3c02-4c22-9769-4be927977952,3895074,221,5847789800,5847790300
s3_s2sf12j2_kafka_rep4_20260612,kafka,sb-events-s3_s2sf12j2_kafka_rep4_20260612,efb1609c-eb3b-4cc6-b617-6491e121da08,3895113,221,5850079700,5850080000
s3_s2sf12j2_kafka_rep4_20260612,kafka,sb-events-s3_s2sf12j2_kafka_rep4_20260612,49febf50-2306-4c19-a94e-c8c9bdac5e80,3895052,221,5852088200,5852088500
s3_s2sf12j2_kafka_rep4_20260612,kafka,sb-events-s3_s2sf12j2_kafka_rep4_20260612,d3b4d9da-a36c-486b-8bf2-be36d0654638,3895052,221,5854154800,5854155300
s3_s2sf12j2_kafka_rep4_20260612,kafka,sb-events-s3_s2sf12j2_kafka_rep4_20260612,68eaf4af-0687-45a2-a2ed-83fb312ec606,3895134,221,5855621400,5855621700
s3_s2sf12j2_kafka_rep4_20260612,kafka,sb-events-s3_s2sf12j2_kafka_rep4_20260612,46d8d187-f75a-4cac-adb4-c815388da2ab,3895134,221,5857768400,5857769000
s3_s2sf12j2_kafka_rep4_20260612,kafka,sb-events-s3_s2sf12j2_kafka_rep4_20260612,44e5fbc3-8f44-4f10-9a3f-808ec330cdb3,3895074,222,5859159900,5859160300
s3_s2sf12j2_kafka_rep4_20260612,kafka,sb-events-s3_s2sf12j2_kafka_rep4_20260612,ec9ce405-e079-4a8e-9b40-92f04fe5a165,3895113,222,5860833300,5860833600
s3_s2sf12j2_kafka_rep4_20260612,kafka,sb-events-s3_s2sf12j2_kafka_rep4_20260612,72b9cec9-3dd7-4af1-bf25-0a2eebf04a58,3895113,222,5862339800,5862340300
s3_s2sf12j2_kafka_rep4_20260612,kafka,sb-events-s3_s2sf12j2_kafka_rep4_20260612,b8d67360-7f6b-4662-a00d-fed1eb6f1ba6,3895052,222,5863901900,5863902400
s3_s2sf12j2_kafka_rep4_20260612,kafka,sb-events-s3_s2sf12j2_kafka_rep4_20260612,7261a548-7067-4e82-8a86-962feb5db893,3895113,222,5866899100,5866899500
s3_s2sf12j2_kafka_rep4_20260612,kafka,sb-events-s3_s2sf12j2_kafka_rep4_20260612,b8d67360-7f6b-4662-a00d-fed1eb6f1ba6__rev2,3895052,222,5866935200,5866935400
s3_s2sf12j2_kafka_rep4_20260612,kafka,sb-events-s3_s2sf12j2_kafka_rep4_20260612,b9c709df-968d-4bf9-b500-02ffcbb3b0e7,3895134,222,5868761400,5868761700
s3_s2sf12j2_kafka_rep4_20260612,kafka,sb-events-s3_s2sf12j2_kafka_rep4_20260612,42195328-dbd6-4c26-910e-de4b15538b0f,3895086,222,5870529400,5870529700
s3_s2sf12j2_kafka_rep4_20260612,kafka,sb-events-s3_s2sf12j2_kafka_rep4_20260612,07f2b7b2-4c41-4472-9cf5-d4da0b98eeda,3895067,223,5872215400,5872215600
s3_s2sf12j2_kafka_rep4_20260612,kafka,sb-events-s3_s2sf12j2_kafka_rep4_20260612,0a0878a4-ad4c-4683-9ea5-f01aa86197b5,3895067,223,5873743900,5873744300
s3_s2sf12j2_kafka_rep4_20260612,kafka,sb-events-s3_s2sf12j2_kafka_rep4_20260612,117347bf-5b19-4163-9c30-86cbb965d427,3895074,223,5875191700,5875191900
s3_s2sf12j2_kafka_rep4_20260612,kafka,sb-events-s3_s2sf12j2_kafka_rep4_20260612,8e99e685-dd80-45dd-8981-f51bb118dc83,3895074,223,5877202500,5877203000
s3_s2sf12j2_kafka_rep4_20260612,kafka,sb-events-s3_s2sf12j2_kafka_rep4_20260612,612591bc-c324-4919-a995-e3739095e49c,3895113,223,5879764600,5879764900
s3_s2sf12j2_kafka_rep4_20260612,kafka,sb-events-s3_s2sf12j2_kafka_rep4_20260612,2797ae7a-31ad-4d05-82f7-314d6b0d7f0b,3895113,223,5881655000,5881655300
s3_s2sf12j2_kafka_rep4_20260612,kafka,sb-events-s3_s2sf12j2_kafka_rep4_20260612,921500ef-de3c-4656-8792-6c085c592225,3895134,223,5883346000,5883346300
s3_s2sf12j2_kafka_rep4_20260612,kafka,sb-events-s3_s2sf12j2_kafka_rep4_20260612,ac6bb7f3-aed3-4799-9573-acfb89f3b71e,3895134,223,5884898000,5884898300
s3_s2sf12j2_kafka_rep4_20260612,kafka,sb-events-s3_s2sf12j2_kafka_rep4_20260612,c36f907d-331e-45b1-b44d-66fc6e330da0,3895134,223,5886572500,5886572900
s3_s2sf12j2_kafka_rep4_20260612,kafka,sb-events-s3_s2sf12j2_kafka_rep4_20260612,f8c6d770-8b1d-4ed6-9a99-24226d8cbdf3,3895134,223,5888500300,5888500600
s3_s2sf12j2_kafka_rep4_20260612,kafka,sb-events-s3_s2sf12j2_kafka_rep4_20260612,30a84c8b-f2f6-42dd-8110-cc61373e72f3,3895067,224,5890152000,5890152400
s3_s2sf12j2_kafka_rep4_20260612,kafka,sb-events-s3_s2sf12j2_kafka_rep4_20260612,4beb105f-9c3d-42ce-b3e9-a5ec0bf4ae78,3895074,224,5891472300,5891472500
s3_s2sf12j2_kafka_rep4_20260612,kafka,sb-events-s3_s2sf12j2_kafka_rep4_20260612,36f7128d-31b5-4f4f-b928-79e4bb8363ab,3895052,224,5893057700,5893057900
s3_s2sf12j2_kafka_rep4_20260612,kafka,sb-events-s3_s2sf12j2_kafka_rep4_20260612,59f0b2e1-491d-4e57-b6a3-12c2fbbbe40c,3895086,224,5894685600,5894686000
s3_s2sf12j2_kafka_rep4_20260612,kafka,sb-events-s3_s2sf12j2_kafka_rep4_20260612,3cdada44-254e-4a8e-afeb-1b005eb7fa46,3895086,224,5896659400,5896659600
s3_s2sf12j2_kafka_rep4_20260612,kafka,sb-events-s3_s2sf12j2_kafka_rep4_20260612,a3d1e34d-213d-496b-b366-c0ffd8acda77,3895086,224,5899126400,5899126700
s3_s2sf12j2_kafka_rep4_20260612,kafka,sb-events-s3_s2sf12j2_kafka_rep4_20260612,312035b9-b0d9-4e96-878f-1b32c7e13c81,3895067,225,5901224600,5901225000
s3_s2sf12j2_kafka_rep4_20260612,kafka,sb-events-s3_s2sf12j2_kafka_rep4_20260612,a32369fd-1200-449f-80ad-b2af4e7110a2,3895067,225,5902846500,5902846800
s3_s2sf12j2_kafka_rep4_20260612,kafka,sb-events-s3_s2sf12j2_kafka_rep4_20260612,0dc809b6-6308-4d9c-a41f-545c23bf0589,3895067,225,5904738800,5904739100
s3_s2sf12j2_kafka_rep4_20260612,kafka,sb-events-s3_s2sf12j2_kafka_rep4_20260612,38ad36eb-ec4c-4f83-b317-19f4d1ace560,3895074,225,5906421000,5906421200
s3_s2sf12j2_kafka_rep4_20260612,kafka,sb-events-s3_s2sf12j2_kafka_rep4_20260612,17c71536-01d7-4a85-a272-2c0a487d2e0a,3895074,225,5908103500,5908103800
s3_s2sf12j2_kafka_rep4_20260612,kafka,sb-events-s3_s2sf12j2_kafka_rep4_20260612,54f5fa44-6b26-4324-908d-f6d7d7266f9c,3895074,225,5909958200,5909958600
s3_s2sf12j2_kafka_rep4_20260612,kafka,sb-events-s3_s2sf12j2_kafka_rep4_20260612,ccb3fd0e-fe0a-423e-9e61-033b0f21b4bf,3895074,225,5912130700,5912130900
s3_s2sf12j2_kafka_rep4_20260612,kafka,sb-events-s3_s2sf12j2_kafka_rep4_20260612,a039a837-87cf-4f48-b863-3cea80abbb81,3895074,225,5913996800,5913997100
s3_s2sf12j2_kafka_rep4_20260612,kafka,sb-events-s3_s2sf12j2_kafka_rep4_20260612,468444c9-5267-4753-a238-4a226dc4ee80,3895074,225,5915929100,5915929600
s3_s2sf12j2_kafka_rep4_20260612,kafka,sb-events-s3_s2sf12j2_kafka_rep4_20260612,72f703c6-b9b4-4edd-88b5-3d0684f2468f,3895052,225,5917711700,5917712000
s3_s2sf12j2_kafka_rep4_20260612,kafka,sb-events-s3_s2sf12j2_kafka_rep4_20260612,b296ceac-b0af-48e2-98c4-ceff5443fa35,3895052,225,5920009300,5920009500
s3_s2sf12j2_kafka_rep4_20260612,kafka,sb-events-s3_s2sf12j2_kafka_rep4_20260612,3f6ce352-2e57-43ff-9619-276a1464f100,3895086,225,5922268800,5922269200
s3_s2sf12j2_kafka_rep4_20260612,kafka,sb-events-s3_s2sf12j2_kafka_rep4_20260612,55a73469-4b77-43b5-b9ba-67435754b68e,3895067,226,5924296600,5924297200
s3_s2sf12j2_kafka_rep4_20260612,kafka,sb-events-s3_s2sf12j2_kafka_rep4_20260612,7b1f0d68-1df6-4ff3-be96-47942dd2eef6,3895067,226,5925694800,5925695100
s3_s2sf12j2_kafka_rep4_20260612,kafka,sb-events-s3_s2sf12j2_kafka_rep4_20260612,a000cd00-afea-44aa-8120-d29280171b7d,3895067,226,5927662800,5927663100
s3_s2sf12j2_kafka_rep4_20260612,kafka,sb-events-s3_s2sf12j2_kafka_rep4_20260612,95a18591-415c-424d-a2ff-26070eab2674,3895074,226,5929267400,5929267700
s3_s2sf12j2_kafka_rep4_20260612,kafka,sb-events-s3_s2sf12j2_kafka_rep4_20260612,c969da32-3389-4ceb-86df-e66b125bb8dd,3895074,226,5930965700,5930966000
s3_s2sf12j2_kafka_rep4_20260612,kafka,sb-events-s3_s2sf12j2_kafka_rep4_20260612,a6bde494-d72e-4a63-bc38-9da5141d574f,3895113,226,5932885300,5932885600
s3_s2sf12j2_kafka_rep4_20260612,kafka,sb-events-s3_s2sf12j2_kafka_rep4_20260612,f859cc08-8afc-4e42-9cc2-a8870064f3ac,3895134,226,5935222600,5935222900
s3_s2sf12j2_kafka_rep4_20260612,kafka,sb-events-s3_s2sf12j2_kafka_rep4_20260612,e4a8be8c-78d4-45a8-b457-619f46e37583,3895086,226,5937012000,5937012400
s3_s2sf12j2_kafka_rep4_20260612,kafka,sb-events-s3_s2sf12j2_kafka_rep4_20260612,6bad8316-afef-4ab2-82b5-b1df55799e71,3895086,226,5938939400,5938939700
s3_s2sf12j2_kafka_rep4_20260612,kafka,sb-events-s3_s2sf12j2_kafka_rep4_20260612,7c659f16-3145-4393-96ad-541b504c8f13,3895052,227,5940596900,5940597200
s3_s2sf12j2_kafka_rep4_20260612,kafka,sb-events-s3_s2sf12j2_kafka_rep4_20260612,d53b30ec-a2c0-4e13-8619-f7aace475d28,3895052,227,5942382000,5942382300
s3_s2sf12j2_kafka_rep4_20260612,kafka,sb-events-s3_s2sf12j2_kafka_rep4_20260612,0a1c6ca1-fe45-44d6-8a4b-a990da408347,3895134,227,5944361700,5944362200
s3_s2sf12j2_kafka_rep4_20260612,kafka,sb-events-s3_s2sf12j2_kafka_rep4_20260612,c47782be-c926-4381-96d4-f5e9efe0abe9,3895134,227,5946594500,5946594900
s3_s2sf12j2_kafka_rep4_20260612,kafka,sb-events-s3_s2sf12j2_kafka_rep4_20260612,47586e80-e9f8-4582-b670-cac8e08d9eb0,3895086,227,5948577300,5948577600
s3_s2sf12j2_kafka_rep4_20260612,kafka,sb-events-s3_s2sf12j2_kafka_rep4_20260612,5c07f5c8-ab9c-4d57-9317-397ed4aba8a3,3895067,228,5950857000,5950857300
s3_s2sf12j2_kafka_rep4_20260612,kafka,sb-events-s3_s2sf12j2_kafka_rep4_20260612,50a3f312-2d69-4e1e-9e47-79f5677c263f,3895074,228,5952954100,5952954300
s3_s2sf12j2_kafka_rep4_20260612,kafka,sb-events-s3_s2sf12j2_kafka_rep4_20260612,2c36e8ae-322c-4007-b05d-b57f0fe9d6dc,3895074,228,5955129000,5955129400
s3_s2sf12j2_kafka_rep4_20260612,kafka,sb-events-s3_s2sf12j2_kafka_rep4_20260612,4628a48d-7c56-4d8d-a8e1-b4406f3e571a,3895074,228,5957033200,5957033500
s3_s2sf12j2_kafka_rep4_20260612,kafka,sb-events-s3_s2sf12j2_kafka_rep4_20260612,4545d9b9-3575-48d2-93bd-c69ed8743c82,3895113,228,5958784300,5958784700
s3_s2sf12j2_kafka_rep4_20260612,kafka,sb-events-s3_s2sf12j2_kafka_rep4_20260612,3bf3bf44-8dce-4cd8-8254-46da84e31c6a,3895113,228,5961268600,5961269100
s3_s2sf12j2_kafka_rep4_20260612,kafka,sb-events-s3_s2sf12j2_kafka_rep4_20260612,4545d9b9-3575-48d2-93bd-c69ed8743c82__rev2,3895113,228,5961315000,5961315300
s3_s2sf12j2_kafka_rep4_20260612,kafka,sb-events-s3_s2sf12j2_kafka_rep4_20260612,b1930f44-1c66-426c-8ca9-c5c9dc54fb27,3895052,228,5962678700,5962678900
s3_s2sf12j2_kafka_rep4_20260612,kafka,sb-events-s3_s2sf12j2_kafka_rep4_20260612,d6f9d7cd-642d-476b-afae-e6d251554cde,3895052,228,5964615200,5964615700
s3_s2sf12j2_kafka_rep4_20260612,kafka,sb-events-s3_s2sf12j2_kafka_rep4_20260612,7434581a-1e71-483e-aa97-d221e7fc61aa,3895134,228,5966300700,5966301100
s3_s2sf12j2_kafka_rep4_20260612,kafka,sb-events-s3_s2sf12j2_kafka_rep4_20260612,c6f3c9ce-07a4-441b-aa25-f40b9be04368,3895086,228,5968076100,5968076500
s3_s2sf12j2_kafka_rep4_20260612,kafka,sb-events-s3_s2sf12j2_kafka_rep4_20260612,d410fab2-bcf6-4390-a2ab-2ff03e36ec62,3895086,228,5969748500,5969749000
s3_s2sf12j2_kafka_rep4_20260612,kafka,sb-events-s3_s2sf12j2_kafka_rep4_20260612,15c182c8-6cae-4496-b509-7e7c3f68d3d2,3895113,229,5971914900,5971915400
s3_s2sf12j2_kafka_rep4_20260612,kafka,sb-events-s3_s2sf12j2_kafka_rep4_20260612,334527b5-620b-4220-940a-a70f543af21a,3895134,229,5974573300,5974573900
s3_s2sf12j2_kafka_rep4_20260612,kafka,sb-events-s3_s2sf12j2_kafka_rep4_20260612,1a2997c4-e48f-49ab-8746-f0ca2974c71d,3895086,229,5976700300,5976700800
s3_s2sf12j2_kafka_rep4_20260612,kafka,sb-events-s3_s2sf12j2_kafka_rep4_20260612,de8997e6-4537-49ca-8864-3e221f25d628,3895086,229,5978648600,5978648900
s3_s2sf12j2_kafka_rep4_20260612,kafka,sb-events-s3_s2sf12j2_kafka_rep4_20260612,448ff41d-a99b-4ac1-a39f-321a4e12ec50,3895086,229,5980360400,5980360700
s3_s2sf12j2_kafka_rep4_20260612,kafka,sb-events-s3_s2sf12j2_kafka_rep4_20260612,7d559bcd-04a3-4ecc-a6ec-e71530a6e7b4,3895074,230,5982182500,5982182900
s3_s2sf12j2_kafka_rep4_20260612,kafka,sb-events-s3_s2sf12j2_kafka_rep4_20260612,52a10b29-fc0a-489b-b798-04e90177816d,3895074,230,5983603400,5983603700
s3_s2sf12j2_kafka_rep4_20260612,kafka,sb-events-s3_s2sf12j2_kafka_rep4_20260612,85158414-113a-4b03-8a2e-9b694b28122f,3895113,230,5985600900,5985601200
s3_s2sf12j2_kafka_rep4_20260612,kafka,sb-events-s3_s2sf12j2_kafka_rep4_20260612,8facebaf-e405-4cc1-b901-d9d9622f02ab,3895067,231,5987182600,5987182800
s3_s2sf12j2_kafka_rep4_20260612,kafka,sb-events-s3_s2sf12j2_kafka_rep4_20260612,9536010e-293f-4799-9db5-e6a312a58d4a,3895067,231,5989518300,5989518700
s3_s2sf12j2_kafka_rep4_20260612,kafka,sb-events-s3_s2sf12j2_kafka_rep4_20260612,449ddc25-2698-4ba2-a9e6-a2ff4369f1c6,3895067,231,5991336000,5991336400
s3_s2sf12j2_kafka_rep4_20260612,kafka,sb-events-s3_s2sf12j2_kafka_rep4_20260612,01de2f19-a51f-4e53-add3-1887e7f141fb,3895052,231,5993385400,5993386000
s3_s2sf12j2_kafka_rep4_20260612,kafka,sb-events-s3_s2sf12j2_kafka_rep4_20260612,19409876-d733-4d93-b980-d0743f01ce5e,3895113,231,5994944600,5994945000
s3_s2sf12j2_kafka_rep4_20260612,kafka,sb-events-s3_s2sf12j2_kafka_rep4_20260612,e21a8f4f-eaf7-4772-99da-dfc8385e7a48,3895052,231,5996766000,5996766300
s3_s2sf12j2_kafka_rep4_20260612,kafka,sb-events-s3_s2sf12j2_kafka_rep4_20260612,e3156b87-6ea3-43f7-b7d2-1f7dfd3bff4e,3895134,231,5999217400,5999218000
s3_s2sf12j2_kafka_rep4_20260612,kafka,sb-events-s3_s2sf12j2_kafka_rep4_20260612,f371672d-0161-4d0a-bd85-c0524dff7741,3895134,231,6001228100,6001228400
s3_s2sf12j2_kafka_rep4_20260612,kafka,sb-events-s3_s2sf12j2_kafka_rep4_20260612,e3f07b41-a570-490e-9b2c-d972a7cb0edc,3895060,232,6002859800,6002860200
s3_s2sf12j2_kafka_rep4_20260612,kafka,sb-events-s3_s2sf12j2_kafka_rep4_20260612,22dfd210-acd0-430e-b4d4-dbc31415e8a1,3895121,232,6004669500,6004669700
s3_s2sf12j2_kafka_rep4_20260612,kafka,sb-events-s3_s2sf12j2_kafka_rep4_20260612,d3ca252e-b038-4198-b136-0c36063ef79d,3895113,232,6006596800,6006597200
s3_s2sf12j2_kafka_rep4_20260612,kafka,sb-events-s3_s2sf12j2_kafka_rep4_20260612,039192ed-5aed-4e69-8e7e-9928c5c49b7b,3895113,232,6007969400,6007969700
s3_s2sf12j2_kafka_rep4_20260612,kafka,sb-events-s3_s2sf12j2_kafka_rep4_20260612,6735caf3-fc12-44cd-842d-99249e4e803e,3895113,232,6009633800,6009634100
s3_s2sf12j2_kafka_rep4_20260612,kafka,sb-events-s3_s2sf12j2_kafka_rep4_20260612,444ec23c-e794-4af6-afd2-da112736b5ef,3895113,232,6010900200,6010900400
s3_s2sf12j2_kafka_rep4_20260612,kafka,sb-events-s3_s2sf12j2_kafka_rep4_20260612,21f9d66b-f01b-4398-9db0-0028ffa78501,3895113,232,6013077700,6013078100
s3_s2sf12j2_kafka_rep4_20260612,kafka,sb-events-s3_s2sf12j2_kafka_rep4_20260612,1207e338-9cd8-4c32-b018-d794ab1f6f07,3895134,232,6014365800,6014366100
s3_s2sf12j2_kafka_rep4_20260612,kafka,sb-events-s3_s2sf12j2_kafka_rep4_20260612,832d593f-b5f8-4691-98fa-d9d9f13685b7,3895086,232,6015750600,6015750900
s3_s2sf12j2_kafka_rep4_20260612,kafka,sb-events-s3_s2sf12j2_kafka_rep4_20260612,f52a1065-c29f-4773-a29e-eb4ae86197b2,3895086,232,6017276800,6017277200
s3_s2sf12j2_kafka_rep4_20260612,kafka,sb-events-s3_s2sf12j2_kafka_rep4_20260612,9d88e8a6-b03e-4292-83bd-f1cc62bae459,3895086,232,6019669600,6019669900
s3_s2sf12j2_kafka_rep4_20260612,kafka,sb-events-s3_s2sf12j2_kafka_rep4_20260612,3cea3b14-cd1c-4048-9e22-891601eb58d2,3895086,232,6021694000,6021694200
s3_s2sf12j2_kafka_rep4_20260612,kafka,sb-events-s3_s2sf12j2_kafka_rep4_20260612,d91e6bd0-fcb3-48b1-b391-00510455eafa,3895086,232,6024019900,6024020400
s3_s2sf12j2_kafka_rep4_20260612,kafka,sb-events-s3_s2sf12j2_kafka_rep4_20260612,a6a1302d-c9d3-4955-a001-ef2a1c9dab1d,3895060,233,6026014100,6026014500
s3_s2sf12j2_kafka_rep4_20260612,kafka,sb-events-s3_s2sf12j2_kafka_rep4_20260612,2d56b1ef-11bf-4ad7-a8cc-1667f5893f52,3895067,233,6027817800,6027818000
s3_s2sf12j2_kafka_rep4_20260612,kafka,sb-events-s3_s2sf12j2_kafka_rep4_20260612,8312772c-29b2-4250-b781-0d4b9206d9af,3895074,233,6029846800,6029847100
s3_s2sf12j2_kafka_rep4_20260612,kafka,sb-events-s3_s2sf12j2_kafka_rep4_20260612,2d868feb-58d1-48e7-9275-5deab319b157,3895113,233,6031697500,6031697900
s3_s2sf12j2_kafka_rep4_20260612,kafka,sb-events-s3_s2sf12j2_kafka_rep4_20260612,3a24294f-7eca-4180-9fd3-7eede5a85ff4,3895086,233,6033248300,6033248700
s3_s2sf12j2_kafka_rep4_20260612,kafka,sb-events-s3_s2sf12j2_kafka_rep4_20260612,a52af03a-9e28-4498-b74d-b084edc0f008,3895086,233,6035305200,6035305400
s3_s2sf12j2_kafka_rep4_20260612,kafka,sb-events-s3_s2sf12j2_kafka_rep4_20260612,d78fb2cd-3e3c-49e7-af6f-f22ceef30056,3895060,234,6037449400,6037449800
s3_s2sf12j2_kafka_rep4_20260612,kafka,sb-events-s3_s2sf12j2_kafka_rep4_20260612,65d4f63b-a154-42e7-b493-e2e11b0ad6eb,3895121,234,6039376900,6039377100
s3_s2sf12j2_kafka_rep4_20260612,kafka,sb-events-s3_s2sf12j2_kafka_rep4_20260612,d07958f0-8419-4028-89fe-fa3e4ef76e64,3895121,234,6041471500,6041472000
s3_s2sf12j2_kafka_rep4_20260612,kafka,sb-events-s3_s2sf12j2_kafka_rep4_20260612,88df104f-f29f-4e20-9e74-ce85b77d671f,3895067,234,6043271500,6043272000
s3_s2sf12j2_kafka_rep4_20260612,kafka,sb-events-s3_s2sf12j2_kafka_rep4_20260612,e2091aec-e441-4ce1-86de-5822390020ee,3895067,234,6045098300,6045098600
s3_s2sf12j2_kafka_rep4_20260612,kafka,sb-events-s3_s2sf12j2_kafka_rep4_20260612,82831382-fedc-4ae2-b6e3-e03321721a68,3895074,234,6046704500,6046704900
s3_s2sf12j2_kafka_rep4_20260612,kafka,sb-events-s3_s2sf12j2_kafka_rep4_20260612,ff0b4839-b879-4812-8cd1-fa166e2bb04f,3895074,234,6048359600,6048360000
s3_s2sf12j2_kafka_rep4_20260612,kafka,sb-events-s3_s2sf12j2_kafka_rep4_20260612,3284298c-aafe-4fca-937f-4f3b6f9d76a0,3895134,234,6049804600,6049804900
s3_s2sf12j2_kafka_rep4_20260612,kafka,sb-events-s3_s2sf12j2_kafka_rep4_20260612,8988a19a-9299-40b9-9f8f-c462076fcbfb,3895134,234,6053721500,6053721800
s3_s2sf12j2_kafka_rep4_20260612,kafka,sb-events-s3_s2sf12j2_kafka_rep4_20260612,475d3858-2562-4a46-be2f-882479e92794,3895067,235,6055605200,6055605500
s3_s2sf12j2_kafka_rep4_20260612,kafka,sb-events-s3_s2sf12j2_kafka_rep4_20260612,8988a19a-9299-40b9-9f8f-c462076fcbfb__rev2,3895134,234,6055639500,6055639700
s3_s2sf12j2_kafka_rep4_20260612,kafka,sb-events-s3_s2sf12j2_kafka_rep4_20260612,2c296ed4-132d-4668-96fd-a53e49c117b0,3895067,235,6057101600,6057101900
s3_s2sf12j2_kafka_rep4_20260612,kafka,sb-events-s3_s2sf12j2_kafka_rep4_20260612,5f5da0d0-9329-4e2d-b288-e6bb963fd023,3895074,235,6058671600,6058671900
s3_s2sf12j2_kafka_rep4_20260612,kafka,sb-events-s3_s2sf12j2_kafka_rep4_20260612,0a08da64-24b7-464e-b04a-343c36bc92a6,3895074,235,6060218100,6060218400
s3_s2sf12j2_kafka_rep4_20260612,kafka,sb-events-s3_s2sf12j2_kafka_rep4_20260612,4c13ef4b-f1bc-41ec-bce8-379094aee5ab,3895052,235,6062061700,6062062000
s3_s2sf12j2_kafka_rep4_20260612,kafka,sb-events-s3_s2sf12j2_kafka_rep4_20260612,3b5e8cda-cc8c-4228-ae68-88e99b381f2b,3895113,235,6063298400,6063298600
s3_s2sf12j2_kafka_rep4_20260612,kafka,sb-events-s3_s2sf12j2_kafka_rep4_20260612,67f6d552-413a-4a2b-b156-b8675b9ac9c5,3895113,235,6064728200,6064728600
s3_s2sf12j2_kafka_rep4_20260612,kafka,sb-events-s3_s2sf12j2_kafka_rep4_20260612,f899e1a3-389e-47ee-975a-22a5ede777bf,3895134,235,6066960000,6066960300
s3_s2sf12j2_kafka_rep4_20260612,kafka,sb-events-s3_s2sf12j2_kafka_rep4_20260612,24beaf43-67ff-400b-8afa-5cd95a07ab62,3895086,235,6068810000,6068810600
s3_s2sf12j2_kafka_rep4_20260612,kafka,sb-events-s3_s2sf12j2_kafka_rep4_20260612,621a92b1-0b7d-40fd-8921-c184ff9cfdbe,3895086,235,6070563100,6070563400
s3_s2sf12j2_kafka_rep4_20260612,kafka,sb-events-s3_s2sf12j2_kafka_rep4_20260612,7384369c-7014-41f4-8880-4f2012608234,3895086,235,6071819000,6071819300
s3_s2sf12j2_kafka_rep4_20260612,kafka,sb-events-s3_s2sf12j2_kafka_rep4_20260612,31d15b27-69da-4a6b-93d5-8dd5afac6acd,3895067,236,6073108400,6073108700
s3_s2sf12j2_kafka_rep4_20260612,kafka,sb-events-s3_s2sf12j2_kafka_rep4_20260612,67ea3f31-5f11-4a03-b848-5ff3d2674b45,3895067,236,6074461400,6074461700
s3_s2sf12j2_kafka_rep4_20260612,kafka,sb-events-s3_s2sf12j2_kafka_rep4_20260612,2524eba6-a951-4f46-9569-e49e95155f38,3895067,236,6075694000,6075694400
s3_s2sf12j2_kafka_rep4_20260612,kafka,sb-events-s3_s2sf12j2_kafka_rep4_20260612,7a5f3edb-7387-472d-9ab8-d44a4ed350ed,3895052,236,6077005300,6077005600
s3_s2sf12j2_kafka_rep4_20260612,kafka,sb-events-s3_s2sf12j2_kafka_rep4_20260612,9ee72651-72db-4196-af2f-388ee1f6a92c,3895052,236,6079235900,6079236300
s3_s2sf12j2_kafka_rep4_20260612,kafka,sb-events-s3_s2sf12j2_kafka_rep4_20260612,bc13fb18-c79a-4285-8048-4ce55d990c06,3895052,236,6081669700,6081670100
s3_s2sf12j2_kafka_rep4_20260612,kafka,sb-events-s3_s2sf12j2_kafka_rep4_20260612,67cf2441-69b4-4a39-9109-8d399ddba948,3895060,237,6085880100,6085880400
s3_s2sf12j2_kafka_rep4_20260612,kafka,sb-events-s3_s2sf12j2_kafka_rep4_20260612,f8cfef83-daf1-4d47-814a-75bb359f034b,3895060,237,6088619800,6088620500
s3_s2sf12j2_kafka_rep4_20260612,kafka,sb-events-s3_s2sf12j2_kafka_rep4_20260612,17bce4ec-5124-44a7-9cdc-c4a9006f479a,3895060,237,6090625600,6090626200
s3_s2sf12j2_kafka_rep4_20260612,kafka,sb-events-s3_s2sf12j2_kafka_rep4_20260612,41f58863-413b-4533-9b9f-5d6895c280f0,3895121,237,6092981800,6092982100
s3_s2sf12j2_kafka_rep4_20260612,kafka,sb-events-s3_s2sf12j2_kafka_rep4_20260612,95cf34ad-3378-4698-bd20-49e8851018ae,3895121,237,6095133800,6095134200
s3_s2sf12j2_kafka_rep4_20260612,kafka,sb-events-s3_s2sf12j2_kafka_rep4_20260612,cab35b0a-ffe6-4065-ad6b-d8b19062647f,3895067,237,6096957900,6096958100
s3_s2sf12j2_kafka_rep4_20260612,kafka,sb-events-s3_s2sf12j2_kafka_rep4_20260612,48d10da6-9958-476a-ae24-618d673f3fef,3895052,237,6098985600,6098986000
s3_s2sf12j2_kafka_rep4_20260612,kafka,sb-events-s3_s2sf12j2_kafka_rep4_20260612,42bf8a84-34b3-4952-9704-94b1c2001dfc,3895134,237,6100865800,6100866200
s3_s2sf12j2_kafka_rep4_20260612,kafka,sb-events-s3_s2sf12j2_kafka_rep4_20260612,2cfe1a0c-2b31-4742-b48e-3b93d308c6b6,3895134,237,6102617600,6102618200
s3_s2sf12j2_kafka_rep4_20260612,kafka,sb-events-s3_s2sf12j2_kafka_rep4_20260612,6e9cc2f7-1105-48ac-806c-eebcfaa34ad7,3895086,237,6104508600,6104508800
s3_s2sf12j2_kafka_rep4_20260612,kafka,sb-events-s3_s2sf12j2_kafka_rep4_20260612,cf0330f0-ffa2-47de-b0b8-2c063baff2db,3895086,237,6106664100,6106664400
s3_s2sf12j2_kafka_rep4_20260612,kafka,sb-events-s3_s2sf12j2_kafka_rep4_20260612,d164628f-e788-4811-8838-50ad9ab6f1b4,3895121,238,6108983400,6108983800
s3_s2sf12j2_kafka_rep4_20260612,kafka,sb-events-s3_s2sf12j2_kafka_rep4_20260612,edb91d96-2ccb-46b2-aec1-7a1cba6fcf9c,3895074,238,6110663900,6110664300
s3_s2sf12j2_kafka_rep4_20260612,kafka,sb-events-s3_s2sf12j2_kafka_rep4_20260612,eb564566-1ae2-40a0-9c73-edf96768135f,3895074,238,6112441900,6112442200
s3_s2sf12j2_kafka_rep4_20260612,kafka,sb-events-s3_s2sf12j2_kafka_rep4_20260612,8b9045a9-99bf-4e9e-83a6-79404c3c903d,3895052,238,6114655800,6114656200
s3_s2sf12j2_kafka_rep4_20260612,kafka,sb-events-s3_s2sf12j2_kafka_rep4_20260612,41fd0101-4197-4b4d-adcc-4bb242e5f3f7,3895052,238,6117148000,6117148500
s3_s2sf12j2_kafka_rep4_20260612,kafka,sb-events-s3_s2sf12j2_kafka_rep4_20260612,179f6461-4e11-4750-982b-97b87916e1fe,3895134,238,6118833600,6118833900
s3_s2sf12j2_kafka_rep4_20260612,kafka,sb-events-s3_s2sf12j2_kafka_rep4_20260612,af4b9e6b-8ec7-4bb9-aeba-23122365bb5c,3895121,239,6120964200,6120964400
s3_s2sf12j2_kafka_rep4_20260612,kafka,sb-events-s3_s2sf12j2_kafka_rep4_20260612,b565e8cd-c20f-403e-bb34-d4ac7a08c535,3895121,239,6122735200,6122735400
s3_s2sf12j2_kafka_rep4_20260612,kafka,sb-events-s3_s2sf12j2_kafka_rep4_20260612,bb80cd19-9173-41bc-9e42-1475f9a8bedc,3895074,239,6124606500,6124607000
s3_s2sf12j2_kafka_rep4_20260612,kafka,sb-events-s3_s2sf12j2_kafka_rep4_20260612,00b7afd1-7acc-4377-8b4a-e0d0216aff3b,3895074,239,6126369900,6126370200
s3_s2sf12j2_kafka_rep4_20260612,kafka,sb-events-s3_s2sf12j2_kafka_rep4_20260612,7a8e8174-38ce-41cb-9812-de0614ade9c8,3895074,239,6128303300,6128303700
s3_s2sf12j2_kafka_rep4_20260612,kafka,sb-events-s3_s2sf12j2_kafka_rep4_20260612,327d219f-afa6-44c2-8514-3b3dce674bd4,3895052,239,6130271000,6130271300
s3_s2sf12j2_kafka_rep4_20260612,kafka,sb-events-s3_s2sf12j2_kafka_rep4_20260612,9db6a916-bdf3-459f-86dd-c6899468b928,3895052,239,6132276000,6132276300
s3_s2sf12j2_kafka_rep4_20260612,kafka,sb-events-s3_s2sf12j2_kafka_rep4_20260612,d3237e41-96d0-4919-9186-976c6e93afaf,3895134,239,6134177200,6134177700
s3_s2sf12j2_kafka_rep4_20260612,kafka,sb-events-s3_s2sf12j2_kafka_rep4_20260612,15dc8356-9964-4eec-9066-051ee6c2fd74,3895134,239,6136704000,6136704700
s3_s2sf12j2_kafka_rep4_20260612,kafka,sb-events-s3_s2sf12j2_kafka_rep4_20260612,7e027057-82fb-4524-92cb-3b7f7905c581,3895067,240,6139064900,6139065300
s3_s2sf12j2_kafka_rep4_20260612,kafka,sb-events-s3_s2sf12j2_kafka_rep4_20260612,dd2559b7-b30c-4fec-87d0-7ffdbeb0c320,3895067,240,6141306900,6141307200
s3_s2sf12j2_kafka_rep4_20260612,kafka,sb-events-s3_s2sf12j2_kafka_rep4_20260612,904cbdd0-7559-40c5-93bb-cf32cc4f50a8,3895067,240,6143884700,6143885100
s3_s2sf12j2_kafka_rep4_20260612,kafka,sb-events-s3_s2sf12j2_kafka_rep4_20260612,519d9bd4-18d7-4c8e-859b-8d84a572f9b8,3895074,240,6145930500,6145930800
s3_s2sf12j2_kafka_rep4_20260612,kafka,sb-events-s3_s2sf12j2_kafka_rep4_20260612,de9e7764-87cf-4944-8fe5-2c6487898f77,3895074,240,6147846300,6147846600
s3_s2sf12j2_kafka_rep4_20260612,kafka,sb-events-s3_s2sf12j2_kafka_rep4_20260612,967cced6-9509-4a4f-bc44-d9358a9efdaa,3895113,240,6149412000,6149412300
s3_s2sf12j2_kafka_rep4_20260612,kafka,sb-events-s3_s2sf12j2_kafka_rep4_20260612,bc772473-a54b-4286-ac90-3e7a2cde57cf,3895052,240,6151188100,6151188400
s3_s2sf12j2_kafka_rep4_20260612,kafka,sb-events-s3_s2sf12j2_kafka_rep4_20260612,bc772473-a54b-4286-ac90-3e7a2cde57cf__rev2,3895052,240,6153463200,6153463600
s3_s2sf12j2_kafka_rep4_20260612,kafka,sb-events-s3_s2sf12j2_kafka_rep4_20260612,abf61b42-aee9-42ec-a079-7587daf41665,3895052,240,6153494600,6153494900
s3_s2sf12j2_kafka_rep4_20260612,kafka,sb-events-s3_s2sf12j2_kafka_rep4_20260612,3c451d86-3acc-459b-b147-66e17620685d,3895052,240,6155391900,6155392400
s3_s2sf12j2_kafka_rep4_20260612,kafka,sb-events-s3_s2sf12j2_kafka_rep4_20260612,20c87719-4039-4136-a464-0b76bf8fcb95,3895060,241,6156755200,6156755500
s3_s2sf12j2_kafka_rep4_20260612,kafka,sb-events-s3_s2sf12j2_kafka_rep4_20260612,1588a4d6-aad6-47b3-be17-ecf187891e80,3895067,241,6158323000,6158323300
s3_s2sf12j2_kafka_rep4_20260612,kafka,sb-events-s3_s2sf12j2_kafka_rep4_20260612,73248c73-24d7-467d-a8a3-c4460a8a8eda,3895052,241,6160420500,6160420800
s3_s2sf12j2_kafka_rep4_20260612,kafka,sb-events-s3_s2sf12j2_kafka_rep4_20260612,cff9e25c-04ef-48fa-aa6c-7d6793b46550,3895052,241,6161921300,6161921500
s3_s2sf12j2_kafka_rep4_20260612,kafka,sb-events-s3_s2sf12j2_kafka_rep4_20260612,9cb7e597-9ad0-4bce-86f1-4882ed215819,3895052,241,6163244300,6163244500
s3_s2sf12j2_kafka_rep4_20260612,kafka,sb-events-s3_s2sf12j2_kafka_rep4_20260612,f49586a6-6723-4a58-9b32-d8eadb110125,3895134,241,6164830600,6164830900
s3_s2sf12j2_kafka_rep4_20260612,kafka,sb-events-s3_s2sf12j2_kafka_rep4_20260612,8d6ddf7f-2405-4ce7-96a1-0ad97911a074,3895134,241,6166420600,6166420900
s3_s2sf12j2_kafka_rep4_20260612,kafka,sb-events-s3_s2sf12j2_kafka_rep4_20260612,bda48638-9908-4088-9089-c5604ab7cb37,3895086,241,6167850200,6167850400
s3_s2sf12j2_kafka_rep4_20260612,kafka,sb-events-s3_s2sf12j2_kafka_rep4_20260612,8c4605d8-c1d8-4819-966b-e2b5f69c5582,3895086,241,6169429100,6169429600
s3_s2sf12j2_kafka_rep4_20260612,kafka,sb-events-s3_s2sf12j2_kafka_rep4_20260612,17edc918-58c1-4c25-82e2-e56f00a0ceb9,3895060,242,6170898600,6170898900
s3_s2sf12j2_kafka_rep4_20260612,kafka,sb-events-s3_s2sf12j2_kafka_rep4_20260612,153f64f0-e7c3-4df9-b30e-c334c45657c2,3895060,242,6172467000,6172467300
s3_s2sf12j2_kafka_rep4_20260612,kafka,sb-events-s3_s2sf12j2_kafka_rep4_20260612,81c7d7f9-a5b4-4ba5-a6f5-cdc5d30a9663,3895060,242,6174447000,6174447300
s3_s2sf12j2_kafka_rep4_20260612,kafka,sb-events-s3_s2sf12j2_kafka_rep4_20260612,344782cb-77cb-44cb-95d5-763cc7e3e17f,3895121,242,6176055100,6176055400
s3_s2sf12j2_kafka_rep4_20260612,kafka,sb-events-s3_s2sf12j2_kafka_rep4_20260612,a9cfa2cc-3bde-4ac7-b413-b60eb1dadeed,3895067,242,6178414000,6178414400
s3_s2sf12j2_kafka_rep4_20260612,kafka,sb-events-s3_s2sf12j2_kafka_rep4_20260612,c88ef7b9-77a1-4f23-9087-fb0a98a7a192,3895067,242,6179936800,6179937000
s3_s2sf12j2_kafka_rep4_20260612,kafka,sb-events-s3_s2sf12j2_kafka_rep4_20260612,1a5a736f-8dcf-456a-be57-ffd91e45ca65,3895067,242,6181437000,6181437300
s3_s2sf12j2_kafka_rep4_20260612,kafka,sb-events-s3_s2sf12j2_kafka_rep4_20260612,1d2a8a86-c8be-4982-8909-a04c91a67073,3895107,242,6182895300,6182895600
s3_s2sf12j2_kafka_rep4_20260612,kafka,sb-events-s3_s2sf12j2_kafka_rep4_20260612,f70dcf83-40a3-4ccb-94c5-ecd399bc219a,3895134,242,6184664000,6184664500
s3_s2sf12j2_kafka_rep4_20260612,kafka,sb-events-s3_s2sf12j2_kafka_rep4_20260612,3e18f922-f609-4734-9dbe-5bc30cf10dc9,3895086,242,6186573600,6186573900
s3_s2sf12j2_kafka_rep4_20260612,kafka,sb-events-s3_s2sf12j2_kafka_rep4_20260612,2b6915a9-9be9-4b49-82ba-639d873ed4a5,3895060,243,6188555900,6188556300
s3_s2sf12j2_kafka_rep4_20260612,kafka,sb-events-s3_s2sf12j2_kafka_rep4_20260612,e655c81e-fa20-4e8a-aec9-cb837f4112ee,3895060,243,6190839100,6190839400
s3_s2sf12j2_kafka_rep4_20260612,kafka,sb-events-s3_s2sf12j2_kafka_rep4_20260612,e29bcc78-4812-4a23-a0bb-dbb1b386365e,3895113,243,6193210000,6193210200
s3_s2sf12j2_kafka_rep4_20260612,kafka,sb-events-s3_s2sf12j2_kafka_rep4_20260612,124635a1-6dab-4464-bb7e-2dd98e391ca7,3895113,243,6195592600,6195592900
s3_s2sf12j2_kafka_rep4_20260612,kafka,sb-events-s3_s2sf12j2_kafka_rep4_20260612,72aba530-d8d4-4559-9b31-ae9bab1b2129,3895134,243,6197215900,6197216400
s3_s2sf12j2_kafka_rep4_20260612,kafka,sb-events-s3_s2sf12j2_kafka_rep4_20260612,f1a07a4e-1b9a-4fb3-a68b-c02926c6f8b1,3895134,243,6199920800,6199921300
s3_s2sf12j2_kafka_rep4_20260612,kafka,sb-events-s3_s2sf12j2_kafka_rep4_20260612,35527065-8da6-493a-acd7-35d45c9e13fc,3895060,244,6201795600,6201795800
s3_s2sf12j2_kafka_rep4_20260612,kafka,sb-events-s3_s2sf12j2_kafka_rep4_20260612,dd1f273f-5818-4b79-b7ba-9e9f271b00da,3895121,244,6203568000,6203568300
s3_s2sf12j2_kafka_rep4_20260612,kafka,sb-events-s3_s2sf12j2_kafka_rep4_20260612,4903409b-3b7f-43d0-a8e0-c0edc044665a,3895121,244,6205757600,6205757900
s3_s2sf12j2_kafka_rep4_20260612,kafka,sb-events-s3_s2sf12j2_kafka_rep4_20260612,13c58c42-4403-4d24-b673-2e462aa98376,3895121,244,6207245100,6207245300
s3_s2sf12j2_kafka_rep4_20260612,kafka,sb-events-s3_s2sf12j2_kafka_rep4_20260612,a614cf8e-f99e-4113-8152-374692780a44,3895067,244,6208674800,6208675000
s3_s2sf12j2_kafka_rep4_20260612,kafka,sb-events-s3_s2sf12j2_kafka_rep4_20260612,e2c68e2e-b75c-4ba8-9573-883787d8875e,3895067,244,6210096900,6210097100
s3_s2sf12j2_kafka_rep4_20260612,kafka,sb-events-s3_s2sf12j2_kafka_rep4_20260612,e35e1956-56cb-4707-95df-7d0d7938d843,3895086,244,6211745900,6211746200
s3_s2sf12j2_kafka_rep4_20260612,kafka,sb-events-s3_s2sf12j2_kafka_rep4_20260612,0e8f1413-d59b-47ec-9251-f70210f20b0f,3895086,244,6213548700,6213548900
s3_s2sf12j2_kafka_rep4_20260612,kafka,sb-events-s3_s2sf12j2_kafka_rep4_20260612,70469754-e9ff-466e-a0ea-80b6ae48399f,3895107,245,6215328900,6215329200
s3_s2sf12j2_kafka_rep4_20260612,kafka,sb-events-s3_s2sf12j2_kafka_rep4_20260612,14d36a2e-439a-4363-985a-89eb10507ce9,3895107,245,6217434700,6217435100
s3_s2sf12j2_kafka_rep4_20260612,kafka,sb-events-s3_s2sf12j2_kafka_rep4_20260612,21dede0b-3592-49ea-a9d5-89ac71b1b282,3895052,245,6219189200,6219189500
s3_s2sf12j2_kafka_rep4_20260612,kafka,sb-events-s3_s2sf12j2_kafka_rep4_20260612,c92c7207-490c-4f75-8e99-0485e280b626,3895060,246,6221183200,6221183600
s3_s2sf12j2_kafka_rep4_20260612,kafka,sb-events-s3_s2sf12j2_kafka_rep4_20260612,a8e17e26-0a74-4dd6-aa76-d55569f0bc7d,3895060,246,6222772000,6222772200
s3_s2sf12j2_kafka_rep4_20260612,kafka,sb-events-s3_s2sf12j2_kafka_rep4_20260612,54d993e8-a8dc-4ea8-88f6-92958c4758f1,3895107,246,6224221300,6224221600
s3_s2sf12j2_kafka_rep4_20260612,kafka,sb-events-s3_s2sf12j2_kafka_rep4_20260612,e619ae8d-92f0-439c-89c4-b28d5a47566c,3895113,246,6226177000,6226177200
s3_s2sf12j2_kafka_rep4_20260612,kafka,sb-events-s3_s2sf12j2_kafka_rep4_20260612,b3916688-a71f-40ac-83ba-ebcf88241fea,3895113,246,6227933000,6227933200
s3_s2sf12j2_kafka_rep4_20260612,kafka,sb-events-s3_s2sf12j2_kafka_rep4_20260612,bde8f069-d411-493f-97d5-6f5496f030c7,3895113,246,6229982900,6229983200
s3_s2sf12j2_kafka_rep4_20260612,kafka,sb-events-s3_s2sf12j2_kafka_rep4_20260612,fe474a8e-046c-4d8c-b439-081a477b5f67,3895134,246,6231369600,6231369900
s3_s2sf12j2_kafka_rep4_20260612,kafka,sb-events-s3_s2sf12j2_kafka_rep4_20260612,c331d9f1-e5b4-4215-8c29-0c12ae07d0fe,3895134,246,6233112400,6233112800
s3_s2sf12j2_kafka_rep4_20260612,kafka,sb-events-s3_s2sf12j2_kafka_rep4_20260612,93994777-12ec-49b8-b9e7-aa4358d89c6f,3895086,246,6234859200,6234859700
s3_s2sf12j2_kafka_rep4_20260612,kafka,sb-events-s3_s2sf12j2_kafka_rep4_20260612,ff23d5d2-2668-45b7-90f0-b94a1ae8d46b,3895060,247,6236420400,6236420700
s3_s2sf12j2_kafka_rep4_20260612,kafka,sb-events-s3_s2sf12j2_kafka_rep4_20260612,ed33169e-a844-4e1c-adcf-e150cd303c45,3895060,247,6238934900,6238935200
s3_s2sf12j2_kafka_rep4_20260612,kafka,sb-events-s3_s2sf12j2_kafka_rep4_20260612,aefbfac4-fc26-4ef9-957a-87aab634d721,3895121,247,6241036200,6241036500
s3_s2sf12j2_kafka_rep4_20260612,kafka,sb-events-s3_s2sf12j2_kafka_rep4_20260612,3066699a-6bc1-44fb-a597-079f37ef1255,3895067,247,6243633400,6243633700
s3_s2sf12j2_kafka_rep4_20260612,kafka,sb-events-s3_s2sf12j2_kafka_rep4_20260612,aefbfac4-fc26-4ef9-957a-87aab634d721__rev2,3895121,247,6243667300,6243667500
s3_s2sf12j2_kafka_rep4_20260612,kafka,sb-events-s3_s2sf12j2_kafka_rep4_20260612,1c63b354-a85d-49fb-a959-436969c70bd8,3895107,247,6245278000,6245278300
s3_s2sf12j2_kafka_rep4_20260612,kafka,sb-events-s3_s2sf12j2_kafka_rep4_20260612,2015c382-6367-4172-9888-040cb1050de5,3895107,247,6247264500,6247264900
s3_s2sf12j2_kafka_rep4_20260612,kafka,sb-events-s3_s2sf12j2_kafka_rep4_20260612,2d5cd8ad-b706-4ca9-b2cc-850f30956e73,3895113,247,6249366800,6249367200
s3_s2sf12j2_kafka_rep4_20260612,kafka,sb-events-s3_s2sf12j2_kafka_rep4_20260612,620742d4-224d-4705-8454-4a204380c4ae,3895113,247,6250942200,6250942400
s3_s2sf12j2_kafka_rep4_20260612,kafka,sb-events-s3_s2sf12j2_kafka_rep4_20260612,e5f06414-6c61-4d30-abea-76dc87ee2f51,3895052,247,6253354200,6253354500
s3_s2sf12j2_kafka_rep4_20260612,kafka,sb-events-s3_s2sf12j2_kafka_rep4_20260612,ba181cd8-fb21-4e0b-9680-bb52deb092e5,3895134,247,6255582400,6255582800
s3_s2sf12j2_kafka_rep4_20260612,kafka,sb-events-s3_s2sf12j2_kafka_rep4_20260612,4a66fe8f-a3e7-4faa-8668-75a5fdb0b27a,3895086,247,6257302800,6257303100
s3_s2sf12j2_kafka_rep4_20260612,kafka,sb-events-s3_s2sf12j2_kafka_rep4_20260612,ab4d2c4b-192a-4008-bd6c-274713d6958c,3895086,247,6259683300,6259683600
s3_s2sf12j2_kafka_rep4_20260612,kafka,sb-events-s3_s2sf12j2_kafka_rep4_20260612,d60b8245-40b0-43a8-876b-08f69505d1d6,3895060,248,6262288600,6262288800
s3_s2sf12j2_kafka_rep4_20260612,kafka,sb-events-s3_s2sf12j2_kafka_rep4_20260612,c7c21979-4bd2-4a01-bbb2-1b937cf113e9,3895107,248,6263852200,6263852600
s3_s2sf12j2_kafka_rep4_20260612,kafka,sb-events-s3_s2sf12j2_kafka_rep4_20260612,5bc6657b-a17c-486e-ad59-22672d97b128,3895052,248,6266327000,6266327300
s3_s2sf12j2_kafka_rep4_20260612,kafka,sb-events-s3_s2sf12j2_kafka_rep4_20260612,37ef3617-eef5-4932-b39e-7ba609cda9e9,3895052,248,6269028700,6269028900
s3_s2sf12j2_kafka_rep4_20260612,kafka,sb-events-s3_s2sf12j2_kafka_rep4_20260612,ae42d577-0431-4f31-9ead-6e4b21eb996c,3895052,248,6270666500,6270666700
s3_s2sf12j2_kafka_rep4_20260612,kafka,sb-events-s3_s2sf12j2_kafka_rep4_20260612,e22f03e1-c240-4cfb-8126-d1822a1e738b,3895086,248,6272479400,6272479700
s3_s2sf12j2_kafka_rep4_20260612,kafka,sb-events-s3_s2sf12j2_kafka_rep4_20260612,3c3c6ebe-8a92-413d-b985-2ba1fae9a34b,3895121,249,6274484800,6274485200
s3_s2sf12j2_kafka_rep4_20260612,kafka,sb-events-s3_s2sf12j2_kafka_rep4_20260612,7498434e-a29a-40c6-8bbc-b35c913149b1,3895060,249,6276064800,6276065100
s3_s2sf12j2_kafka_rep4_20260612,kafka,sb-events-s3_s2sf12j2_kafka_rep4_20260612,8ec7e7a3-3e78-4452-ab7c-60de3489eb2a,3895121,249,6277898000,6277898500
s3_s2sf12j2_kafka_rep4_20260612,kafka,sb-events-s3_s2sf12j2_kafka_rep4_20260612,8260c198-30a9-462e-9979-46e59fdcff2b,3895060,249,6279777200,6279777400
s3_s2sf12j2_kafka_rep4_20260612,kafka,sb-events-s3_s2sf12j2_kafka_rep4_20260612,e0e232f1-f077-4900-adaf-02d79dba1aa2,3895121,249,6281437900,6281438100
s3_s2sf12j2_kafka_rep4_20260612,kafka,sb-events-s3_s2sf12j2_kafka_rep4_20260612,5a749fee-582f-4572-9cc8-4d8a5fb45e1e,3895067,249,6283380900,6283381300
s3_s2sf12j2_kafka_rep4_20260612,kafka,sb-events-s3_s2sf12j2_kafka_rep4_20260612,5cde3f68-d1d9-416a-bdae-47ffc68cb272,3895067,249,6285079300,6285079600
s3_s2sf12j2_kafka_rep4_20260612,kafka,sb-events-s3_s2sf12j2_kafka_rep4_20260612,af8ff7f6-55f8-4283-a775-d12939169496,3895107,249,6286985400,6286985700
s3_s2sf12j2_kafka_rep4_20260612,kafka,sb-events-s3_s2sf12j2_kafka_rep4_20260612,6bb5ebdd-ec00-4dc5-ae7d-4faf39b4ca84,3895107,249,6288823900,6288824200
s3_s2sf12j2_kafka_rep4_20260612,kafka,sb-events-s3_s2sf12j2_kafka_rep4_20260612,e064f784-ea92-4ce3-9871-79998510315f,3895113,249,6290503300,6290503600
s3_s2sf12j2_kafka_rep4_20260612,kafka,sb-events-s3_s2sf12j2_kafka_rep4_20260612,a950b945-5931-47bb-8893-416fe97adb6f,3895113,249,6292569700,6292570200
s3_s2sf12j2_kafka_rep4_20260612,kafka,sb-events-s3_s2sf12j2_kafka_rep4_20260612,3338b6f2-30a2-4ddc-bc42-6f104e07417c,3895052,249,6294552000,6294552400
s3_s2sf12j2_kafka_rep4_20260612,kafka,sb-events-s3_s2sf12j2_kafka_rep4_20260612,dff59e8e-9bba-4344-b4d7-c048dc7bc0d2,3895134,249,6296625500,6296625900
s3_s2sf12j2_kafka_rep4_20260612,kafka,sb-events-s3_s2sf12j2_kafka_rep4_20260612,2fc35d8e-0ed5-4615-80df-5cbeb2e876d6,3895134,249,6298347900,6298348300
s3_s2sf12j2_kafka_rep4_20260612,kafka,sb-events-s3_s2sf12j2_kafka_rep4_20260612,2e1f6e6f-d929-430c-89f1-793076acf34e,3895121,250,6300595700,6300596200
s3_s2sf12j2_kafka_rep4_20260612,kafka,sb-events-s3_s2sf12j2_kafka_rep4_20260612,f9105148-0173-48a8-a0e7-8f2868f34607,3895121,250,6302516200,6302516500
s3_s2sf12j2_kafka_rep4_20260612,kafka,sb-events-s3_s2sf12j2_kafka_rep4_20260612,9687c7e2-1feb-4770-9bed-1359c7f10699,3895067,250,6304313300,6304313700
s3_s2sf12j2_kafka_rep4_20260612,kafka,sb-events-s3_s2sf12j2_kafka_rep4_20260612,763d3753-8c73-4787-908b-2f1fab2f7cb5,3895067,250,6306236800,6306237200
s3_s2sf12j2_kafka_rep4_20260612,kafka,sb-events-s3_s2sf12j2_kafka_rep4_20260612,5a633cce-0730-45b3-be3b-46490a79f46c,3895067,250,6308154700,6308155200
s3_s2sf12j2_kafka_rep4_20260612,kafka,sb-events-s3_s2sf12j2_kafka_rep4_20260612,5572f10b-277c-4944-b80f-843659418dbb,3895086,250,6309843300,6309843500
s3_s2sf12j2_kafka_rep4_20260612,kafka,sb-events-s3_s2sf12j2_kafka_rep4_20260612,bcc0a902-4f8e-4fae-b636-60e4fa615546,3895086,250,6311235100,6311235400
s3_s2sf12j2_kafka_rep4_20260612,kafka,sb-events-s3_s2sf12j2_kafka_rep4_20260612,d7b7a8a5-73a9-484f-a409-e1b805c01c87,3895067,251,6313164100,6313164600
s3_s2sf12j2_kafka_rep4_20260612,kafka,sb-events-s3_s2sf12j2_kafka_rep4_20260612,23a3f1a2-dac5-464c-adad-a58b446b585e,3895067,251,6315181000,6315181400
s3_s2sf12j2_kafka_rep4_20260612,kafka,sb-events-s3_s2sf12j2_kafka_rep4_20260612,4252a4ee-a0ef-4198-8de4-5a2f9522ce8e,3895113,251,6317569700,6317570100
s3_s2sf12j2_kafka_rep4_20260612,kafka,sb-events-s3_s2sf12j2_kafka_rep4_20260612,ab95580a-c5fd-4355-9cd4-ae53b8c8d220,3895113,251,6319216100,6319216300
s3_s2sf12j2_kafka_rep4_20260612,kafka,sb-events-s3_s2sf12j2_kafka_rep4_20260612,6b91badb-145b-403b-9cd4-6b2f130ca1a8,3895134,251,6321001100,6321001400
s3_s2sf12j2_kafka_rep4_20260612,kafka,sb-events-s3_s2sf12j2_kafka_rep4_20260612,372988d2-7155-4aa1-8ed8-d55c968cd8d0,3895134,251,6322347200,6322347400
s3_s2sf12j2_kafka_rep4_20260612,kafka,sb-events-s3_s2sf12j2_kafka_rep4_20260612,15701045-40e6-4a1e-9941-11812194ff4d,3895086,251,6324096300,6324096600
s3_s2sf12j2_kafka_rep4_20260612,kafka,sb-events-s3_s2sf12j2_kafka_rep4_20260612,6ba5f009-b494-430a-b179-7ddd78697f3e,3895086,251,6325601200,6325601400
s3_s2sf12j2_kafka_rep4_20260612,kafka,sb-events-s3_s2sf12j2_kafka_rep4_20260612,b6ea3ad2-1e31-48c5-b19a-98e10ea0ed90,3895121,252,6327118400,6327118700
s3_s2sf12j2_kafka_rep4_20260612,kafka,sb-events-s3_s2sf12j2_kafka_rep4_20260612,5d3a3138-c963-46ac-837e-56722f5994c3,3895067,252,6328491100,6328491300
s3_s2sf12j2_kafka_rep4_20260612,kafka,sb-events-s3_s2sf12j2_kafka_rep4_20260612,f5b915a8-bd5f-4dda-9c57-a42ce35d6eff,3895067,252,6330432900,6330433300
s3_s2sf12j2_kafka_rep4_20260612,kafka,sb-events-s3_s2sf12j2_kafka_rep4_20260612,4f9680a1-cfc9-4d05-a51f-9173fa11ee92,3895113,252,6332518800,6332519000
s3_s2sf12j2_kafka_rep4_20260612,kafka,sb-events-s3_s2sf12j2_kafka_rep4_20260612,abf165aa-2ce1-4c25-bf70-490c5b2abd92,3895052,252,6334600700,6334601300
s3_s2sf12j2_kafka_rep4_20260612,kafka,sb-events-s3_s2sf12j2_kafka_rep4_20260612,41c508b5-f7de-4d1c-9906-43812e26e08a,3895052,252,6336271400,6336271600
s3_s2sf12j2_kafka_rep4_20260612,kafka,sb-events-s3_s2sf12j2_kafka_rep4_20260612,41c508b5-f7de-4d1c-9906-43812e26e08a__rev2,3895052,252,6338975500,6338975900
s3_s2sf12j2_kafka_rep4_20260612,kafka,sb-events-s3_s2sf12j2_kafka_rep4_20260612,68b1846d-ccc6-4d31-9345-9d67b3c84731,3895134,252,6339021700,6339022000
s3_s2sf12j2_kafka_rep4_20260612,kafka,sb-events-s3_s2sf12j2_kafka_rep4_20260612,47b7a3a6-df98-4b63-ab6c-0e67b237fd2e,3895086,252,6340536000,6340536200
s3_s2sf12j2_kafka_rep4_20260612,kafka,sb-events-s3_s2sf12j2_kafka_rep4_20260612,f30a4e52-e1bb-44d6-bbd6-b5427066570a,3895086,252,6341899300,6341899600
s3_s2sf12j2_kafka_rep4_20260612,kafka,sb-events-s3_s2sf12j2_kafka_rep4_20260612,23fcb1c6-448a-41c6-9ded-603f0e8de891,3895121,253,6343487600,6343487900
s3_s2sf12j2_kafka_rep4_20260612,kafka,sb-events-s3_s2sf12j2_kafka_rep4_20260612,827b2d28-2f37-4572-ab9c-069ea5dc9fff,3895121,253,6345673900,6345674200
s3_s2sf12j2_kafka_rep4_20260612,kafka,sb-events-s3_s2sf12j2_kafka_rep4_20260612,72bc8fb9-e854-4b72-9eb4-dbbdd76334be,3895067,253,6347599900,6347600300
s3_s2sf12j2_kafka_rep4_20260612,kafka,sb-events-s3_s2sf12j2_kafka_rep4_20260612,3b054ec0-afd6-4c32-b327-590cc4dd5ffe,3895107,253,6349420500,6349420900
s3_s2sf12j2_kafka_rep4_20260612,kafka,sb-events-s3_s2sf12j2_kafka_rep4_20260612,3aa3e80d-bde0-42ac-ae3a-3a3cd099742e,3895113,253,6351237900,6351238300
s3_s2sf12j2_kafka_rep4_20260612,kafka,sb-events-s3_s2sf12j2_kafka_rep4_20260612,c3eaf442-02ed-45bb-afff-81e4f9edadde,3895113,253,6353110300,6353110700
s3_s2sf12j2_kafka_rep4_20260612,kafka,sb-events-s3_s2sf12j2_kafka_rep4_20260612,e838618f-44ac-4e66-9194-d60c3f6e7abd,3895134,253,6354702900,6354703200
s3_s2sf12j2_kafka_rep4_20260612,kafka,sb-events-s3_s2sf12j2_kafka_rep4_20260612,56fce890-c539-4246-a231-394586bd980e,3895134,253,6356585300,6356585700
s3_s2sf12j2_kafka_rep4_20260612,kafka,sb-events-s3_s2sf12j2_kafka_rep4_20260612,7fba15f7-3edd-42da-a02b-e01058bec0e0,3895121,254,6358155600,6358155800
s3_s2sf12j2_kafka_rep4_20260612,kafka,sb-events-s3_s2sf12j2_kafka_rep4_20260612,f2326a2b-22e5-4161-8cc2-d1b54c4ff1e0,3895067,254,6360314900,6360315200
s3_s2sf12j2_kafka_rep4_20260612,kafka,sb-events-s3_s2sf12j2_kafka_rep4_20260612,62c0e076-6974-44ef-87e6-6abc089b20e5,3895067,254,6362206800,6362207200
s3_s2sf12j2_kafka_rep4_20260612,kafka,sb-events-s3_s2sf12j2_kafka_rep4_20260612,07605dac-9101-4084-85b6-0ff3aa13e713,3895107,254,6365034100,6365034500
s3_s2sf12j2_kafka_rep4_20260612,kafka,sb-events-s3_s2sf12j2_kafka_rep4_20260612,1f7b4eb1-045d-49b3-84a9-705211597510,3895113,254,6367335600,6367335900
s3_s2sf12j2_kafka_rep4_20260612,kafka,sb-events-s3_s2sf12j2_kafka_rep4_20260612,95495ca4-d30a-4194-9aad-46c67cc236cf,3895113,254,6369151400,6369151700
s3_s2sf12j2_kafka_rep4_20260612,kafka,sb-events-s3_s2sf12j2_kafka_rep4_20260612,0305b979-98f5-4dce-ae43-b9e06c071c2d,3895086,254,6370724300,6370724500
s3_s2sf12j2_kafka_rep4_20260612,kafka,sb-events-s3_s2sf12j2_kafka_rep4_20260612,7aaf1c25-30a6-42b9-b9bd-63b2d39326d9,3895086,254,6372716400,6372716900
s3_s2sf12j2_kafka_rep4_20260612,kafka,sb-events-s3_s2sf12j2_kafka_rep4_20260612,74cdadbe-4ae0-41f1-bd31-9066e33654db,3895086,254,6374644000,6374644400
s3_s2sf12j2_kafka_rep4_20260612,kafka,sb-events-s3_s2sf12j2_kafka_rep4_20260612,a6ff0aaa-7566-4d4f-a06c-46ace6c47dd0,3895121,255,6376208600,6376208900
s3_s2sf12j2_kafka_rep4_20260612,kafka,sb-events-s3_s2sf12j2_kafka_rep4_20260612,53c837f3-864c-4d65-9556-8026ebaf94f3,3895121,255,6378221400,6378221600
s3_s2sf12j2_kafka_rep4_20260612,kafka,sb-events-s3_s2sf12j2_kafka_rep4_20260612,790592ad-c30c-4fa2-874e-b463207cfb0d,3895121,255,6379927200,6379927500
s3_s2sf12j2_kafka_rep4_20260612,kafka,sb-events-s3_s2sf12j2_kafka_rep4_20260612,475bf600-abec-46e1-aa92-2d063bd4077c,3895067,255,6381494800,6381495000
s3_s2sf12j2_kafka_rep4_20260612,kafka,sb-events-s3_s2sf12j2_kafka_rep4_20260612,b10113ce-a8de-48f5-8517-af3279ec8628,3895067,255,6383740600,6383740900
s3_s2sf12j2_kafka_rep4_20260612,kafka,sb-events-s3_s2sf12j2_kafka_rep4_20260612,863a3ccc-d506-437d-8d85-656626a95677,3895067,255,6385433800,6385434000
s3_s2sf12j2_kafka_rep4_20260612,kafka,sb-events-s3_s2sf12j2_kafka_rep4_20260612,3f6e1998-3960-47d3-a9a3-d937889a724b,3895107,255,6387494000,6387494300
s3_s2sf12j2_kafka_rep4_20260612,kafka,sb-events-s3_s2sf12j2_kafka_rep4_20260612,1a436570-6eda-405a-a093-7841eb59112e,3895107,255,6389137900,6389138400
s3_s2sf12j2_kafka_rep4_20260612,kafka,sb-events-s3_s2sf12j2_kafka_rep4_20260612,ed6fcf57-b0a1-42ba-b892-7aaa0a8c1763,3895113,255,6390606500,6390607000
s3_s2sf12j2_kafka_rep4_20260612,kafka,sb-events-s3_s2sf12j2_kafka_rep4_20260612,cf794ce2-9fb3-4b38-8268-3b4f01194d09,3895086,255,6392114800,6392115200
s3_s2sf12j2_kafka_rep4_20260612,kafka,sb-events-s3_s2sf12j2_kafka_rep4_20260612,6d5c715e-caca-428e-984d-b85c4705e734,3895086,255,6394204500,6394204900
s3_s2sf12j2_kafka_rep4_20260612,kafka,sb-events-s3_s2sf12j2_kafka_rep4_20260612,52a86328-9c1c-4ae5-8a45-43a5e89ac59c,3895067,256,6395755000,6395755400
s3_s2sf12j2_kafka_rep4_20260612,kafka,sb-events-s3_s2sf12j2_kafka_rep4_20260612,4ba28518-4c9e-44cb-ac7f-39b0806cbba9,3895067,256,6397653200,6397653500
s3_s2sf12j2_kafka_rep4_20260612,kafka,sb-events-s3_s2sf12j2_kafka_rep4_20260612,a5f68153-d972-4a57-a0e5-0cb301466d19,3895067,256,6400212000,6400212400
s3_s2sf12j2_kafka_rep4_20260612,kafka,sb-events-s3_s2sf12j2_kafka_rep4_20260612,0db67404-1c02-4346-ae52-a14c248ee179,3895113,256,6402099800,6402100100
s3_s2sf12j2_kafka_rep4_20260612,kafka,sb-events-s3_s2sf12j2_kafka_rep4_20260612,e22ba07a-d04f-4fc4-9f5c-0f02a69be95b,3895134,256,6404234500,6404234800
s3_s2sf12j2_kafka_rep4_20260612,kafka,sb-events-s3_s2sf12j2_kafka_rep4_20260612,6ec97d1a-06e8-4b68-979d-3020292d1441,3895086,256,6405714100,6405714400
s3_s2sf12j2_kafka_rep4_20260612,kafka,sb-events-s3_s2sf12j2_kafka_rep4_20260612,23706c78-86ab-456e-a979-df8e697e6909,3895086,256,6407375600,6407375900
s3_s2sf12j2_kafka_rep4_20260612,kafka,sb-events-s3_s2sf12j2_kafka_rep4_20260612,59a991c1-59bf-4fad-8f31-088615a3ba09,3895121,257,6409232000,6409232400
s3_s2sf12j2_kafka_rep4_20260612,kafka,sb-events-s3_s2sf12j2_kafka_rep4_20260612,cb14ea90-5d2b-47c7-9bc3-b5c8d67229b9,3895121,257,6411192300,6411192700
s3_s2sf12j2_kafka_rep4_20260612,kafka,sb-events-s3_s2sf12j2_kafka_rep4_20260612,62e1ac85-475b-41c2-9b77-e59c9e842495,3895107,257,6412959200,6412959500
s3_s2sf12j2_kafka_rep4_20260612,kafka,sb-events-s3_s2sf12j2_kafka_rep4_20260612,3e16c4a5-f67a-49d4-b9a6-3c4ce4920dff,3895134,257,6415056100,6415056400
s3_s2sf12j2_kafka_rep4_20260612,kafka,sb-events-s3_s2sf12j2_kafka_rep4_20260612,e4df921b-4a22-4c53-911c-f17696fbd589,3895134,257,6416455800,6416456000
s3_s2sf12j2_kafka_rep4_20260612,kafka,sb-events-s3_s2sf12j2_kafka_rep4_20260612,54204948-7ae4-4ee2-afe1-e0ddd2bd4aec,3895086,257,6418227700,6418228200
s3_s2sf12j2_kafka_rep4_20260612,kafka,sb-events-s3_s2sf12j2_kafka_rep4_20260612,73a9ced2-4181-48ba-846e-bdb30829fcce,3895086,257,6419865100,6419865500
s3_s2sf12j2_kafka_rep4_20260612,kafka,sb-events-s3_s2sf12j2_kafka_rep4_20260612,38e2a384-9e04-4022-80d7-b973f795b0a9,3895067,258,6421569000,6421569500
s3_s2sf12j2_kafka_rep4_20260612,kafka,sb-events-s3_s2sf12j2_kafka_rep4_20260612,bf15dbac-44e7-4bff-a8f0-603372cda1a0,3895067,258,6423313200,6423313500
s3_s2sf12j2_kafka_rep4_20260612,kafka,sb-events-s3_s2sf12j2_kafka_rep4_20260612,f5117633-0494-4caf-8991-e6e6e82a6d58,3895074,258,6425460900,6425461100
s3_s2sf12j2_kafka_rep4_20260612,kafka,sb-events-s3_s2sf12j2_kafka_rep4_20260612,1f90c84b-8198-4fe6-926e-b127432fe1ce,3895107,258,6427427200,6427427500
s3_s2sf12j2_kafka_rep4_20260612,kafka,sb-events-s3_s2sf12j2_kafka_rep4_20260612,cc6dccb1-5860-46f3-8735-8e8f428d01b9,3895107,258,6429017900,6429018300
s3_s2sf12j2_kafka_rep4_20260612,kafka,sb-events-s3_s2sf12j2_kafka_rep4_20260612,e03baa4b-601d-4da7-8fea-80b62a62484d,3895086,258,6431227000,6431227400
s3_s2sf12j2_kafka_rep4_20260612,kafka,sb-events-s3_s2sf12j2_kafka_rep4_20260612,cc6dccb1-5860-46f3-8735-8e8f428d01b9__rev2,3895107,258,6431257400,6431257600
s3_s2sf12j2_kafka_rep4_20260612,kafka,sb-events-s3_s2sf12j2_kafka_rep4_20260612,68854cd3-aa73-4048-ade3-4704949a8de0,3895086,258,6432694100,6432694400
s3_s2sf12j2_kafka_rep4_20260612,kafka,sb-events-s3_s2sf12j2_kafka_rep4_20260612,b48dd5a9-9fda-4540-9579-1eb7241c1732,3895086,258,6434171200,6434171500
s3_s2sf12j2_kafka_rep4_20260612,kafka,sb-events-s3_s2sf12j2_kafka_rep4_20260612,2e46e287-e9c1-4099-a47b-5bd15f749fdd,3895121,259,6435923900,6435924400
s3_s2sf12j2_kafka_rep4_20260612,kafka,sb-events-s3_s2sf12j2_kafka_rep4_20260612,e2076784-c7cd-4a7b-911d-32148bdcb668,3895067,259,6437255500,6437255800
s3_s2sf12j2_kafka_rep4_20260612,kafka,sb-events-s3_s2sf12j2_kafka_rep4_20260612,e9f720af-7816-4335-a7c7-128a55d24113,3895107,259,6439254800,6439255100
s3_s2sf12j2_kafka_rep4_20260612,kafka,sb-events-s3_s2sf12j2_kafka_rep4_20260612,663fed60-ccc7-45ed-b398-8c2b0921fb53,3895113,259,6441217100,6441217400
s3_s2sf12j2_kafka_rep4_20260612,kafka,sb-events-s3_s2sf12j2_kafka_rep4_20260612,9b56a464-22da-4631-8ac9-d069ad9e27a8,3895113,259,6443342100,6443342400
s3_s2sf12j2_kafka_rep4_20260612,kafka,sb-events-s3_s2sf12j2_kafka_rep4_20260612,10838d52-0301-4524-876a-0b60517930a0,3895113,259,6445045100,6445045300
s3_s2sf12j2_kafka_rep4_20260612,kafka,sb-events-s3_s2sf12j2_kafka_rep4_20260612,47215bf6-9a9b-44ef-83e0-300fed2e90e6,3895086,259,6446540400,6446540700
s3_s2sf12j2_kafka_rep4_20260612,kafka,sb-events-s3_s2sf12j2_kafka_rep4_20260612,6a23b116-5052-424c-8edb-ec17fc93049c,3895086,259,6448094500,6448094900
s3_s2sf12j2_kafka_rep4_20260612,kafka,sb-events-s3_s2sf12j2_kafka_rep4_20260612,9aa277b0-c06e-4c8f-871f-fc858ede75a1,3895095,260,6449654200,6449654700
s3_s2sf12j2_kafka_rep4_20260612,kafka,sb-events-s3_s2sf12j2_kafka_rep4_20260612,6bcac124-e4dc-45f1-b0bd-21ed8e841c40,3895121,260,6451027600,6451027900
s3_s2sf12j2_kafka_rep4_20260612,kafka,sb-events-s3_s2sf12j2_kafka_rep4_20260612,ee0a8cc6-0d4e-4359-8cdc-c4657c2527ba,3895121,260,6452873000,6452873200
s3_s2sf12j2_kafka_rep4_20260612,kafka,sb-events-s3_s2sf12j2_kafka_rep4_20260612,ea4cd5da-c431-45e1-9579-f6afcf1d18e1,3895074,260,6454711700,6454712000
s3_s2sf12j2_kafka_rep4_20260612,kafka,sb-events-s3_s2sf12j2_kafka_rep4_20260612,0125e4f0-5e8a-476d-8cfe-ea841d753ef4,3895067,260,6456570800,6456571200
s3_s2sf12j2_kafka_rep4_20260612,kafka,sb-events-s3_s2sf12j2_kafka_rep4_20260612,ed84fc85-9f8b-412f-81c2-680173fb86ae,3895074,260,6458650200,6458650600
s3_s2sf12j2_kafka_rep4_20260612,kafka,sb-events-s3_s2sf12j2_kafka_rep4_20260612,4942bd70-328f-4b42-b1a0-ca86e5ed0132,3895067,260,6460650800,6460651200
s3_s2sf12j2_kafka_rep4_20260612,kafka,sb-events-s3_s2sf12j2_kafka_rep4_20260612,5dad505a-6623-4536-b2ac-6022b8da73d4,3895107,260,6462321000,6462321200
s3_s2sf12j2_kafka_rep4_20260612,kafka,sb-events-s3_s2sf12j2_kafka_rep4_20260612,485ae714-24e3-4f42-b361-07329c135923,3895107,260,6464963500,6464963900
s3_s2sf12j2_kafka_rep4_20260612,kafka,sb-events-s3_s2sf12j2_kafka_rep4_20260612,71cc3eec-93e6-4ef6-a5c2-af39d963246d,3895113,260,6467150800,6467151100
s3_s2sf12j2_kafka_rep4_20260612,kafka,sb-events-s3_s2sf12j2_kafka_rep4_20260612,0ca04aaf-412c-44d0-a7a2-8b121880b269,3895113,260,6469182500,6469183000
s3_s2sf12j2_kafka_rep4_20260612,kafka,sb-events-s3_s2sf12j2_kafka_rep4_20260612,996cd44e-aacc-4356-94f2-018d44db541e,3895095,261,6471114900,6471115200
s3_s2sf12j2_kafka_rep4_20260612,kafka,sb-events-s3_s2sf12j2_kafka_rep4_20260612,16bc8159-f671-475a-bcba-c53e4796be16,3895074,261,6472765600,6472765900
s3_s2sf12j2_kafka_rep4_20260612,kafka,sb-events-s3_s2sf12j2_kafka_rep4_20260612,0fe5d0e6-56a8-4c1e-b502-944527c8b3b2,3895067,261,6474905000,6474905300
s3_s2sf12j2_kafka_rep4_20260612,kafka,sb-events-s3_s2sf12j2_kafka_rep4_20260612,24493149-eac2-44f2-b2f5-271189452a64,3895134,261,6476299600,6476300000
s3_s2sf12j2_kafka_rep4_20260612,kafka,sb-events-s3_s2sf12j2_kafka_rep4_20260612,cfa33c23-5e87-40cc-8d8c-c0758d159bc3,3895121,262,6478100500,6478100800
s3_s2sf12j2_kafka_rep4_20260612,kafka,sb-events-s3_s2sf12j2_kafka_rep4_20260612,10d650b0-aeb3-480f-a773-2363ee75ceac,3895074,262,6480319500,6480319900
s3_s2sf12j2_kafka_rep4_20260612,kafka,sb-events-s3_s2sf12j2_kafka_rep4_20260612,f095118b-5d42-442e-a60a-331f0f9173be,3895074,262,6481798900,6481799200
s3_s2sf12j2_kafka_rep4_20260612,kafka,sb-events-s3_s2sf12j2_kafka_rep4_20260612,514d34a6-6e55-491c-a213-7c9fa1c0b7fb,3895107,262,6483299500,6483299800
s3_s2sf12j2_kafka_rep4_20260612,kafka,sb-events-s3_s2sf12j2_kafka_rep4_20260612,4e2224cd-3e95-48e5-9712-7710ef3f1c0a,3895134,262,6484994900,6484995300
s3_s2sf12j2_kafka_rep4_20260612,kafka,sb-events-s3_s2sf12j2_kafka_rep4_20260612,f1cd4674-ad76-45d4-9628-c4e224ac2f35,3895134,262,6486813200,6486813700
s3_s2sf12j2_kafka_rep4_20260612,kafka,sb-events-s3_s2sf12j2_kafka_rep4_20260612,66caab40-09c3-446d-a427-cf45c915444d,3895086,262,6488385900,6488386100
s3_s2sf12j2_kafka_rep4_20260612,kafka,sb-events-s3_s2sf12j2_kafka_rep4_20260612,8618303d-99e2-4e41-bfce-73679717791a,3895121,263,6490379300,6490379600
s3_s2sf12j2_kafka_rep4_20260612,kafka,sb-events-s3_s2sf12j2_kafka_rep4_20260612,bc4a7ba2-d4e7-4286-8374-d79a5779f841,3895121,263,6492855400,6492855600
s3_s2sf12j2_kafka_rep4_20260612,kafka,sb-events-s3_s2sf12j2_kafka_rep4_20260612,8298e9c7-a913-4efc-a9ba-9ee43d90dcc5,3895067,263,6494159200,6494159400
s3_s2sf12j2_kafka_rep4_20260612,kafka,sb-events-s3_s2sf12j2_kafka_rep4_20260612,13e41f11-b758-4c70-b60d-97d3887b664b,3895067,263,6495490700,6495490900
s3_s2sf12j2_kafka_rep4_20260612,kafka,sb-events-s3_s2sf12j2_kafka_rep4_20260612,18d31a96-ce5f-4b9f-83fc-6d5e684cf434,3895067,263,6496934100,6496934400
s3_s2sf12j2_kafka_rep4_20260612,kafka,sb-events-s3_s2sf12j2_kafka_rep4_20260612,6282f2ed-5306-4692-97a8-018abed55a97,3895086,263,6498903000,6498903100
s3_s2sf12j2_kafka_rep4_20260612,kafka,sb-events-s3_s2sf12j2_kafka_rep4_20260612,0d575998-33de-49ca-b066-2b07f6d5b877,3895086,263,6500777500,6500777700
s3_s2sf12j2_kafka_rep4_20260612,kafka,sb-events-s3_s2sf12j2_kafka_rep4_20260612,2c155794-7231-487e-8463-a99b8c0bf033,3895086,263,6502642100,6502642600
s3_s2sf12j2_kafka_rep4_20260612,kafka,sb-events-s3_s2sf12j2_kafka_rep4_20260612,92038172-7102-4357-88a0-d66531d0be4e,3895086,263,6504276300,6504276600
s3_s2sf12j2_kafka_rep4_20260612,kafka,sb-events-s3_s2sf12j2_kafka_rep4_20260612,8fe456b1-05c6-45d3-8b82-1ac9bf0fe7be,3895067,264,6506417200,6506417700
s3_s2sf12j2_kafka_rep4_20260612,kafka,sb-events-s3_s2sf12j2_kafka_rep4_20260612,3d789615-1091-409c-85fd-685e7676feda,3895067,264,6508006500,6508006900
s3_s2sf12j2_kafka_rep4_20260612,kafka,sb-events-s3_s2sf12j2_kafka_rep4_20260612,13ee56a2-d705-49a4-ab4a-d4d369100413,3895107,264,6509665200,6509665500
s3_s2sf12j2_kafka_rep4_20260612,kafka,sb-events-s3_s2sf12j2_kafka_rep4_20260612,9c10cb13-35c4-4526-ac97-d99683b9e699,3895107,264,6511376500,6511376800
s3_s2sf12j2_kafka_rep4_20260612,kafka,sb-events-s3_s2sf12j2_kafka_rep4_20260612,efb93bf2-d768-4a93-af9f-ca59ff1274c9,3895134,264,6513253700,6513253900
s3_s2sf12j2_kafka_rep4_20260612,kafka,sb-events-s3_s2sf12j2_kafka_rep4_20260612,b6c7894b-dd9c-454c-8216-795a1b1cf868,3895134,265,6514755300,6514755600
s3_s2sf12j2_kafka_rep4_20260612,kafka,sb-events-s3_s2sf12j2_kafka_rep4_20260612,34c88955-3322-45ec-8d48-1dc784b8d9cb,3895086,265,6516194100,6516194500
s3_s2sf12j2_kafka_rep4_20260612,kafka,sb-events-s3_s2sf12j2_kafka_rep4_20260612,88b7d2c5-ea70-4802-8e21-22e5bec35408,3895086,265,6518459100,6518459500
s3_s2sf12j2_kafka_rep4_20260612,kafka,sb-events-s3_s2sf12j2_kafka_rep4_20260612,9e776352-0652-4d54-bb99-2af9245e34bd,3895121,266,6521183600,6521183900
s3_s2sf12j2_kafka_rep4_20260612,kafka,sb-events-s3_s2sf12j2_kafka_rep4_20260612,88b7d2c5-ea70-4802-8e21-22e5bec35408__rev2,3895086,265,6521219600,6521219800
s3_s2sf12j2_kafka_rep4_20260612,kafka,sb-events-s3_s2sf12j2_kafka_rep4_20260612,b554adb2-7947-471d-978b-65ab486e3695,3895107,266,6522865600,6522866000
s3_s2sf12j2_kafka_rep4_20260612,kafka,sb-events-s3_s2sf12j2_kafka_rep4_20260612,095beac9-7bb6-4509-8f3b-046dbe3256e6,3895086,266,6524455800,6524456100
s3_s2sf12j2_kafka_rep4_20260612,kafka,sb-events-s3_s2sf12j2_kafka_rep4_20260612,2180041b-af64-4877-a4d2-385bd5e76108,3895086,266,6525982100,6525982400
s3_s2sf12j2_kafka_rep4_20260612,kafka,sb-events-s3_s2sf12j2_kafka_rep4_20260612,ed4f581a-98cf-437d-b2d9-6ab817f3a8e1,3895086,266,6527352000,6527352500
s3_s2sf12j2_kafka_rep4_20260612,kafka,sb-events-s3_s2sf12j2_kafka_rep4_20260612,9e68e4a2-3f54-4586-9c97-d02b4d59c25f,3895086,266,6529070400,6529071100
s3_s2sf12j2_kafka_rep4_20260612,kafka,sb-events-s3_s2sf12j2_kafka_rep4_20260612,b9cd084b-db1f-4e4d-bb2b-8df05782ef9e,3895060,267,6530533400,6530533700
s3_s2sf12j2_kafka_rep4_20260612,kafka,sb-events-s3_s2sf12j2_kafka_rep4_20260612,4dca818c-95a9-4119-bcf7-c9ceb9b6e893,3895121,267,6532038700,6532039000
s3_s2sf12j2_kafka_rep4_20260612,kafka,sb-events-s3_s2sf12j2_kafka_rep4_20260612,46623275-b589-4b8c-a3ac-860979f10126,3895121,267,6534473000,6534473300
s3_s2sf12j2_kafka_rep4_20260612,kafka,sb-events-s3_s2sf12j2_kafka_rep4_20260612,51a56ca6-53b2-4905-a64e-1f75f54f9c22,3895074,267,6535835400,6535835700
s3_s2sf12j2_kafka_rep4_20260612,kafka,sb-events-s3_s2sf12j2_kafka_rep4_20260612,e54d1ea2-fdce-4a39-a60e-a10cbdd38c69,3895067,267,6537550800,6537551200
s3_s2sf12j2_kafka_rep4_20260612,kafka,sb-events-s3_s2sf12j2_kafka_rep4_20260612,1e1a8680-84d3-44a8-a763-d0c2f61ccaef,3895107,267,6539239100,6539239500
s3_s2sf12j2_kafka_rep4_20260612,kafka,sb-events-s3_s2sf12j2_kafka_rep4_20260612,343781b7-0e28-4c1a-9519-e9a223c4a2ab,3895086,267,6540950800,6540951100
s3_s2sf12j2_kafka_rep4_20260612,kafka,sb-events-s3_s2sf12j2_kafka_rep4_20260612,bd4fd27a-af25-48c9-b982-579d4156695a,3895086,267,6542392500,6542392800
s3_s2sf12j2_kafka_rep4_20260612,kafka,sb-events-s3_s2sf12j2_kafka_rep4_20260612,0b59b3bf-4601-4c24-8885-60395189f536,3895086,267,6543773700,6543774000
s3_s2sf12j2_kafka_rep4_20260612,kafka,sb-events-s3_s2sf12j2_kafka_rep4_20260612,0fba1ad7-479b-4b6d-bc7b-6c018c155cf0,3895074,268,6545444600,6545444900
s3_s2sf12j2_kafka_rep4_20260612,kafka,sb-events-s3_s2sf12j2_kafka_rep4_20260612,ee0a6df8-5cef-40c1-9e50-478ba581f659,3895074,268,6547332800,6547333200
s3_s2sf12j2_kafka_rep4_20260612,kafka,sb-events-s3_s2sf12j2_kafka_rep4_20260612,fd1049b3-6c01-4bcf-9e28-659dc18d76be,3895067,268,6548681100,6548681500
s3_s2sf12j2_kafka_rep4_20260612,kafka,sb-events-s3_s2sf12j2_kafka_rep4_20260612,c885f171-2860-4119-9ee5-46c6577051c7,3895067,268,6550449700,6550450000
s3_s2sf12j2_kafka_rep4_20260612,kafka,sb-events-s3_s2sf12j2_kafka_rep4_20260612,dd5cc896-95a8-4dde-b096-19f8a35fedae,3895067,268,6552292400,6552292700
s3_s2sf12j2_kafka_rep4_20260612,kafka,sb-events-s3_s2sf12j2_kafka_rep4_20260612,d2605132-7102-44cd-989b-463ca323eadd,3895067,268,6553947100,6553947400
s3_s2sf12j2_kafka_rep4_20260612,kafka,sb-events-s3_s2sf12j2_kafka_rep4_20260612,c8b2a6c1-0af0-40cb-954c-fc5b21ed2a10,3895107,268,6555875800,6555876100
s3_s2sf12j2_kafka_rep4_20260612,kafka,sb-events-s3_s2sf12j2_kafka_rep4_20260612,391c6d6b-904b-4a03-8e42-64066fa8bd04,3895107,268,6557201500,6557201900
s3_s2sf12j2_kafka_rep4_20260612,kafka,sb-events-s3_s2sf12j2_kafka_rep4_20260612,e74c249e-23f6-4b45-b6d3-1314c1b07372,3895134,268,6558938300,6558938700
s3_s2sf12j2_kafka_rep4_20260612,kafka,sb-events-s3_s2sf12j2_kafka_rep4_20260612,c83ebc9a-b029-493e-8581-ec84cacecafd,3895134,268,6560496600,6560496800
s3_s2sf12j2_kafka_rep4_20260612,kafka,sb-events-s3_s2sf12j2_kafka_rep4_20260612,aca80b04-2892-4c4f-888e-df76c7567817,3895086,268,6562238300,6562238800
s3_s2sf12j2_kafka_rep4_20260612,kafka,sb-events-s3_s2sf12j2_kafka_rep4_20260612,0cde918a-e527-4076-8a12-e5a60f799698,3895086,268,6563574900,6563575200
s3_s2sf12j2_kafka_rep4_20260612,kafka,sb-events-s3_s2sf12j2_kafka_rep4_20260612,338ab47a-b28f-4c2b-bd70-7e12984b30fc,3895060,269,6565303400,6565304100
s3_s2sf12j2_kafka_rep4_20260612,kafka,sb-events-s3_s2sf12j2_kafka_rep4_20260612,01628134-a403-45a5-9d2d-22b3bfe0979c,3895060,269,6566803200,6566803500
s3_s2sf12j2_kafka_rep4_20260612,kafka,sb-events-s3_s2sf12j2_kafka_rep4_20260612,1f368669-6dbe-435c-a840-a7460f2a4eb8,3895121,269,6569118600,6569118900
s3_s2sf12j2_kafka_rep4_20260612,kafka,sb-events-s3_s2sf12j2_kafka_rep4_20260612,723e6795-1547-43a5-8c9e-2aed6477cf78,3895121,269,6570855900,6570856300
s3_s2sf12j2_kafka_rep4_20260612,kafka,sb-events-s3_s2sf12j2_kafka_rep4_20260612,afa22405-2040-43ab-b197-f2419187cd98,3895074,269,6572880200,6572880600
s3_s2sf12j2_kafka_rep4_20260612,kafka,sb-events-s3_s2sf12j2_kafka_rep4_20260612,177f2b40-74c1-40e8-bec1-804b49c2c305,3895107,269,6574795500,6574795800
s3_s2sf12j2_kafka_rep4_20260612,kafka,sb-events-s3_s2sf12j2_kafka_rep4_20260612,6eaa0b6f-a268-4df3-8485-181924de80a4,3895060,270,6576595300,6576595600
s3_s2sf12j2_kafka_rep4_20260612,kafka,sb-events-s3_s2sf12j2_kafka_rep4_20260612,42078d0a-8356-4d5f-8c14-9258e6893705,3895060,270,6578328000,6578328400
s3_s2sf12j2_kafka_rep4_20260612,kafka,sb-events-s3_s2sf12j2_kafka_rep4_20260612,e8deba9d-f61c-4666-89ca-9aac01e5ed15,3895060,270,6579786600,6579786900
s3_s2sf12j2_kafka_rep4_20260612,kafka,sb-events-s3_s2sf12j2_kafka_rep4_20260612,01bb8b26-990c-48f7-85c8-d20de30bddea,3895074,270,6581798000,6581798300
s3_s2sf12j2_kafka_rep4_20260612,kafka,sb-events-s3_s2sf12j2_kafka_rep4_20260612,3583f06d-21fc-45fc-b46a-01fe1867d33b,3895074,270,6583026600,6583026900
s3_s2sf12j2_kafka_rep4_20260612,kafka,sb-events-s3_s2sf12j2_kafka_rep4_20260612,dfba11df-0765-423a-bb4f-a4a1b86cc36e,3895074,270,6584695500,6584695900
s3_s2sf12j2_kafka_rep4_20260612,kafka,sb-events-s3_s2sf12j2_kafka_rep4_20260612,d514dd51-cbc8-4d01-a300-dc01767fd9d5,3895067,270,6586389100,6586389300
s3_s2sf12j2_kafka_rep4_20260612,kafka,sb-events-s3_s2sf12j2_kafka_rep4_20260612,7f6e4468-5f83-4886-80bb-75c5a0d8ff6d,3895067,270,6588058100,6588058400
s3_s2sf12j2_kafka_rep4_20260612,kafka,sb-events-s3_s2sf12j2_kafka_rep4_20260612,977ef353-dfbd-4e2c-a5a2-37786c84f1f3,3895107,270,6589724000,6589724300
s3_s2sf12j2_kafka_rep4_20260612,kafka,sb-events-s3_s2sf12j2_kafka_rep4_20260612,1e9330b6-39e2-4a05-bf78-c117c52f08e8,3895107,270,6591429700,6591429900
s3_s2sf12j2_kafka_rep4_20260612,kafka,sb-events-s3_s2sf12j2_kafka_rep4_20260612,8aed6f04-02ac-4e12-be25-8acf290f30a7,3895107,270,6593374000,6593374400
s3_s2sf12j2_kafka_rep4_20260612,kafka,sb-events-s3_s2sf12j2_kafka_rep4_20260612,bc0b8dcf-0f27-4a89-ba32-bc747d9bc952,3895134,270,6595231100,6595231400
s3_s2sf12j2_kafka_rep4_20260612,kafka,sb-events-s3_s2sf12j2_kafka_rep4_20260612,e9ba22ee-8e47-4642-9ed4-f11566f547de,3895086,270,6597075400,6597075700
s3_s2sf12j2_kafka_rep4_20260612,kafka,sb-events-s3_s2sf12j2_kafka_rep4_20260612,5581ad54-dcfa-4b43-8955-ab459b7cc83d,3895060,271,6599414300,6599414900
s3_s2sf12j2_kafka_rep4_20260612,kafka,sb-events-s3_s2sf12j2_kafka_rep4_20260612,44a9ff5c-461a-4345-8903-b8369f454bab,3895121,271,6601095800,6601096000
s3_s2sf12j2_kafka_rep4_20260612,kafka,sb-events-s3_s2sf12j2_kafka_rep4_20260612,1fdfc1cf-dc92-4683-9358-6644a102d190,3895067,271,6603063300,6603063700
s3_s2sf12j2_kafka_rep4_20260612,kafka,sb-events-s3_s2sf12j2_kafka_rep4_20260612,1036de56-68da-4a7d-ae7a-0c2693862ce9,3895067,271,6604606700,6604607200
s3_s2sf12j2_kafka_rep4_20260612,kafka,sb-events-s3_s2sf12j2_kafka_rep4_20260612,1036de56-68da-4a7d-ae7a-0c2693862ce9__rev2,3895067,271,6606661600,6606661900
s3_s2sf12j2_kafka_rep4_20260612,kafka,sb-events-s3_s2sf12j2_kafka_rep4_20260612,07406593-3095-4290-a316-b490ea348684,3895067,271,6606691300,6606691500
s3_s2sf12j2_kafka_rep4_20260612,kafka,sb-events-s3_s2sf12j2_kafka_rep4_20260612,00119947-82ad-443c-af11-6dd33262c767,3895052,271,6608295300,6608295700
s3_s2sf12j2_kafka_rep4_20260612,kafka,sb-events-s3_s2sf12j2_kafka_rep4_20260612,0267a16d-9851-474d-b248-83f9736881eb,3895107,271,6610136400,6610136600
s3_s2sf12j2_kafka_rep4_20260612,kafka,sb-events-s3_s2sf12j2_kafka_rep4_20260612,6e729421-0bbd-49c9-b3d7-487e8f0d20dd,3895107,271,6611421100,6611421500
s3_s2sf12j2_kafka_rep4_20260612,kafka,sb-events-s3_s2sf12j2_kafka_rep4_20260612,a4412978-7f9a-4fc3-b054-1cd626d5abfd,3895107,271,6613530900,6613531200
s3_s2sf12j2_kafka_rep4_20260612,kafka,sb-events-s3_s2sf12j2_kafka_rep4_20260612,86c9ab13-4b82-4056-ae14-1fc5594b80fd,3895107,271,6615513400,6615513800
s3_s2sf12j2_kafka_rep4_20260612,kafka,sb-events-s3_s2sf12j2_kafka_rep4_20260612,bc947e40-b3f2-4f11-9aea-31ada13bfb38,3895107,271,6617491400,6617491900
s3_s2sf12j2_kafka_rep4_20260612,kafka,sb-events-s3_s2sf12j2_kafka_rep4_20260612,74542926-021d-4bd8-8a65-0130ef27dc9e,3895074,272,6618817900,6618818200
s3_s2sf12j2_kafka_rep4_20260612,kafka,sb-events-s3_s2sf12j2_kafka_rep4_20260612,0419fc46-4002-44ec-ae27-ee60e5e41bdc,3895074,272,6621235800,6621236300
s3_s2sf12j2_kafka_rep4_20260612,kafka,sb-events-s3_s2sf12j2_kafka_rep4_20260612,13575c0f-d745-415b-980c-2927d9b04576,3895107,272,6622955200,6622955500
s3_s2sf12j2_kafka_rep4_20260612,kafka,sb-events-s3_s2sf12j2_kafka_rep4_20260612,5d1aff3f-0748-4407-b489-77cd8f595cc5,3895060,273,6624944500,6624944900
s3_s2sf12j2_kafka_rep4_20260612,kafka,sb-events-s3_s2sf12j2_kafka_rep4_20260612,fb2e4456-06c9-402f-8b09-37b2a0a85011,3895060,273,6626978600,6626979100
s3_s2sf12j2_kafka_rep4_20260612,kafka,sb-events-s3_s2sf12j2_kafka_rep4_20260612,14f03a0a-69ac-45c2-9584-3133cfcdf441,3895121,273,6628604400,6628604700
s3_s2sf12j2_kafka_rep4_20260612,kafka,sb-events-s3_s2sf12j2_kafka_rep4_20260612,2e5d777b-b87c-4193-9c66-2dc4f9799c0a,3895121,273,6630442300,6630442600
s3_s2sf12j2_kafka_rep4_20260612,kafka,sb-events-s3_s2sf12j2_kafka_rep4_20260612,e6500334-9172-4211-86d2-4367cd05906d,3895074,273,6631828700,6631829000
s3_s2sf12j2_kafka_rep4_20260612,kafka,sb-events-s3_s2sf12j2_kafka_rep4_20260612,47f7c1fd-4df8-4d04-8596-5ca260499f6c,3895107,273,6633563900,6633564200
s3_s2sf12j2_kafka_rep4_20260612,kafka,sb-events-s3_s2sf12j2_kafka_rep4_20260612,0b89a38a-1b1e-41f8-a0b7-590546850b3c,3895107,273,6635052700,6635053200
s3_s2sf12j2_kafka_rep4_20260612,kafka,sb-events-s3_s2sf12j2_kafka_rep4_20260612,705881f6-76d6-46d2-a301-243af6757449,3895107,273,6636551400,6636551800
s3_s2sf12j2_kafka_rep4_20260612,kafka,sb-events-s3_s2sf12j2_kafka_rep4_20260612,50f26d4f-3cb8-4532-9185-4a10012037a5,3895107,273,6639001700,6639001900
s3_s2sf12j2_kafka_rep4_20260612,kafka,sb-events-s3_s2sf12j2_kafka_rep4_20260612,c8deccf2-d454-445c-ad38-9cc2eb62faf5,3895060,274,6641040300,6641040700
s3_s2sf12j2_kafka_rep4_20260612,kafka,sb-events-s3_s2sf12j2_kafka_rep4_20260612,ae390965-1a6c-455f-b3ca-922cf7b54142,3895121,274,6642611300,6642611800
s3_s2sf12j2_kafka_rep4_20260612,kafka,sb-events-s3_s2sf12j2_kafka_rep4_20260612,6919c78c-5325-4109-82e5-f5c2db07e3e9,3895074,274,6644613300,6644613700
s3_s2sf12j2_kafka_rep4_20260612,kafka,sb-events-s3_s2sf12j2_kafka_rep4_20260612,9f9621bb-4395-4d3a-a51e-1e5352417f9c,3895074,274,6646193800,6646194100
s3_s2sf12j2_kafka_rep4_20260612,kafka,sb-events-s3_s2sf12j2_kafka_rep4_20260612,91bb7ef0-a5ae-46fe-b05b-ba8dd1589f69,3895074,274,6647897000,6647897300
s3_s2sf12j2_kafka_rep4_20260612,kafka,sb-events-s3_s2sf12j2_kafka_rep4_20260612,8f2b509c-1b20-4fee-b757-e93b371d3008,3895052,274,6649686300,6649686700
s3_s2sf12j2_kafka_rep4_20260612,kafka,sb-events-s3_s2sf12j2_kafka_rep4_20260612,ad9f5632-f016-4768-bb7f-f954877f062a,3895052,274,6651561200,6651561500
s3_s2sf12j2_kafka_rep4_20260612,kafka,sb-events-s3_s2sf12j2_kafka_rep4_20260612,18e2c4a7-33ef-460e-9455-d33add609933,3895107,274,6653553600,6653554000
s3_s2sf12j2_kafka_rep4_20260612,kafka,sb-events-s3_s2sf12j2_kafka_rep4_20260612,bebba0a9-6275-4627-896b-8ed0fb80dae6,3895107,274,6655055700,6655056000
s3_s2sf12j2_kafka_rep4_20260612,kafka,sb-events-s3_s2sf12j2_kafka_rep4_20260612,3a395ce8-2863-48f0-9c25-dc5b497d7340,3895060,275,6656807200,6656807600
s3_s2sf12j2_kafka_rep4_20260612,kafka,sb-events-s3_s2sf12j2_kafka_rep4_20260612,e3ee7bfb-48b2-4421-aa5e-3d42632496ae,3895060,275,6658176100,6658176300
s3_s2sf12j2_kafka_rep4_20260612,kafka,sb-events-s3_s2sf12j2_kafka_rep4_20260612,9cbd77fd-6ab8-4c45-b0cb-21beb14be19c,3895067,275,6660108900,6660109100
s3_s2sf12j2_kafka_rep4_20260612,kafka,sb-events-s3_s2sf12j2_kafka_rep4_20260612,69d57cf5-7da9-48d1-9f9d-a8929a77f91b,3895052,275,6662060200,6662060400
s3_s2sf12j2_kafka_rep4_20260612,kafka,sb-events-s3_s2sf12j2_kafka_rep4_20260612,06904d29-3849-430d-8a89-6dfe0363c0aa,3895052,275,6663577300,6663577500
s3_s2sf12j2_kafka_rep4_20260612,kafka,sb-events-s3_s2sf12j2_kafka_rep4_20260612,9c2de277-bdcb-4d07-87fd-aaa32b58aa09,3895113,275,6665574700,6665575100
s3_s2sf12j2_kafka_rep4_20260612,kafka,sb-events-s3_s2sf12j2_kafka_rep4_20260612,3e029e4b-2571-4ea8-805a-a3e6062ffc31,3895060,276,6667562500,6667562800
s3_s2sf12j2_kafka_rep4_20260612,kafka,sb-events-s3_s2sf12j2_kafka_rep4_20260612,25ed9580-8a5c-468c-9a49-d265d1628d7c,3895060,276,6669356600,6669357000
s3_s2sf12j2_kafka_rep4_20260612,kafka,sb-events-s3_s2sf12j2_kafka_rep4_20260612,24e7d246-d03c-4463-9647-764ef1571c7b,3895060,276,6671328300,6671328600
s3_s2sf12j2_kafka_rep4_20260612,kafka,sb-events-s3_s2sf12j2_kafka_rep4_20260612,5d3ea8bf-19e4-4faa-b170-4213f4e8a325,3895121,276,6672885100,6672885400
s3_s2sf12j2_kafka_rep4_20260612,kafka,sb-events-s3_s2sf12j2_kafka_rep4_20260612,ab0f44f8-edc0-4be0-9286-f7a48ce1d621,3895074,276,6674490000,6674490300
s3_s2sf12j2_kafka_rep4_20260612,kafka,sb-events-s3_s2sf12j2_kafka_rep4_20260612,d5550ce2-817b-45ec-b62d-eaf2c9168046,3895074,276,6676708500,6676708900
s3_s2sf12j2_kafka_rep4_20260612,kafka,sb-events-s3_s2sf12j2_kafka_rep4_20260612,ad174cea-e878-4b47-bac6-e43587231760,3895067,276,6678704800,6678705100
s3_s2sf12j2_kafka_rep4_20260612,kafka,sb-events-s3_s2sf12j2_kafka_rep4_20260612,40babdd6-38b1-4e24-8e68-91d2b1cb2640,3895074,276,6681263100,6681263600
s3_s2sf12j2_kafka_rep4_20260612,kafka,sb-events-s3_s2sf12j2_kafka_rep4_20260612,f20e0998-f0f2-4f59-a826-427a42aff538,3895067,276,6682724600,6682724900
s3_s2sf12j2_kafka_rep4_20260612,kafka,sb-events-s3_s2sf12j2_kafka_rep4_20260612,3a855901-93d7-4b45-94b2-4c0f6c0e82ed,3895067,276,6684498700,6684499100
s3_s2sf12j2_kafka_rep4_20260612,kafka,sb-events-s3_s2sf12j2_kafka_rep4_20260612,b14b6ebe-eca3-4487-8f1d-10c596a36043,3895067,276,6686415000,6686415300
s3_s2sf12j2_kafka_rep4_20260612,kafka,sb-events-s3_s2sf12j2_kafka_rep4_20260612,cfcb5f7a-11c5-4c7d-aca0-34a607c28528,3895067,276,6688718700,6688719000
s3_s2sf12j2_kafka_rep4_20260612,kafka,sb-events-s3_s2sf12j2_kafka_rep4_20260612,e84ef588-3bfd-48b9-af0f-1de178e3704f,3895067,276,6690257800,6690258000
s3_s2sf12j2_kafka_rep4_20260612,kafka,sb-events-s3_s2sf12j2_kafka_rep4_20260612,4cacd608-9f81-4f99-a2ee-6215f1c722dc,3895052,276,6692939800,6692940200
s3_s2sf12j2_kafka_rep4_20260612,kafka,sb-events-s3_s2sf12j2_kafka_rep4_20260612,7cc8a6ee-1fe0-4a05-96ee-79c9193f1042,3895134,276,6696499300,6696499700
s3_s2sf12j2_kafka_rep4_20260612,kafka,sb-events-s3_s2sf12j2_kafka_rep4_20260612,868323ed-f7b6-4532-b538-6da877f8c6ea,3895134,276,6698774000,6698774400
s3_s2sf12j2_kafka_rep4_20260612,kafka,sb-events-s3_s2sf12j2_kafka_rep4_20260612,018bfbd5-8993-41c6-9f87-96900fdb3b6b,3895052,277,6701210300,6701210600
s3_s2sf12j2_kafka_rep4_20260612,kafka,sb-events-s3_s2sf12j2_kafka_rep4_20260612,868323ed-f7b6-4532-b538-6da877f8c6ea__rev2,3895134,276,6701251000,6701251300
s3_s2sf12j2_kafka_rep4_20260612,kafka,sb-events-s3_s2sf12j2_kafka_rep4_20260612,e12d511e-1106-4f3b-bf88-d506519c4884,3895052,277,6703288000,6703288300
s3_s2sf12j2_kafka_rep4_20260612,kafka,sb-events-s3_s2sf12j2_kafka_rep4_20260612,c1ce0b69-c83b-4203-a004-0cc06eaaea18,3895052,277,6705116700,6705117000
s3_s2sf12j2_kafka_rep4_20260612,kafka,sb-events-s3_s2sf12j2_kafka_rep4_20260612,94b39728-4689-424b-998b-45215151d294,3895113,277,6707963900,6707964300
s3_s2sf12j2_kafka_rep4_20260612,kafka,sb-events-s3_s2sf12j2_kafka_rep4_20260612,2e59a3f6-708e-4f6d-9857-0db997357252,3895107,277,6710067700,6710068000
s3_s2sf12j2_kafka_rep4_20260612,kafka,sb-events-s3_s2sf12j2_kafka_rep4_20260612,6f9a912e-8839-48b1-8ff9-2642edecd22e,3895134,277,6712496900,6712497300
s3_s2sf12j2_kafka_rep4_20260612,kafka,sb-events-s3_s2sf12j2_kafka_rep4_20260612,8fc24d79-0a41-4f88-99d7-204758d39b89,3895134,277,6714447400,6714447800
s3_s2sf12j2_kafka_rep4_20260612,kafka,sb-events-s3_s2sf12j2_kafka_rep4_20260612,baf0b43d-7488-4aba-aac8-3be34e44c57e,3895060,278,6716016700,6716017200
s3_s2sf12j2_kafka_rep4_20260612,kafka,sb-events-s3_s2sf12j2_kafka_rep4_20260612,0d8489b9-7f91-4328-b9aa-66d7c5e770c4,3895060,278,6717755800,6717756100
s3_s2sf12j2_kafka_rep4_20260612,kafka,sb-events-s3_s2sf12j2_kafka_rep4_20260612,f5ac72a0-313e-4115-9141-cb1c511e5982,3895060,278,6719653800,6719654400
s3_s2sf12j2_kafka_rep4_20260612,kafka,sb-events-s3_s2sf12j2_kafka_rep4_20260612,a9d798fa-3d9d-4b30-9e68-36e6d3883cd3,3895052,278,6721494600,6721494900
s3_s2sf12j2_kafka_rep4_20260612,kafka,sb-events-s3_s2sf12j2_kafka_rep4_20260612,a59fc0f2-8e48-4685-a06b-7b4dddeef5ee,3895052,278,6723327100,6723327400
s3_s2sf12j2_kafka_rep4_20260612,kafka,sb-events-s3_s2sf12j2_kafka_rep4_20260612,2ae64d10-519e-4f7d-8016-1e7020ea6102,3895113,278,6724899100,6724899400
s3_s2sf12j2_kafka_rep4_20260612,kafka,sb-events-s3_s2sf12j2_kafka_rep4_20260612,6c225640-f176-4e3d-ac14-90e4c5e92771,3895107,278,6726615000,6726615500
s3_s2sf12j2_kafka_rep4_20260612,kafka,sb-events-s3_s2sf12j2_kafka_rep4_20260612,4b050067-d4a7-4ccf-8e57-bca82a28a6d4,3895107,278,6728242100,6728242400
s3_s2sf12j2_kafka_rep4_20260612,kafka,sb-events-s3_s2sf12j2_kafka_rep4_20260612,49cf4fe8-b797-43be-ac83-247a4ec230d6,3895067,279,6730093700,6730094000
s3_s2sf12j2_kafka_rep4_20260612,kafka,sb-events-s3_s2sf12j2_kafka_rep4_20260612,910ee5d4-a9ee-4e89-9716-f1fa16a2a1a8,3895067,279,6731723400,6731723700
s3_s2sf12j2_kafka_rep4_20260612,kafka,sb-events-s3_s2sf12j2_kafka_rep4_20260612,2cab364f-9f1a-48d5-84a0-39eb53d6a523,3895107,279,6733330900,6733331300
s3_s2sf12j2_kafka_rep4_20260612,kafka,sb-events-s3_s2sf12j2_kafka_rep4_20260612,8d0c4828-6ecc-4c3a-ad37-c9ef7b46bae6,3895060,280,6735339600,6735339900
s3_s2sf12j2_kafka_rep4_20260612,kafka,sb-events-s3_s2sf12j2_kafka_rep4_20260612,e2545d71-6cb3-4d04-b512-29634e629949,3895060,280,6736952900,6736953100
s3_s2sf12j2_kafka_rep4_20260612,kafka,sb-events-s3_s2sf12j2_kafka_rep4_20260612,5658732c-8910-4bc4-b28f-cf8177cced8f,3895074,280,6739038800,6739039100
s3_s2sf12j2_kafka_rep4_20260612,kafka,sb-events-s3_s2sf12j2_kafka_rep4_20260612,1a2f1bb2-b17c-4251-964c-c55a609354dc,3895067,280,6741015800,6741016200
s3_s2sf12j2_kafka_rep4_20260612,kafka,sb-events-s3_s2sf12j2_kafka_rep4_20260612,9238108d-5286-460e-a544-1977259b4b14,3895067,280,6742713300,6742713600
s3_s2sf12j2_kafka_rep4_20260612,kafka,sb-events-s3_s2sf12j2_kafka_rep4_20260612,4274c45b-a4a8-4d35-b735-92673ff7bb85,3895107,280,6744378500,6744378900
s3_s2sf12j2_kafka_rep4_20260612,kafka,sb-events-s3_s2sf12j2_kafka_rep4_20260612,ffad8e12-d947-4590-a5cd-09ad0a25fda0,3895107,280,6746598500,6746598800
s3_s2sf12j2_kafka_rep4_20260612,kafka,sb-events-s3_s2sf12j2_kafka_rep4_20260612,9e65c182-64c2-458a-b4a6-046ac7633e88,3895107,280,6748163500,6748163900
s3_s2sf12j2_kafka_rep4_20260612,kafka,sb-events-s3_s2sf12j2_kafka_rep4_20260612,d9b862fb-af09-4321-a4ba-3fbac00741ea,3895107,280,6749963000,6749963300
s3_s2sf12j2_kafka_rep4_20260612,kafka,sb-events-s3_s2sf12j2_kafka_rep4_20260612,2efcc702-f0a6-4e9d-a945-d4a1a1df34e7,3895121,281,6751549300,6751549700
s3_s2sf12j2_kafka_rep4_20260612,kafka,sb-events-s3_s2sf12j2_kafka_rep4_20260612,7473579b-eaa2-4648-a82c-d30461462a01,3895067,281,6753915600,6753915900
s3_s2sf12j2_kafka_rep4_20260612,kafka,sb-events-s3_s2sf12j2_kafka_rep4_20260612,8bd03049-5688-479a-b578-c689c3828aad,3895067,281,6755821900,6755822400
s3_s2sf12j2_kafka_rep4_20260612,kafka,sb-events-s3_s2sf12j2_kafka_rep4_20260612,52171c5c-7129-4cfe-bf36-3f3933d86f9f,3895067,281,6757798100,6757798600
s3_s2sf12j2_kafka_rep4_20260612,kafka,sb-events-s3_s2sf12j2_kafka_rep4_20260612,7bfa15b0-20b4-444d-b3a4-8e0d1d2d60ce,3895067,281,6759767400,6759767600
s3_s2sf12j2_kafka_rep4_20260612,kafka,sb-events-s3_s2sf12j2_kafka_rep4_20260612,513566a5-0596-433d-b838-5a0ecbbb6391,3895052,281,6762059400,6762059900
s3_s2sf12j2_kafka_rep4_20260612,kafka,sb-events-s3_s2sf12j2_kafka_rep4_20260612,5752b5a5-7543-4f2b-b691-05f80bfdfdb4,3895113,281,6763565600,6763565800
s3_s2sf12j2_kafka_rep4_20260612,kafka,sb-events-s3_s2sf12j2_kafka_rep4_20260612,deff4a58-2b46-4ee3-afb5-7beaa4e271cf,3895113,281,6765706100,6765706500
s3_s2sf12j2_kafka_rep4_20260612,kafka,sb-events-s3_s2sf12j2_kafka_rep4_20260612,f8ee9336-adc4-46ed-9a34-53bc427ca7dc,3895121,282,6767712200,6767712800
s3_s2sf12j2_kafka_rep4_20260612,kafka,sb-events-s3_s2sf12j2_kafka_rep4_20260612,c8d6e150-201e-40de-bbf2-56fb717bab49,3895121,282,6769719300,6769719700
s3_s2sf12j2_kafka_rep4_20260612,kafka,sb-events-s3_s2sf12j2_kafka_rep4_20260612,97b9f2ad-35c3-49e8-8e35-900be9cf79b3,3895074,282,6771613800,6771614100
s3_s2sf12j2_kafka_rep4_20260612,kafka,sb-events-s3_s2sf12j2_kafka_rep4_20260612,a44cbcbf-12ed-49a6-9d32-2c82422cb944,3895074,282,6773722400,6773722600
s3_s2sf12j2_kafka_rep4_20260612,kafka,sb-events-s3_s2sf12j2_kafka_rep4_20260612,9aaa2778-697e-4c11-82eb-8c57f2d4ec16,3895052,282,6775612300,6775612600
s3_s2sf12j2_kafka_rep4_20260612,kafka,sb-events-s3_s2sf12j2_kafka_rep4_20260612,1a72cf08-746a-4d2b-907f-05cc7a7e8f01,3895052,282,6777740700,6777741000
s3_s2sf12j2_kafka_rep4_20260612,kafka,sb-events-s3_s2sf12j2_kafka_rep4_20260612,315fc20d-7643-46e6-8d84-3cfb7816d4d4,3895107,282,6779876200,6779876800
s3_s2sf12j2_kafka_rep4_20260612,kafka,sb-events-s3_s2sf12j2_kafka_rep4_20260612,8c947879-4c6e-4acd-ac86-b132ac1078c3,3895107,282,6781782000,6781782300
s3_s2sf12j2_kafka_rep4_20260612,kafka,sb-events-s3_s2sf12j2_kafka_rep4_20260612,bd91d331-3fad-4773-b280-31b8e2669675,3895107,282,6783736100,6783736500
s3_s2sf12j2_kafka_rep4_20260612,kafka,sb-events-s3_s2sf12j2_kafka_rep4_20260612,2cd0c91a-68f3-4c69-b978-da4ecf01bde4,3895121,283,6785889100,6785889600
s3_s2sf12j2_kafka_rep4_20260612,kafka,sb-events-s3_s2sf12j2_kafka_rep4_20260612,3a3e5e21-de4e-4bd2-affa-64baa9598327,3895067,283,6787892400,6787892700
s3_s2sf12j2_kafka_rep4_20260612,kafka,sb-events-s3_s2sf12j2_kafka_rep4_20260612,3997464c-8bb8-48c4-ba87-2c3428361a16,3895052,283,6789758500,6789758800
s3_s2sf12j2_kafka_rep4_20260612,kafka,sb-events-s3_s2sf12j2_kafka_rep4_20260612,b7143e0f-b3b7-4e41-88e9-0813c82c834f,3895107,283,6791515900,6791516300
s3_s2sf12j2_kafka_rep4_20260612,kafka,sb-events-s3_s2sf12j2_kafka_rep4_20260612,52174727-508f-4236-b78d-96aacfb5d310,3895107,283,6793760700,6793761200
s3_s2sf12j2_kafka_rep4_20260612,kafka,sb-events-s3_s2sf12j2_kafka_rep4_20260612,e94e2b5f-2092-418d-adb7-2a6f17b89379,3895060,284,6795578300,6795578700
s3_s2sf12j2_kafka_rep4_20260612,kafka,sb-events-s3_s2sf12j2_kafka_rep4_20260612,d713fc77-ffb3-4552-97d8-219bc743bbbd,3895121,284,6797961900,6797962400
s3_s2sf12j2_kafka_rep4_20260612,kafka,sb-events-s3_s2sf12j2_kafka_rep4_20260612,e94e2b5f-2092-418d-adb7-2a6f17b89379__rev2,3895060,284,6798013500,6798014000
s3_s2sf12j2_kafka_rep4_20260612,kafka,sb-events-s3_s2sf12j2_kafka_rep4_20260612,368713b6-97c5-443c-9fd1-4afb44a00723,3895121,284,6800294200,6800294500
s3_s2sf12j2_kafka_rep4_20260612,kafka,sb-events-s3_s2sf12j2_kafka_rep4_20260612,cad4a11b-995b-4d03-a3f1-02007a646905,3895121,284,6802028700,6802029000
s3_s2sf12j2_kafka_rep4_20260612,kafka,sb-events-s3_s2sf12j2_kafka_rep4_20260612,508812af-8f6e-40e5-b3ed-7b2d494bc38d,3895067,284,6804128600,6804129000
s3_s2sf12j2_kafka_rep4_20260612,kafka,sb-events-s3_s2sf12j2_kafka_rep4_20260612,e1c51bfa-af34-42e9-9204-05fbadc7713b,3895067,284,6805932400,6805932900
s3_s2sf12j2_kafka_rep4_20260612,kafka,sb-events-s3_s2sf12j2_kafka_rep4_20260612,3cf8259d-cc18-447f-a465-d72dc70c4da2,3895113,284,6807396400,6807396800
s3_s2sf12j2_kafka_rep4_20260612,kafka,sb-events-s3_s2sf12j2_kafka_rep4_20260612,53051d4a-9f6c-484d-8b94-e11b91a1776b,3895052,284,6808981500,6808981700
s3_s2sf12j2_kafka_rep4_20260612,kafka,sb-events-s3_s2sf12j2_kafka_rep4_20260612,d0e24332-4557-4964-a5c1-deeac13c4cbe,3895052,284,6810483900,6810484400
s3_s2sf12j2_kafka_rep4_20260612,kafka,sb-events-s3_s2sf12j2_kafka_rep4_20260612,568df90e-0d23-44bf-8c96-729a611c51c4,3895107,284,6812017100,6812017400
s3_s2sf12j2_kafka_rep4_20260612,kafka,sb-events-s3_s2sf12j2_kafka_rep4_20260612,e0b1d442-0d16-4a88-9444-333968dc8cea,3895107,284,6813644700,6813645000
s3_s2sf12j2_kafka_rep4_20260612,kafka,sb-events-s3_s2sf12j2_kafka_rep4_20260612,b6be47be-1e4f-45ae-8cd1-cdd58669ebe7,3895121,285,6815671000,6815671200
s3_s2sf12j2_kafka_rep4_20260612,kafka,sb-events-s3_s2sf12j2_kafka_rep4_20260612,016e5e03-8ae5-443c-8aa6-10076b5ed010,3895121,285,6817245900,6817246100
s3_s2sf12j2_kafka_rep4_20260612,kafka,sb-events-s3_s2sf12j2_kafka_rep4_20260612,d93ea45f-d401-4624-9c71-e74e636938ed,3895052,285,6818780000,6818780300
s3_s2sf12j2_kafka_rep4_20260612,kafka,sb-events-s3_s2sf12j2_kafka_rep4_20260612,3f9279c0-50e8-46e7-985d-3085893e0dd2,3895060,286,6820706700,6820707200
s3_s2sf12j2_kafka_rep4_20260612,kafka,sb-events-s3_s2sf12j2_kafka_rep4_20260612,dceab60f-ca34-4ec5-a4cf-4425124f24fe,3895060,286,6822487800,6822488200
s3_s2sf12j2_kafka_rep4_20260612,kafka,sb-events-s3_s2sf12j2_kafka_rep4_20260612,b9ea5a4c-9efb-498e-b63f-87006c8d0afe,3895060,286,6823933400,6823933700
s3_s2sf12j2_kafka_rep4_20260612,kafka,sb-events-s3_s2sf12j2_kafka_rep4_20260612,9d0d68a1-257a-4c76-91c7-393de106a90d,3895074,286,6826126900,6826127300
s3_s2sf12j2_kafka_rep4_20260612,kafka,sb-events-s3_s2sf12j2_kafka_rep4_20260612,ccece201-2ec8-4dc7-9ef2-19e1b53d4854,3895074,286,6827843000,6827843300
s3_s2sf12j2_kafka_rep4_20260612,kafka,sb-events-s3_s2sf12j2_kafka_rep4_20260612,7c912e6e-a49b-415b-9144-a410923bdea1,3895067,286,6829639300,6829639900
s3_s2sf12j2_kafka_rep4_20260612,kafka,sb-events-s3_s2sf12j2_kafka_rep4_20260612,0472c1db-c54a-4459-b1aa-3092003b314d,3895060,287,6832349800,6832350300
s3_s2sf12j2_kafka_rep4_20260612,kafka,sb-events-s3_s2sf12j2_kafka_rep4_20260612,c491e4ae-72ac-4df5-a9f7-e605733e9c90,3895060,287,6834733900,6834734200
s3_s2sf12j2_kafka_rep4_20260612,kafka,sb-events-s3_s2sf12j2_kafka_rep4_20260612,2210e28b-c847-4bd8-8a4e-28153c51246f,3895121,287,6836823700,6836824100
s3_s2sf12j2_kafka_rep4_20260612,kafka,sb-events-s3_s2sf12j2_kafka_rep4_20260612,4f24880f-c5f9-44fc-8b94-2fd3585ae7aa,3895074,287,6838607300,6838607600
s3_s2sf12j2_kafka_rep4_20260612,kafka,sb-events-s3_s2sf12j2_kafka_rep4_20260612,532f4b4e-4d00-441e-a152-7cef4ac7661f,3895074,287,6840789000,6840789300
s3_s2sf12j2_kafka_rep4_20260612,kafka,sb-events-s3_s2sf12j2_kafka_rep4_20260612,3dee3e7a-bb98-48d5-b17d-f2453d85da21,3895052,287,6842934900,6842935300
s3_s2sf12j2_kafka_rep4_20260612,kafka,sb-events-s3_s2sf12j2_kafka_rep4_20260612,436f8b9d-e733-48dd-95af-6c666d943323,3895052,287,6845144800,6845145200
s3_s2sf12j2_kafka_rep4_20260612,kafka,sb-events-s3_s2sf12j2_kafka_rep4_20260612,37e539f8-e57d-400e-a028-1b737a77d139,3895052,287,6847202700,6847203300
s3_s2sf12j2_kafka_rep4_20260612,kafka,sb-events-s3_s2sf12j2_kafka_rep4_20260612,2af57b69-0d8c-4f5a-abda-b91069e7ba3c,3895121,288,6849575700,6849576000
s3_s2sf12j2_kafka_rep4_20260612,kafka,sb-events-s3_s2sf12j2_kafka_rep4_20260612,2883749a-85e0-4460-9c58-23a96957cd78,3895121,288,6851702100,6851702500
s3_s2sf12j2_kafka_rep4_20260612,kafka,sb-events-s3_s2sf12j2_kafka_rep4_20260612,074468e7-3de4-4ccd-97aa-08a191a38d7c,3895074,288,6853777100,6853777400
s3_s2sf12j2_kafka_rep4_20260612,kafka,sb-events-s3_s2sf12j2_kafka_rep4_20260612,5e05380b-6d8d-4bc9-b533-d416873c7628,3895067,288,6855919900,6855920200
s3_s2sf12j2_kafka_rep4_20260612,kafka,sb-events-s3_s2sf12j2_kafka_rep4_20260612,30ad9869-ce4f-4108-ad24-a561d3ad2bac,3895067,288,6857379700,6857380000
s3_s2sf12j2_kafka_rep4_20260612,kafka,sb-events-s3_s2sf12j2_kafka_rep4_20260612,5bb93865-ae8c-4c29-a356-0cac3669e69f,3895067,288,6859525400,6859525700
s3_s2sf12j2_kafka_rep4_20260612,kafka,sb-events-s3_s2sf12j2_kafka_rep4_20260612,78641a7b-ee1e-4f5b-9bc6-9920fa278f65,3895113,288,6861448400,6861448700
s3_s2sf12j2_kafka_rep4_20260612,kafka,sb-events-s3_s2sf12j2_kafka_rep4_20260612,fcce792b-4e1d-49f6-a796-010f392c1c5e,3895113,288,6863581600,6863582000
s3_s2sf12j2_kafka_rep4_20260612,kafka,sb-events-s3_s2sf12j2_kafka_rep4_20260612,97030666-e6be-4b0d-9985-c0ac4f819aa6,3895113,288,6866328500,6866328700
s3_s2sf12j2_kafka_rep4_20260612,kafka,sb-events-s3_s2sf12j2_kafka_rep4_20260612,222733d1-fdb8-480b-9174-93e35fa3d92f,3895052,288,6868285600,6868285900
s3_s2sf12j2_kafka_rep4_20260612,kafka,sb-events-s3_s2sf12j2_kafka_rep4_20260612,c350d38a-9b8c-416a-8181-4da8385d50eb,3895052,288,6870425400,6870425700
s3_s2sf12j2_kafka_rep4_20260612,kafka,sb-events-s3_s2sf12j2_kafka_rep4_20260612,855459c3-9793-49f9-b7cc-33b4ef505e76,3895074,289,6872194000,6872194300
s3_s2sf12j2_kafka_rep4_20260612,kafka,sb-events-s3_s2sf12j2_kafka_rep4_20260612,c619a0ab-94f8-4132-bc6f-b69bbe7c6258,3895074,289,6873900800,6873901100
s3_s2sf12j2_kafka_rep4_20260612,kafka,sb-events-s3_s2sf12j2_kafka_rep4_20260612,0deb3949-e376-4bb3-bf42-292241af1fc3,3895067,289,6876176200,6876176500
s3_s2sf12j2_kafka_rep4_20260612,kafka,sb-events-s3_s2sf12j2_kafka_rep4_20260612,e13bb720-cac7-4b4e-9043-8ff568dc9ea4,3895067,289,6878207700,6878208300
s3_s2sf12j2_kafka_rep4_20260612,kafka,sb-events-s3_s2sf12j2_kafka_rep4_20260612,b1819484-a737-4005-a078-fbc16d00a218,3895067,289,6879874900,6879875100
s3_s2sf12j2_kafka_rep4_20260612,kafka,sb-events-s3_s2sf12j2_kafka_rep4_20260612,14b99c89-208b-4afc-9b06-de307f4fa529,3895067,289,6881688200,6881688500
s3_s2sf12j2_kafka_rep4_20260612,kafka,sb-events-s3_s2sf12j2_kafka_rep4_20260612,82d694c7-ace4-40f4-9782-79438b8bf697,3895113,289,6883526800,6883527100
s3_s2sf12j2_kafka_rep4_20260612,kafka,sb-events-s3_s2sf12j2_kafka_rep4_20260612,031a37dd-5216-44d4-8dd8-42b700368108,3895060,290,6885092100,6885092400
s3_s2sf12j2_kafka_rep4_20260612,kafka,sb-events-s3_s2sf12j2_kafka_rep4_20260612,62294c7e-65a0-454c-883c-b34b8504902b,3895060,290,6886863400,6886863700
s3_s2sf12j2_kafka_rep4_20260612,kafka,sb-events-s3_s2sf12j2_kafka_rep4_20260612,8d94172c-d061-4ef2-a3c2-7177b47b99bc,3895060,290,6888221700,6888222100
s3_s2sf12j2_kafka_rep4_20260612,kafka,sb-events-s3_s2sf12j2_kafka_rep4_20260612,668cd208-f691-4bba-9f3c-0a14df0c9b0c,3895060,290,6890085400,6890085900
s3_s2sf12j2_kafka_rep4_20260612,kafka,sb-events-s3_s2sf12j2_kafka_rep4_20260612,36fc975f-e79c-470b-8e57-cd853ad49237,3895060,290,6891655400,6891655700
s3_s2sf12j2_kafka_rep4_20260612,kafka,sb-events-s3_s2sf12j2_kafka_rep4_20260612,1ac55428-9906-43e8-8174-3bda7a9fe6b1,3895060,290,6894428000,6894428300
s3_s2sf12j2_kafka_rep4_20260612,kafka,sb-events-s3_s2sf12j2_kafka_rep4_20260612,36fc975f-e79c-470b-8e57-cd853ad49237__rev2,3895060,290,6894465500,6894465800
s3_s2sf12j2_kafka_rep4_20260612,kafka,sb-events-s3_s2sf12j2_kafka_rep4_20260612,e6bbb505-91c2-4c10-9b72-8924f0839f52,3895060,290,6895943200,6895943400
s3_s2sf12j2_kafka_rep4_20260612,kafka,sb-events-s3_s2sf12j2_kafka_rep4_20260612,7a5563b0-2c03-4bc5-8402-b111508a5ee8,3895067,290,6897634800,6897635100
s3_s2sf12j2_kafka_rep4_20260612,kafka,sb-events-s3_s2sf12j2_kafka_rep4_20260612,ead8a0b1-660f-4b45-874d-ead74ba1bb2b,3895052,290,6899636600,6899637200
s3_s2sf12j2_kafka_rep4_20260612,kafka,sb-events-s3_s2sf12j2_kafka_rep4_20260612,ff64ee0b-91ec-4b8b-9633-9aeb1991bf79,3895060,291,6901230400,6901230900
s3_s2sf12j2_kafka_rep4_20260612,kafka,sb-events-s3_s2sf12j2_kafka_rep4_20260612,39540963-f69a-404f-ae7d-01584d355d07,3895060,291,6903201000,6903201400
s3_s2sf12j2_kafka_rep4_20260612,kafka,sb-events-s3_s2sf12j2_kafka_rep4_20260612,c5070639-4fab-4769-80a0-bae3f5d81ba1,3895060,291,6905068600,6905068900
s3_s2sf12j2_kafka_rep4_20260612,kafka,sb-events-s3_s2sf12j2_kafka_rep4_20260612,2b946c2d-338e-465e-bdd9-a05718d6d00f,3895067,291,6906977400,6906977700
s3_s2sf12j2_kafka_rep4_20260612,kafka,sb-events-s3_s2sf12j2_kafka_rep4_20260612,f9637bde-65d5-4f7f-8fd0-8db01ac15608,3895067,291,6909157800,6909158100
s3_s2sf12j2_kafka_rep4_20260612,kafka,sb-events-s3_s2sf12j2_kafka_rep4_20260612,a799e186-36fe-4c38-b13a-9a5ee115a7bd,3895113,291,6910763100,6910763300
s3_s2sf12j2_kafka_rep4_20260612,kafka,sb-events-s3_s2sf12j2_kafka_rep4_20260612,8f4296e3-f01f-4788-aadd-fb2a55cac976,3895113,291,6912332100,6912332400
s3_s2sf12j2_kafka_rep4_20260612,kafka,sb-events-s3_s2sf12j2_kafka_rep4_20260612,373ac539-8011-4af6-bd85-41faa59db919,3895060,292,6913973400,6913973600
s3_s2sf12j2_kafka_rep4_20260612,kafka,sb-events-s3_s2sf12j2_kafka_rep4_20260612,20baa747-3493-4b7a-8a4a-eb66bb12360f,3895060,292,6915476700,6915476900
s3_s2sf12j2_kafka_rep4_20260612,kafka,sb-events-s3_s2sf12j2_kafka_rep4_20260612,923c3edc-3b42-4e65-a104-9938fea3f27b,3895121,292,6916964000,6916964300
s3_s2sf12j2_kafka_rep4_20260612,kafka,sb-events-s3_s2sf12j2_kafka_rep4_20260612,e863797e-ee51-4760-bd0c-d7fc8e239489,3895074,292,6918654700,6918654900
s3_s2sf12j2_kafka_rep4_20260612,kafka,sb-events-s3_s2sf12j2_kafka_rep4_20260612,f45e9e2d-7246-4c70-a5ee-da73a09d6003,3895067,292,6920544200,6920544600
s3_s2sf12j2_kafka_rep4_20260612,kafka,sb-events-s3_s2sf12j2_kafka_rep4_20260612,1ce34b94-abf5-4f2e-9b44-3e00cc340a28,3895052,292,6922208700,6922209100
s3_s2sf12j2_kafka_rep4_20260612,kafka,sb-events-s3_s2sf12j2_kafka_rep4_20260612,13188bbf-d36c-48e5-9b3e-47562b47ee30,3895052,292,6924208500,6924208800
s3_s2sf12j2_kafka_rep4_20260612,kafka,sb-events-s3_s2sf12j2_kafka_rep4_20260612,3a8d3305-f836-456d-9769-c9bd5457e10c,3895060,293,6926340500,6926340900
s3_s2sf12j2_kafka_rep4_20260612,kafka,sb-events-s3_s2sf12j2_kafka_rep4_20260612,0986d2ef-edb7-4b75-8010-836d6fceef2b,3895121,293,6928095200,6928095600
s3_s2sf12j2_kafka_rep4_20260612,kafka,sb-events-s3_s2sf12j2_kafka_rep4_20260612,f4bc9db2-bc67-451c-85c4-1482da8a97b3,3895067,293,6929885700,6929886200
s3_s2sf12j2_kafka_rep4_20260612,kafka,sb-events-s3_s2sf12j2_kafka_rep4_20260612,67ed9ebe-0206-4bb7-b0c5-e741aba9899a,3895067,293,6931366000,6931366300
s3_s2sf12j2_kafka_rep4_20260612,kafka,sb-events-s3_s2sf12j2_kafka_rep4_20260612,1aae39c4-96e4-48e0-9c29-231834224a3f,3895095,294,6933569000,6933569400
s3_s2sf12j2_kafka_rep4_20260612,kafka,sb-events-s3_s2sf12j2_kafka_rep4_20260612,cb19df7e-ca27-4be0-b413-19669292f459,3895121,294,6935402800,6935403100
s3_s2sf12j2_kafka_rep4_20260612,kafka,sb-events-s3_s2sf12j2_kafka_rep4_20260612,0d57616a-2f85-478d-8de1-ea0b8b67b105,3895121,294,6937574500,6937574900
s3_s2sf12j2_kafka_rep4_20260612,kafka,sb-events-s3_s2sf12j2_kafka_rep4_20260612,4971ad38-8e39-4aa9-9821-6ee3099297b8,3895121,294,6938844600,6938844900
s3_s2sf12j2_kafka_rep4_20260612,kafka,sb-events-s3_s2sf12j2_kafka_rep4_20260612,07f2ae82-090e-472c-b2e1-a2d650cab5b3,3895074,294,6941089700,6941089900
s3_s2sf12j2_kafka_rep4_20260612,kafka,sb-events-s3_s2sf12j2_kafka_rep4_20260612,c7b89f32-85b9-4313-988d-29c1bd5e9457,3895074,294,6942733500,6942733800
s3_s2sf12j2_kafka_rep4_20260612,kafka,sb-events-s3_s2sf12j2_kafka_rep4_20260612,2cb73fd8-9c3f-471d-80d9-ead557fb7487,3895121,295,6944248200,6944248500
s3_s2sf12j2_kafka_rep4_20260612,kafka,sb-events-s3_s2sf12j2_kafka_rep4_20260612,05dea85d-8834-45d4-b28d-20542902d49c,3895074,295,6946062800,6946063000
s3_s2sf12j2_kafka_rep4_20260612,kafka,sb-events-s3_s2sf12j2_kafka_rep4_20260612,6c252943-c328-4a1c-93f1-b362b2f70c00,3895052,295,6947534400,6947534600
s3_s2sf12j2_kafka_rep4_20260612,kafka,sb-events-s3_s2sf12j2_kafka_rep4_20260612,ae5ecdf4-846f-4b41-a02d-6132a5440563,3895095,296,6949050700,6949051000
s3_s2sf12j2_kafka_rep4_20260612,kafka,sb-events-s3_s2sf12j2_kafka_rep4_20260612,6a6800b7-ef80-4060-9fbc-c74e853d039c,3895095,296,6950614900,6950615100
s3_s2sf12j2_kafka_rep4_20260612,kafka,sb-events-s3_s2sf12j2_kafka_rep4_20260612,5e632e41-4df9-4c0c-b570-a5134bd09a32,3895060,296,6952395600,6952395800
s3_s2sf12j2_kafka_rep4_20260612,kafka,sb-events-s3_s2sf12j2_kafka_rep4_20260612,bde8cd33-f116-41c3-a89e-cc8af20f3fa8,3895074,296,6954519700,6954519900
s3_s2sf12j2_kafka_rep4_20260612,kafka,sb-events-s3_s2sf12j2_kafka_rep4_20260612,95c2714f-7d33-4004-b5c7-bafe998115e9,3895074,296,6956602700,6956603100
s3_s2sf12j2_kafka_rep4_20260612,kafka,sb-events-s3_s2sf12j2_kafka_rep4_20260612,2b5fcfd5-b13d-4730-8cee-7fd1d0eae227,3895052,296,6958331100,6958331600
s3_s2sf12j2_kafka_rep4_20260612,kafka,sb-events-s3_s2sf12j2_kafka_rep4_20260612,0f494371-1412-4a1d-9500-8b0ec603ef04,3895052,296,6960400400,6960400800
s3_s2sf12j2_kafka_rep4_20260612,kafka,sb-events-s3_s2sf12j2_kafka_rep4_20260612,4eface8a-4a6d-4583-a477-33e09413d486,3895060,297,6962213700,6962213900
s3_s2sf12j2_kafka_rep4_20260612,kafka,sb-events-s3_s2sf12j2_kafka_rep4_20260612,74aedab1-2ee4-4b47-b5a7-b52071217d25,3895060,297,6963901000,6963901400
s3_s2sf12j2_kafka_rep4_20260612,kafka,sb-events-s3_s2sf12j2_kafka_rep4_20260612,fb951a65-69c4-43f5-803e-77154362d4cd,3895060,297,6965378600,6965378900
s3_s2sf12j2_kafka_rep4_20260612,kafka,sb-events-s3_s2sf12j2_kafka_rep4_20260612,82ae78e4-2353-4812-8531-bac4e5d45a62,3895067,297,6966898400,6966898700
s3_s2sf12j2_kafka_rep4_20260612,kafka,sb-events-s3_s2sf12j2_kafka_rep4_20260612,5d079eea-163c-44b1-b879-610f17e4913b,3895113,297,6968392300,6968392600
s3_s2sf12j2_kafka_rep4_20260612,kafka,sb-events-s3_s2sf12j2_kafka_rep4_20260612,77d3e3a4-500d-472f-bb4c-9d2c4bdf1415,3895052,297,6969966700,6969967000
s3_s2sf12j2_kafka_rep4_20260612,kafka,sb-events-s3_s2sf12j2_kafka_rep4_20260612,8d451769-761b-4aa2-bd80-0b5222f042bb,3895095,298,6972257800,6972258200
s3_s2sf12j2_kafka_rep4_20260612,kafka,sb-events-s3_s2sf12j2_kafka_rep4_20260612,00eab1c4-f988-4434-a555-faa7f132b766,3895095,298,6974311400,6974311900
s3_s2sf12j2_kafka_rep4_20260612,kafka,sb-events-s3_s2sf12j2_kafka_rep4_20260612,b9bcf81d-8f22-46e7-927b-f3204e669c97,3895095,298,6975858000,6975858400
s3_s2sf12j2_kafka_rep4_20260612,kafka,sb-events-s3_s2sf12j2_kafka_rep4_20260612,718aa7b3-74c2-476e-899a-8dae176314e2,3895060,298,6977766500,6977767000
s3_s2sf12j2_kafka_rep4_20260612,kafka,sb-events-s3_s2sf12j2_kafka_rep4_20260612,99e1e1f0-ebd2-4a65-95db-1b4a1aa15064,3895074,298,6978948400,6978948600
s3_s2sf12j2_kafka_rep4_20260612,kafka,sb-events-s3_s2sf12j2_kafka_rep4_20260612,8c65fc02-c93d-4f7d-9284-ddc9356593cf,3895067,298,6980440700,6980441200
s3_s2sf12j2_kafka_rep4_20260612,kafka,sb-events-s3_s2sf12j2_kafka_rep4_20260612,656fdc64-4df3-45a5-b9f9-521c9b9051a4,3895113,298,6982803900,6982804300
s3_s2sf12j2_kafka_rep4_20260612,kafka,sb-events-s3_s2sf12j2_kafka_rep4_20260612,8c65fc02-c93d-4f7d-9284-ddc9356593cf__rev2,3895067,298,6982846100,6982846300
s3_s2sf12j2_kafka_rep4_20260612,kafka,sb-events-s3_s2sf12j2_kafka_rep4_20260612,6add2fd9-3279-4cb8-ab0a-6abb395360b3,3895067,298,6984524700,6984525000
s3_s2sf12j2_kafka_rep4_20260612,kafka,sb-events-s3_s2sf12j2_kafka_rep4_20260612,64489658-e252-4571-ab52-d1d2b22755dc,3895113,298,6986777100,6986777500
s3_s2sf12j2_kafka_rep4_20260612,kafka,sb-events-s3_s2sf12j2_kafka_rep4_20260612,dd5373c8-4da2-45f8-9ebb-81e2ef709ea7,3895067,298,6989248000,6989248200
s3_s2sf12j2_kafka_rep4_20260612,kafka,sb-events-s3_s2sf12j2_kafka_rep4_20260612,da6e321b-2781-4b97-b334-1e563ecebe3f,3895052,298,6991383400,6991383700
s3_s2sf12j2_kafka_rep4_20260612,kafka,sb-events-s3_s2sf12j2_kafka_rep4_20260612,97862e41-8162-462d-966c-20907bac6716,3895052,298,6993117500,6993118000
s3_s2sf12j2_kafka_rep4_20260612,kafka,sb-events-s3_s2sf12j2_kafka_rep4_20260612,537b9f6d-9f19-45bd-b1d3-f95cd1ed9cab,3895095,299,6994573300,6994573600
s3_s2sf12j2_kafka_rep4_20260612,kafka,sb-events-s3_s2sf12j2_kafka_rep4_20260612,06be9e5c-74f2-4cc2-bd53-0e5e2264e1f3,3895121,299,6995843800,6995844200
s3_s2sf12j2_kafka_rep4_20260612,kafka,sb-events-s3_s2sf12j2_kafka_rep4_20260612,7094fbf3-95f1-41b6-8ccb-585622239dd0,3895074,299,6997259400,6997259700
s3_s2sf12j2_kafka_rep4_20260612,kafka,sb-events-s3_s2sf12j2_kafka_rep4_20260612,f430ac1c-53ee-4623-8a53-59e387e15d09,3895074,299,6999111200,6999111600
s3_s2sf12j2_kafka_rep4_20260612,kafka,sb-events-s3_s2sf12j2_kafka_rep4_20260612,249c087a-57fd-4380-8163-b270ca216e68,3895074,299,7001113100,7001113600
s3_s2sf12j2_kafka_rep4_20260612,kafka,sb-events-s3_s2sf12j2_kafka_rep4_20260612,5819712d-1202-4261-b09a-3c5a035d31c4,3895113,299,7003091500,7003091900
s3_s2sf12j2_kafka_rep4_20260612,kafka,sb-events-s3_s2sf12j2_kafka_rep4_20260612,efafb7cf-dca9-4911-b0be-52eb4fa6a7ff,3895067,299,7005093400,7005093800
s3_s2sf12j2_kafka_rep4_20260612,kafka,sb-events-s3_s2sf12j2_kafka_rep4_20260612,e8c6b47d-c8ce-4f5a-bce3-a4920939ebe7,3895113,299,7007280500,7007280900
s3_s2sf12j2_kafka_rep4_20260612,kafka,sb-events-s3_s2sf12j2_kafka_rep4_20260612,aa74e2d6-5821-4d22-815b-f180bd50d595,3895067,299,7009190600,7009191100
s3_s2sf12j2_kafka_rep4_20260612,kafka,sb-events-s3_s2sf12j2_kafka_rep4_20260612,dc30c04b-62a8-4004-8fe6-24d22811d7b7,3895113,299,7011190900,7011191200
s3_s2sf12j2_kafka_rep4_20260612,kafka,sb-events-s3_s2sf12j2_kafka_rep4_20260612,2134c16a-89a6-4c8f-bcc3-95339ff6ee8c,3895052,299,7013227200,7013227700
s3_s2sf12j2_kafka_rep4_20260612,kafka,sb-events-s3_s2sf12j2_kafka_rep4_20260612,7cd7ca7c-1a6f-4462-a3d7-807dee884e86,3895052,299,7014768900,7014769200
s3_s2sf12j2_kafka_rep4_20260612,kafka,sb-events-s3_s2sf12j2_kafka_rep4_20260612,a51e1b30-3f66-4cb6-aa08-611959cf6adc,3895060,300,7016645000,7016645200
s3_s2sf12j2_kafka_rep4_20260612,kafka,sb-events-s3_s2sf12j2_kafka_rep4_20260612,ceafaebf-d3ac-4908-a79a-f59d2e88ad4c,3895060,300,7018572800,7018573200
s3_s2sf12j2_kafka_rep4_20260612,kafka,sb-events-s3_s2sf12j2_kafka_rep4_20260612,87409ec8-1ff0-4642-b767-d9a46f5ce73e,3895121,300,7020471400,7020471800
s3_s2sf12j2_kafka_rep4_20260612,kafka,sb-events-s3_s2sf12j2_kafka_rep4_20260612,fac41051-b41b-4225-96c2-c7bf36a1207f,3895067,300,7021917000,7021917400
s3_s2sf12j2_kafka_rep4_20260612,kafka,sb-events-s3_s2sf12j2_kafka_rep4_20260612,b96f1f4a-8655-463f-ba71-5f18276acc6a,3895113,300,7023748400,7023748800
s3_s2sf12j2_kafka_rep4_20260612,kafka,sb-events-s3_s2sf12j2_kafka_rep4_20260612,afc49b5c-9965-4b69-8368-80f1cc87a50f,3895067,300,7025485300,7025485900
s3_s2sf12j2_kafka_rep4_20260612,kafka,sb-events-s3_s2sf12j2_kafka_rep4_20260612,8108d6ee-d747-46a2-877f-ce8d6bd7f451,3895113,300,7027355500,7027355800
s3_s2sf12j2_kafka_rep4_20260612,kafka,sb-events-s3_s2sf12j2_kafka_rep4_20260612,9558bdd0-94c9-4cb5-8a73-ffa3172737ec,3895113,300,7028811600,7028811900
s3_s2sf12j2_kafka_rep4_20260612,kafka,sb-events-s3_s2sf12j2_kafka_rep4_20260612,eb4e9b3c-8691-4e5b-a98b-bbf020338c86,3895113,301,7030376100,7030376400
s3_s2sf12j2_kafka_rep4_20260612,kafka,sb-events-s3_s2sf12j2_kafka_rep4_20260612,7de44808-f2d7-4e70-867e-3e80d4d3ac44,3895052,301,7032016500,7032016800
s3_s2sf12j2_kafka_rep4_20260612,kafka,sb-events-s3_s2sf12j2_kafka_rep4_20260612,3aa52e8d-cde4-41cf-a8df-9cec290542e0,3895086,301,7034325000,7034325300
s3_s2sf12j2_kafka_rep4_20260612,kafka,sb-events-s3_s2sf12j2_kafka_rep4_20260612,7dd1d933-8e69-45a8-92b1-d4769bca669d,3895095,302,7036374300,7036374800
s3_s2sf12j2_kafka_rep4_20260612,kafka,sb-events-s3_s2sf12j2_kafka_rep4_20260612,b8e73548-07dd-497a-9304-4808ae894b6e,3895095,302,7038280900,7038281200
s3_s2sf12j2_kafka_rep4_20260612,kafka,sb-events-s3_s2sf12j2_kafka_rep4_20260612,c7283f15-0bb0-4647-ae69-794ab9cc5519,3895060,302,7039880900,7039881200
s3_s2sf12j2_kafka_rep4_20260612,kafka,sb-events-s3_s2sf12j2_kafka_rep4_20260612,6d7577e3-98ad-4f4e-a818-a5fc53eb32f2,3895074,302,7041374200,7041374500
s3_s2sf12j2_kafka_rep4_20260612,kafka,sb-events-s3_s2sf12j2_kafka_rep4_20260612,0037af2f-1a36-4f81-a0cf-58e64700f6de,3895067,302,7043115800,7043116200
s3_s2sf12j2_kafka_rep4_20260612,kafka,sb-events-s3_s2sf12j2_kafka_rep4_20260612,df961d90-fc03-4f0b-8772-a1b9ef05ab58,3895113,302,7044520300,7044520600
s3_s2sf12j2_kafka_rep4_20260612,kafka,sb-events-s3_s2sf12j2_kafka_rep4_20260612,dfb18a12-cd4c-467a-98ac-b9d0c4ba74f7,3895113,302,7046312900,7046313200
s3_s2sf12j2_kafka_rep4_20260612,kafka,sb-events-s3_s2sf12j2_kafka_rep4_20260612,060e3a55-03f6-479f-b489-4c652141074f,3895113,302,7047852900,7047853300
s3_s2sf12j2_kafka_rep4_20260612,kafka,sb-events-s3_s2sf12j2_kafka_rep4_20260612,83eea9c1-06df-47e7-8331-e4ea00bcd5b7,3895052,302,7049935900,7049936300
s3_s2sf12j2_kafka_rep4_20260612,kafka,sb-events-s3_s2sf12j2_kafka_rep4_20260612,cabe7a89-5bbb-4aff-b7e9-04be4291461c,3895052,302,7051817900,7051818400
s3_s2sf12j2_kafka_rep4_20260612,kafka,sb-events-s3_s2sf12j2_kafka_rep4_20260612,db033c3c-c5f2-4c87-b560-27eb9759a6a2,3895052,302,7053451500,7053451800
s3_s2sf12j2_kafka_rep4_20260612,kafka,sb-events-s3_s2sf12j2_kafka_rep4_20260612,f9d09c0a-2818-4faf-ba9d-4b0bec1414bc,3895052,302,7054961600,7054961900
s3_s2sf12j2_kafka_rep4_20260612,kafka,sb-events-s3_s2sf12j2_kafka_rep4_20260612,575fd3db-8c8d-4fa2-8f8d-89fd4c0c857c,3895060,303,7056474400,7056474800
s3_s2sf12j2_kafka_rep4_20260612,kafka,sb-events-s3_s2sf12j2_kafka_rep4_20260612,8019e093-194a-45f9-b023-b71b55ca31af,3895060,303,7058314700,7058315000
s3_s2sf12j2_kafka_rep4_20260612,kafka,sb-events-s3_s2sf12j2_kafka_rep4_20260612,db1df0d6-2710-4cd6-9680-3be33c6da982,3895067,303,7060555300,7060555900
s3_s2sf12j2_kafka_rep4_20260612,kafka,sb-events-s3_s2sf12j2_kafka_rep4_20260612,b16ae0ab-32ca-4054-a821-7ee170618cca,3895067,303,7062163800,7062164000
s3_s2sf12j2_kafka_rep4_20260612,kafka,sb-events-s3_s2sf12j2_kafka_rep4_20260612,a0c8ca9b-ff31-4ce7-ba5f-69ec864bbcfb,3895067,303,7063747500,7063747800
s3_s2sf12j2_kafka_rep4_20260612,kafka,sb-events-s3_s2sf12j2_kafka_rep4_20260612,102d700f-edb6-4450-9564-f9357198e84f,3895086,303,7065822800,7065823100
s3_s2sf12j2_kafka_rep4_20260612,kafka,sb-events-s3_s2sf12j2_kafka_rep4_20260612,b2040ece-5bfc-40ba-9dc3-280d14f09e05,3895086,303,7067709300,7067709600
s3_s2sf12j2_kafka_rep4_20260612,kafka,sb-events-s3_s2sf12j2_kafka_rep4_20260612,718fce06-ce88-4acb-bb98-58dc617a96c8,3895086,303,7069432700,7069432900
s3_s2sf12j2_kafka_rep4_20260612,kafka,sb-events-s3_s2sf12j2_kafka_rep4_20260612,915b16b5-48ce-4314-8502-7f45b4386917,3895060,304,7071317700,7071318100
s3_s2sf12j2_kafka_rep4_20260612,kafka,sb-events-s3_s2sf12j2_kafka_rep4_20260612,915b16b5-48ce-4314-8502-7f45b4386917__rev2,3895060,304,7073623800,7073624000
s3_s2sf12j2_kafka_rep4_20260612,kafka,sb-events-s3_s2sf12j2_kafka_rep4_20260612,b2d9f8ab-85c0-41b1-8326-ff74fc3e165b,3895074,304,7073650600,7073650800
s3_s2sf12j2_kafka_rep4_20260612,kafka,sb-events-s3_s2sf12j2_kafka_rep4_20260612,3c7d1ab8-3ffc-461e-ad62-0aa4126f896b,3895074,304,7075181200,7075181500
s3_s2sf12j2_kafka_rep4_20260612,kafka,sb-events-s3_s2sf12j2_kafka_rep4_20260612,386e6305-4872-4f18-b622-d4339d7905c4,3895134,304,7076534100,7076534500
s3_s2sf12j2_kafka_rep4_20260612,kafka,sb-events-s3_s2sf12j2_kafka_rep4_20260612,36ec1e91-9ed7-4dbb-9543-9454e8745816,3895134,304,7078250200,7078250500
s3_s2sf12j2_kafka_rep4_20260612,kafka,sb-events-s3_s2sf12j2_kafka_rep4_20260612,4420a63c-a82e-4492-9a2e-153f57eb246b,3895067,304,7080433100,7080433300
s3_s2sf12j2_kafka_rep4_20260612,kafka,sb-events-s3_s2sf12j2_kafka_rep4_20260612,cd0849a2-1147-4614-a938-c73111f1e2eb,3895067,304,7082298500,7082299000
s3_s2sf12j2_kafka_rep4_20260612,kafka,sb-events-s3_s2sf12j2_kafka_rep4_20260612,0c35dc03-4034-4ca2-943b-4d2eb061e176,3895113,304,7083677100,7083677300
s3_s2sf12j2_kafka_rep4_20260612,kafka,sb-events-s3_s2sf12j2_kafka_rep4_20260612,e4264198-f510-4662-9058-7ab621a69ec3,3895113,304,7085776100,7085776600
s3_s2sf12j2_kafka_rep4_20260612,kafka,sb-events-s3_s2sf12j2_kafka_rep4_20260612,9b5cf4b2-0c74-43f0-b877-34990738da3e,3895052,304,7087428000,7087428200
s3_s2sf12j2_kafka_rep4_20260612,kafka,sb-events-s3_s2sf12j2_kafka_rep4_20260612,78d1e41b-f432-43f2-ae5d-7b0ddab9036f,3895086,304,7089084600,7089085100
s3_s2sf12j2_kafka_rep4_20260612,kafka,sb-events-s3_s2sf12j2_kafka_rep4_20260612,bb89db40-cc3f-4041-bb40-f2dd98ec5ef4,3895086,304,7090292200,7090292500
s3_s2sf12j2_kafka_rep4_20260612,kafka,sb-events-s3_s2sf12j2_kafka_rep4_20260612,0155141d-8b85-42dd-a480-4565866fc2e7,3895086,304,7092747000,7092747500
s3_s2sf12j2_kafka_rep4_20260612,kafka,sb-events-s3_s2sf12j2_kafka_rep4_20260612,b494532b-97ac-40df-a52c-53124e07e5d8,3895086,304,7094884600,7094885000
s3_s2sf12j2_kafka_rep4_20260612,kafka,sb-events-s3_s2sf12j2_kafka_rep4_20260612,7395219c-f7a8-4a4d-a6c7-06691e49f44d,3895074,305,7096891200,7096891400
s3_s2sf12j2_kafka_rep4_20260612,kafka,sb-events-s3_s2sf12j2_kafka_rep4_20260612,19d7984e-5557-4c9e-8e8d-82a79562a873,3895074,305,7098783100,7098783400
s3_s2sf12j2_kafka_rep4_20260612,kafka,sb-events-s3_s2sf12j2_kafka_rep4_20260612,51e28d97-f246-4253-9def-429310671f5f,3895134,305,7100602700,7100603100
s3_s2sf12j2_kafka_rep4_20260612,kafka,sb-events-s3_s2sf12j2_kafka_rep4_20260612,1c188c3d-1e4c-4e07-9789-5f0b097ad893,3895134,305,7102441900,7102442400
s3_s2sf12j2_kafka_rep4_20260612,kafka,sb-events-s3_s2sf12j2_kafka_rep4_20260612,d5f0e59a-1f5d-4984-af27-e8b16ead1847,3895134,305,7103926800,7103927100
s3_s2sf12j2_kafka_rep4_20260612,kafka,sb-events-s3_s2sf12j2_kafka_rep4_20260612,8ad96758-6bc9-4271-8b8a-683024fe4fde,3895113,305,7105553000,7105553300
s3_s2sf12j2_kafka_rep4_20260612,kafka,sb-events-s3_s2sf12j2_kafka_rep4_20260612,a2f6a8b6-bfd0-4f00-b481-c4a141869ef7,3895086,305,7107808300,7107808600
s3_s2sf12j2_kafka_rep4_20260612,kafka,sb-events-s3_s2sf12j2_kafka_rep4_20260612,14753394-c9b4-43da-b362-aa324a935c2c,3895060,306,7109468700,7109469200
s3_s2sf12j2_kafka_rep4_20260612,kafka,sb-events-s3_s2sf12j2_kafka_rep4_20260612,0cea65f8-6851-4a87-b894-ed4b6cc9f3a7,3895060,306,7110891700,7110892100
s3_s2sf12j2_kafka_rep4_20260612,kafka,sb-events-s3_s2sf12j2_kafka_rep4_20260612,6cbaa479-a9b0-4023-9cd4-8e833f4c37f8,3895134,306,7112429000,7112429300
s3_s2sf12j2_kafka_rep4_20260612,kafka,sb-events-s3_s2sf12j2_kafka_rep4_20260612,fed1fed7-f300-4f72-8bf9-84b8c04b534c,3895134,306,7114451000,7114451400
s3_s2sf12j2_kafka_rep4_20260612,kafka,sb-events-s3_s2sf12j2_kafka_rep4_20260612,23fc05dc-8610-4cea-b081-8c677ec5eb8e,3895067,306,7116476800,7116477300
s3_s2sf12j2_kafka_rep4_20260612,kafka,sb-events-s3_s2sf12j2_kafka_rep4_20260612,7d705d8e-510f-4254-99aa-b8ae3983f183,3895113,306,7118103200,7118103500
s3_s2sf12j2_kafka_rep4_20260612,kafka,sb-events-s3_s2sf12j2_kafka_rep4_20260612,f1467b99-9da9-46d2-ac75-690a3e4e6022,3895113,306,7120418800,7120419100
s3_s2sf12j2_kafka_rep4_20260612,kafka,sb-events-s3_s2sf12j2_kafka_rep4_20260612,5f9c2b45-e34b-4485-9f9c-c04f7a6a8141,3895113,306,7122171100,7122171500
s3_s2sf12j2_kafka_rep4_20260612,kafka,sb-events-s3_s2sf12j2_kafka_rep4_20260612,a79fae77-027f-4626-bd9a-43a8da911cc9,3895113,306,7123946200,7123946600
s3_s2sf12j2_kafka_rep4_20260612,kafka,sb-events-s3_s2sf12j2_kafka_rep4_20260612,b9d922e7-926b-4ab4-883f-14bef294f95a,3895095,307,7125556600,7125557100
s3_s2sf12j2_kafka_rep4_20260612,kafka,sb-events-s3_s2sf12j2_kafka_rep4_20260612,9782329a-4987-4ed6-b83e-789650c72f3f,3895060,307,7127110400,7127110700
s3_s2sf12j2_kafka_rep4_20260612,kafka,sb-events-s3_s2sf12j2_kafka_rep4_20260612,140e2782-5931-4f7f-b4b3-d8992cc0894d,3895113,307,7128974800,7128975200
s3_s2sf12j2_kafka_rep4_20260612,kafka,sb-events-s3_s2sf12j2_kafka_rep4_20260612,84201b0f-e559-4c49-8c72-b2ca95dd03b4,3895113,307,7130459600,7130459900
s3_s2sf12j2_kafka_rep4_20260612,kafka,sb-events-s3_s2sf12j2_kafka_rep4_20260612,4367de93-46a3-4051-9a03-c6091645b426,3895113,307,7132251600,7132251900
s3_s2sf12j2_kafka_rep4_20260612,kafka,sb-events-s3_s2sf12j2_kafka_rep4_20260612,a12bf24f-3f94-4b6b-a4c9-0ab1022463d6,3895113,307,7134166200,7134166500
s3_s2sf12j2_kafka_rep4_20260612,kafka,sb-events-s3_s2sf12j2_kafka_rep4_20260612,7a623911-e8bb-4240-91a7-ea53efb3bf67,3895113,307,7135996700,7135997200
s3_s2sf12j2_kafka_rep4_20260612,kafka,sb-events-s3_s2sf12j2_kafka_rep4_20260612,d818ea1b-fc04-4c3f-999d-3c923a1b9eb4,3895067,308,7137550300,7137550700
s3_s2sf12j2_kafka_rep4_20260612,kafka,sb-events-s3_s2sf12j2_kafka_rep4_20260612,66556ab9-c3cd-4075-8cff-e99be86fc596,3895067,308,7139037700,7139038100
s3_s2sf12j2_kafka_rep4_20260612,kafka,sb-events-s3_s2sf12j2_kafka_rep4_20260612,dabb4a55-9daf-4581-984f-65c72af87c2f,3895113,308,7140745300,7140745600
s3_s2sf12j2_kafka_rep4_20260612,kafka,sb-events-s3_s2sf12j2_kafka_rep4_20260612,3e4b67ce-6155-4cce-aa94-52d3c3d9b226,3895113,308,7142599000,7142599300
s3_s2sf12j2_kafka_rep4_20260612,kafka,sb-events-s3_s2sf12j2_kafka_rep4_20260612,b6d05a20-dc65-405d-93d6-c19f605a50fd,3895113,308,7144293400,7144293900
s3_s2sf12j2_kafka_rep4_20260612,kafka,sb-events-s3_s2sf12j2_kafka_rep4_20260612,f2fc96e0-e656-4e93-b2a6-371b149cc18b,3895113,308,7146197900,7146198300
s3_s2sf12j2_kafka_rep4_20260612,kafka,sb-events-s3_s2sf12j2_kafka_rep4_20260612,5547e81f-56b4-4b07-bddd-4e88812cbfb7,3895113,308,7147987700,7147988000
s3_s2sf12j2_kafka_rep4_20260612,kafka,sb-events-s3_s2sf12j2_kafka_rep4_20260612,6c732d25-06af-445d-979a-8de486f470de,3895113,308,7149470300,7149470700
s3_s2sf12j2_kafka_rep4_20260612,kafka,sb-events-s3_s2sf12j2_kafka_rep4_20260612,680f1e2b-51f4-4060-885f-44b943dcf8df,3895086,308,7151061100,7151061300
s3_s2sf12j2_kafka_rep4_20260612,kafka,sb-events-s3_s2sf12j2_kafka_rep4_20260612,532f5421-1002-4ba7-818c-1737d037ad0f,3895074,309,7152866800,7152867400
s3_s2sf12j2_kafka_rep4_20260612,kafka,sb-events-s3_s2sf12j2_kafka_rep4_20260612,09b34f3f-1ad0-456f-9d0e-130693641fbd,3895134,309,7154565600,7154565800
s3_s2sf12j2_kafka_rep4_20260612,kafka,sb-events-s3_s2sf12j2_kafka_rep4_20260612,45d8d54a-c51c-447f-8c28-03e9807e66f9,3895134,309,7156157900,7156158100
s3_s2sf12j2_kafka_rep4_20260612,kafka,sb-events-s3_s2sf12j2_kafka_rep4_20260612,609bcb20-0647-439e-bf53-2c740528fc88,3895074,310,7158255900,7158256300
s3_s2sf12j2_kafka_rep4_20260612,kafka,sb-events-s3_s2sf12j2_kafka_rep4_20260612,a1d192bf-a397-4555-b139-8bf87b76ff89,3895074,310,7160092100,7160092600
s3_s2sf12j2_kafka_rep4_20260612,kafka,sb-events-s3_s2sf12j2_kafka_rep4_20260612,747f518f-8d91-4775-847e-ea3d859a2d6c,3895067,310,7162192000,7162192300
s3_s2sf12j2_kafka_rep4_20260612,kafka,sb-events-s3_s2sf12j2_kafka_rep4_20260612,a1d192bf-a397-4555-b139-8bf87b76ff89__rev2,3895074,310,7162222800,7162223000
s3_s2sf12j2_kafka_rep4_20260612,kafka,sb-events-s3_s2sf12j2_kafka_rep4_20260612,e0293eec-a320-42e6-bf9c-776ea3503c80,3895113,310,7163809900,7163810100
s3_s2sf12j2_kafka_rep4_20260612,kafka,sb-events-s3_s2sf12j2_kafka_rep4_20260612,db738598-8c4f-44a6-8d07-5dba07dd8beb,3895113,310,7165849300,7165849600
s3_s2sf12j2_kafka_rep4_20260612,kafka,sb-events-s3_s2sf12j2_kafka_rep4_20260612,e977c99a-d4e4-4812-8753-825831ea0a3c,3895086,310,7167889700,7167890000
s3_s2sf12j2_kafka_rep4_20260612,kafka,sb-events-s3_s2sf12j2_kafka_rep4_20260612,513a4b6e-de63-4ac2-af0d-169a0db57dee,3895086,310,7169694400,7169694700
s3_s2sf12j2_kafka_rep4_20260612,kafka,sb-events-s3_s2sf12j2_kafka_rep4_20260612,39f82a98-f156-451b-8a78-d38df708fe7d,3895086,310,7171517200,7171517500
s3_s2sf12j2_kafka_rep4_20260612,kafka,sb-events-s3_s2sf12j2_kafka_rep4_20260612,9564460e-4591-4403-ba64-eef8909d478b,3895074,311,7173576500,7173576900
s3_s2sf12j2_kafka_rep4_20260612,kafka,sb-events-s3_s2sf12j2_kafka_rep4_20260612,e4592b39-096a-471d-ac41-d41533b199e0,3895074,311,7175754300,7175754600
s3_s2sf12j2_kafka_rep4_20260612,kafka,sb-events-s3_s2sf12j2_kafka_rep4_20260612,6d8b0a03-77b2-4c9e-b013-220e2b370560,3895134,311,7178041600,7178041900
s3_s2sf12j2_kafka_rep4_20260612,kafka,sb-events-s3_s2sf12j2_kafka_rep4_20260612,45e0b58b-2260-4018-820d-cff887cddebc,3895134,311,7179749500,7179749800
s3_s2sf12j2_kafka_rep4_20260612,kafka,sb-events-s3_s2sf12j2_kafka_rep4_20260612,adb989ce-7a4a-47dc-8dcd-7283780030ac,3895134,311,7181302200,7181302700
s3_s2sf12j2_kafka_rep4_20260612,kafka,sb-events-s3_s2sf12j2_kafka_rep4_20260612,073aa6a8-86a6-4d30-8eec-ce1c6dc16a83,3895086,311,7182994900,7182995200
s3_s2sf12j2_kafka_rep4_20260612,kafka,sb-events-s3_s2sf12j2_kafka_rep4_20260612,a150ed53-71c7-4630-87d7-d4259178dc89,3895086,311,7184662000,7184662300
s3_s2sf12j2_kafka_rep4_20260612,kafka,sb-events-s3_s2sf12j2_kafka_rep4_20260612,3acafed4-ed80-481d-adb1-6d8bcabdb08d,3895052,312,7186315000,7186315400
s3_s2sf12j2_kafka_rep4_20260612,kafka,sb-events-s3_s2sf12j2_kafka_rep4_20260612,11f8cda4-8e26-4350-99f8-210e244442e2,3895060,313,7188502300,7188502800
s3_s2sf12j2_kafka_rep4_20260612,kafka,sb-events-s3_s2sf12j2_kafka_rep4_20260612,73e93481-ff4c-4edb-8ef5-9ee2a3b5f35b,3895074,313,7190642200,7190642600
s3_s2sf12j2_kafka_rep4_20260612,kafka,sb-events-s3_s2sf12j2_kafka_rep4_20260612,d0b08268-9caf-485b-b0bb-7b02cfaf47ac,3895134,313,7192495800,7192496200
s3_s2sf12j2_kafka_rep4_20260612,kafka,sb-events-s3_s2sf12j2_kafka_rep4_20260612,6378a2d7-fa17-456f-92cc-7de2179432cb,3895134,313,7194053800,7194054300
s3_s2sf12j2_kafka_rep4_20260612,kafka,sb-events-s3_s2sf12j2_kafka_rep4_20260612,84123f89-e20a-454c-ab6e-d5a6e63880af,3895086,313,7195487300,7195487700
s3_s2sf12j2_kafka_rep4_20260612,kafka,sb-events-s3_s2sf12j2_kafka_rep4_20260612,3b2b6418-b75c-44fa-8975-8fb60e3c7b7c,3895086,313,7197219900,7197220300
s3_s2sf12j2_kafka_rep4_20260612,kafka,sb-events-s3_s2sf12j2_kafka_rep4_20260612,b676a690-300d-462b-b0a0-44689f3e7271,3895060,314,7198749400,7198749800
s3_s2sf12j2_kafka_rep4_20260612,kafka,sb-events-s3_s2sf12j2_kafka_rep4_20260612,0b6cf8b2-8c0f-479b-9e85-5662f9cf2f79,3895060,314,7200843700,7200843900
s3_s2sf12j2_kafka_rep4_20260612,kafka,sb-events-s3_s2sf12j2_kafka_rep4_20260612,3c2cbdfb-eca8-4567-bea4-efa56a11ff0c,3895060,314,7202723200,7202723600
s3_s2sf12j2_kafka_rep4_20260612,kafka,sb-events-s3_s2sf12j2_kafka_rep4_20260612,605b7d6d-f015-4950-9733-14ba5fd4e42a,3895060,314,7204686800,7204687100
s3_s2sf12j2_kafka_rep4_20260612,kafka,sb-events-s3_s2sf12j2_kafka_rep4_20260612,2f0fbbcc-2fda-4daa-806a-056a5187ebba,3895060,314,7206909100,7206909400
s3_s2sf12j2_kafka_rep4_20260612,kafka,sb-events-s3_s2sf12j2_kafka_rep4_20260612,9b1e8c53-a1de-4f2c-99e6-0b9aaaa1c745,3895134,314,7208721300,7208721600
s3_s2sf12j2_kafka_rep4_20260612,kafka,sb-events-s3_s2sf12j2_kafka_rep4_20260612,c23e3eb6-c6dd-4b4f-8eaf-5473b505ad9a,3895052,314,7210581700,7210581900
s3_s2sf12j2_kafka_rep4_20260612,kafka,sb-events-s3_s2sf12j2_kafka_rep4_20260612,394bdb55-88c5-43c6-a113-15457f7dcf1b,3895052,314,7212593900,7212594200
s3_s2sf12j2_kafka_rep4_20260612,kafka,sb-events-s3_s2sf12j2_kafka_rep4_20260612,4f1d2266-06ab-4b6d-a731-2f03cfa891e3,3895113,314,7214390300,7214390600
s3_s2sf12j2_kafka_rep4_20260612,kafka,sb-events-s3_s2sf12j2_kafka_rep4_20260612,99fab9e3-ddf0-4f49-89cc-ed1438559485,3895086,314,7216111500,7216111900
s3_s2sf12j2_kafka_rep4_20260612,kafka,sb-events-s3_s2sf12j2_kafka_rep4_20260612,c43891c6-f7d0-4b53-854f-7b0c0bf409d9,3895086,314,7217897200,7217897700
s3_s2sf12j2_kafka_rep4_20260612,kafka,sb-events-s3_s2sf12j2_kafka_rep4_20260612,b02d8af1-0dd1-423d-94ea-c81f1d60adfc,3895060,315,7219481800,7219482200
s3_s2sf12j2_kafka_rep4_20260612,kafka,sb-events-s3_s2sf12j2_kafka_rep4_20260612,d2d96254-cdb5-40f6-a713-824acbab17a3,3895107,315,7221073700,7221074200
s3_s2sf12j2_kafka_rep4_20260612,kafka,sb-events-s3_s2sf12j2_kafka_rep4_20260612,02302c67-a71e-4acf-bab1-d73bccb3ff36,3895134,315,7222672100,7222672300
s3_s2sf12j2_kafka_rep4_20260612,kafka,sb-events-s3_s2sf12j2_kafka_rep4_20260612,dacab50e-dea6-47d0-a67f-506895f82189,3895134,315,7224725700,7224726000
s3_s2sf12j2_kafka_rep4_20260612,kafka,sb-events-s3_s2sf12j2_kafka_rep4_20260612,392dd4b7-a180-48b3-9dbc-acabf60191e3,3895052,315,7226202200,7226202500
s3_s2sf12j2_kafka_rep4_20260612,kafka,sb-events-s3_s2sf12j2_kafka_rep4_20260612,04c9affe-5c2c-4541-880e-6449dac86ae3,3895086,315,7228635900,7228636300
s3_s2sf12j2_kafka_rep4_20260612,kafka,sb-events-s3_s2sf12j2_kafka_rep4_20260612,562ce0ba-cc5e-4622-b2e0-e5a4fa545b29,3895060,316,7230360400,7230360800
s3_s2sf12j2_kafka_rep4_20260612,kafka,sb-events-s3_s2sf12j2_kafka_rep4_20260612,6da99785-0da0-4aca-93d6-27fa7a4cbad6,3895060,316,7231825100,7231825400
s3_s2sf12j2_kafka_rep4_20260612,kafka,sb-events-s3_s2sf12j2_kafka_rep4_20260612,2da25799-fa27-4e14-ab83-65f4610738a7,3895107,316,7233349900,7233350200
s3_s2sf12j2_kafka_rep4_20260612,kafka,sb-events-s3_s2sf12j2_kafka_rep4_20260612,2add13d1-e99d-4136-ab7e-853a487aa346,3895052,316,7234888700,7234888900
s3_s2sf12j2_kafka_rep4_20260612,kafka,sb-events-s3_s2sf12j2_kafka_rep4_20260612,677c2260-b99e-46fe-983b-d8be3d3623ff,3895052,316,7236673100,7236673300
s3_s2sf12j2_kafka_rep4_20260612,kafka,sb-events-s3_s2sf12j2_kafka_rep4_20260612,4a574c7f-cffa-4555-9ba1-e18af3476fbf,3895052,316,7238633200,7238633500
s3_s2sf12j2_kafka_rep4_20260612,kafka,sb-events-s3_s2sf12j2_kafka_rep4_20260612,246935a5-58c1-4438-a255-74262e4c8629,3895113,316,7240645400,7240645900
s3_s2sf12j2_kafka_rep4_20260612,kafka,sb-events-s3_s2sf12j2_kafka_rep4_20260612,76707c05-6d43-4d3e-b06d-3645f7e25876,3895113,316,7242236000,7242236300
s3_s2sf12j2_kafka_rep4_20260612,kafka,sb-events-s3_s2sf12j2_kafka_rep4_20260612,7f412a00-eccd-4d4f-98d3-3ced82f667f2,3895074,317,7243834300,7243834700
s3_s2sf12j2_kafka_rep4_20260612,kafka,sb-events-s3_s2sf12j2_kafka_rep4_20260612,ec646053-bd4f-4edf-bdda-23c1b37a2104,3895074,317,7245217800,7245218100
s3_s2sf12j2_kafka_rep4_20260612,kafka,sb-events-s3_s2sf12j2_kafka_rep4_20260612,400a0629-38de-4e49-b260-f9dd814599a5,3895107,317,7246671800,7246672100
s3_s2sf12j2_kafka_rep4_20260612,kafka,sb-events-s3_s2sf12j2_kafka_rep4_20260612,d8fb521c-b883-43f7-aaee-9be4a2e5e541,3895107,317,7248137600,7248137900
s3_s2sf12j2_kafka_rep4_20260612,kafka,sb-events-s3_s2sf12j2_kafka_rep4_20260612,ad8763fe-6c7b-44d5-87a8-ab6b960e2a1e,3895134,317,7249259700,7249259900
s3_s2sf12j2_kafka_rep4_20260612,kafka,sb-events-s3_s2sf12j2_kafka_rep4_20260612,da096edb-269d-4bbf-85f0-16f9d6d675bb,3895052,317,7252226000,7252226300
s3_s2sf12j2_kafka_rep4_20260612,kafka,sb-events-s3_s2sf12j2_kafka_rep4_20260612,ad8763fe-6c7b-44d5-87a8-ab6b960e2a1e__rev2,3895134,317,7252265500,7252265700
s3_s2sf12j2_kafka_rep4_20260612,kafka,sb-events-s3_s2sf12j2_kafka_rep4_20260612,78c9fc5e-2d64-4fae-a14d-b9253211ecf5,3895052,317,7254169700,7254170000
s3_s2sf12j2_kafka_rep4_20260612,kafka,sb-events-s3_s2sf12j2_kafka_rep4_20260612,9c15a0fc-0c14-4605-ba21-f98e9588afeb,3895113,317,7255983200,7255983500
s3_s2sf12j2_kafka_rep4_20260612,kafka,sb-events-s3_s2sf12j2_kafka_rep4_20260612,8441f5f4-1d8c-4b91-b4c9-fd67eddbee0a,3895060,318,7258328800,7258329000
s3_s2sf12j2_kafka_rep4_20260612,kafka,sb-events-s3_s2sf12j2_kafka_rep4_20260612,8d1f4b7d-8eff-47e6-ae0c-91b8d06bc7d9,3895052,318,7259620900,7259621300
s3_s2sf12j2_kafka_rep4_20260612,kafka,sb-events-s3_s2sf12j2_kafka_rep4_20260612,ec53d3eb-784c-4b06-8b15-2a4e6d8c8897,3895113,318,7261782000,7261782500
s3_s2sf12j2_kafka_rep4_20260612,kafka,sb-events-s3_s2sf12j2_kafka_rep4_20260612,09a9066d-3190-4258-b6a3-10a62c95e149,3895113,318,7263553900,7263554200
s3_s2sf12j2_kafka_rep4_20260612,kafka,sb-events-s3_s2sf12j2_kafka_rep4_20260612,26196cc9-cd14-47de-9b97-80d6985b326f,3895107,319,7265986400,7265987100
s3_s2sf12j2_kafka_rep4_20260612,kafka,sb-events-s3_s2sf12j2_kafka_rep4_20260612,5a0b00b5-8620-4121-8530-0b794c2eab40,3895107,319,7268026000,7268026400
s3_s2sf12j2_kafka_rep4_20260612,kafka,sb-events-s3_s2sf12j2_kafka_rep4_20260612,5c073b2f-c213-4ab7-a313-1a59712c78e5,3895134,319,7269642100,7269642400
s3_s2sf12j2_kafka_rep4_20260612,kafka,sb-events-s3_s2sf12j2_kafka_rep4_20260612,20ae7112-b2c8-41d2-aeb1-63d9a704d650,3895134,319,7271153600,7271153800
s3_s2sf12j2_kafka_rep4_20260612,kafka,sb-events-s3_s2sf12j2_kafka_rep4_20260612,37927a43-1600-4ff9-ab32-90ef87a3a16a,3895134,319,7273029600,7273030000
s3_s2sf12j2_kafka_rep4_20260612,kafka,sb-events-s3_s2sf12j2_kafka_rep4_20260612,f2d2fda6-0d5f-4519-8c00-771a4f8ccaa3,3895052,319,7274670300,7274670800
s3_s2sf12j2_kafka_rep4_20260612,kafka,sb-events-s3_s2sf12j2_kafka_rep4_20260612,1cce44ec-247a-4b01-86ae-aee511d9af28,3895052,319,7276326900,7276327100
s3_s2sf12j2_kafka_rep4_20260612,kafka,sb-events-s3_s2sf12j2_kafka_rep4_20260612,682ff6dc-45e1-4759-b841-e8e940b73945,3895095,320,7277903500,7277903800
s3_s2sf12j2_kafka_rep4_20260612,kafka,sb-events-s3_s2sf12j2_kafka_rep4_20260612,80ea0fc3-2a53-4f63-89a6-b5fe54a9d7d9,3895095,320,7279368000,7279368200
s3_s2sf12j2_kafka_rep4_20260612,kafka,sb-events-s3_s2sf12j2_kafka_rep4_20260612,3ddd1bf5-ebc0-46d8-80e9-7754349fb9cc,3895060,320,7281301500,7281302000
s3_s2sf12j2_kafka_rep4_20260612,kafka,sb-events-s3_s2sf12j2_kafka_rep4_20260612,8707266c-f4f4-4701-9a98-93a44cb229da,3895060,320,7282814800,7282815100
s3_s2sf12j2_kafka_rep4_20260612,kafka,sb-events-s3_s2sf12j2_kafka_rep4_20260612,67391880-c4bd-4c49-ac0d-30f2b4cfed43,3895134,320,7285264500,7285265000
s3_s2sf12j2_kafka_rep4_20260612,kafka,sb-events-s3_s2sf12j2_kafka_rep4_20260612,8cc8899e-12c7-4f32-ad3c-6234f1a183e1,3895134,320,7287434700,7287435100
s3_s2sf12j2_kafka_rep4_20260612,kafka,sb-events-s3_s2sf12j2_kafka_rep4_20260612,73950e1c-c4c5-46d2-9b4b-9751c3c09646,3895052,320,7289242800,7289243100
s3_s2sf12j2_kafka_rep4_20260612,kafka,sb-events-s3_s2sf12j2_kafka_rep4_20260612,0baa40ea-5472-4239-84ce-75cc13e04c9e,3895113,320,7290567000,7290567300
s3_s2sf12j2_kafka_rep4_20260612,kafka,sb-events-s3_s2sf12j2_kafka_rep4_20260612,47b30c8a-2415-4aa3-9a2d-1d847b550731,3895095,321,7292566500,7292566700
s3_s2sf12j2_kafka_rep4_20260612,kafka,sb-events-s3_s2sf12j2_kafka_rep4_20260612,01452dda-4cab-4703-8f03-7851cc2a493b,3895095,321,7294687000,7294687300
s3_s2sf12j2_kafka_rep4_20260612,kafka,sb-events-s3_s2sf12j2_kafka_rep4_20260612,3af0554c-8ef9-4cd9-b5fe-0eb9b6b5cb62,3895095,321,7296578700,7296579100
s3_s2sf12j2_kafka_rep4_20260612,kafka,sb-events-s3_s2sf12j2_kafka_rep4_20260612,b60de9a9-c724-4975-b127-99ce60ac1e15,3895095,321,7298157600,7298158000
s3_s2sf12j2_kafka_rep4_20260612,kafka,sb-events-s3_s2sf12j2_kafka_rep4_20260612,779176ae-e436-407c-879f-8e400f7377f8,3895095,321,7299560900,7299561200
s3_s2sf12j2_kafka_rep4_20260612,kafka,sb-events-s3_s2sf12j2_kafka_rep4_20260612,00c09277-2dbb-47b7-ac4b-741062eb3faa,3895095,321,7300964800,7300965100
s3_s2sf12j2_kafka_rep4_20260612,kafka,sb-events-s3_s2sf12j2_kafka_rep4_20260612,18ba8f20-241a-4d34-83de-d246ce265ba4,3895121,321,7302477400,7302477900
s3_s2sf12j2_kafka_rep4_20260612,kafka,sb-events-s3_s2sf12j2_kafka_rep4_20260612,45f8a62c-9039-4034-a964-fd1c1545680a,3895134,321,7303783900,7303784200
s3_s2sf12j2_kafka_rep4_20260612,kafka,sb-events-s3_s2sf12j2_kafka_rep4_20260612,6ac63702-9c8d-4c96-82dd-f1f4e145f062,3895134,321,7305289800,7305290200
s3_s2sf12j2_kafka_rep4_20260612,kafka,sb-events-s3_s2sf12j2_kafka_rep4_20260612,80b5572a-d2bf-4bac-ae05-1724682e6848,3895052,321,7307292700,7307293100
s3_s2sf12j2_kafka_rep4_20260612,kafka,sb-events-s3_s2sf12j2_kafka_rep4_20260612,08849140-7424-46b1-be08-ebd78e548e26,3895052,321,7309244700,7309245000
s3_s2sf12j2_kafka_rep4_20260612,kafka,sb-events-s3_s2sf12j2_kafka_rep4_20260612,9e876c0f-8eb7-408b-b8aa-d1f7e172b0dc,3895113,321,7311106900,7311107200
s3_s2sf12j2_kafka_rep4_20260612,kafka,sb-events-s3_s2sf12j2_kafka_rep4_20260612,bac2ac88-467a-46f3-93bc-896a8a9763cc,3895086,321,7312797000,7312797300
s3_s2sf12j2_kafka_rep4_20260612,kafka,sb-events-s3_s2sf12j2_kafka_rep4_20260612,f3340d0d-34c8-4c60-818d-6b0ab6f0e724,3895086,321,7314777000,7314777600
s3_s2sf12j2_kafka_rep4_20260612,kafka,sb-events-s3_s2sf12j2_kafka_rep4_20260612,a9353826-78d0-4db7-9504-37af067ba42b,3895060,322,7316787700,7316788200
s3_s2sf12j2_kafka_rep4_20260612,kafka,sb-events-s3_s2sf12j2_kafka_rep4_20260612,f3617b96-6548-46c6-9b24-c7d328b1641f,3895107,322,7318421700,7318422000
s3_s2sf12j2_kafka_rep4_20260612,kafka,sb-events-s3_s2sf12j2_kafka_rep4_20260612,f852634c-8f86-4877-be07-bc24a07e736d,3895107,322,7320575600,7320576000
s3_s2sf12j2_kafka_rep4_20260612,kafka,sb-events-s3_s2sf12j2_kafka_rep4_20260612,fd58d405-6eba-41ab-81bf-d22785c2a293,3895134,322,7322505200,7322505400
s3_s2sf12j2_kafka_rep4_20260612,kafka,sb-events-s3_s2sf12j2_kafka_rep4_20260612,67b350e2-a656-4ee2-ba54-6a99f81f12a6,3895052,322,7324148900,7324149200
s3_s2sf12j2_kafka_rep4_20260612,kafka,sb-events-s3_s2sf12j2_kafka_rep4_20260612,891e42ae-ba34-4c6c-9819-902fd0ff3123,3895113,322,7325835400,7325835600
s3_s2sf12j2_kafka_rep4_20260612,kafka,sb-events-s3_s2sf12j2_kafka_rep4_20260612,dbb81daf-4dd3-4b09-9c7b-66b3cfd002b4,3895113,322,7327259100,7327259300
s3_s2sf12j2_kafka_rep4_20260612,kafka,sb-events-s3_s2sf12j2_kafka_rep4_20260612,e4a1a2fe-fe12-435a-98a4-98dda2739446,3895086,322,7328986100,7328986400
s3_s2sf12j2_kafka_rep4_20260612,kafka,sb-events-s3_s2sf12j2_kafka_rep4_20260612,ea283cd4-127c-4613-a843-474b9ff4cd8c,3895086,322,7330679900,7330680300
s3_s2sf12j2_kafka_rep4_20260612,kafka,sb-events-s3_s2sf12j2_kafka_rep4_20260612,9f38e589-9bcd-402e-a9c7-81c713301c69,3895086,322,7333108900,7333109400
s3_s2sf12j2_kafka_rep4_20260612,kafka,sb-events-s3_s2sf12j2_kafka_rep4_20260612,ceb01ebe-f047-4903-ad87-46179255db15,3895095,323,7334871300,7334871500
s3_s2sf12j2_kafka_rep4_20260612,kafka,sb-events-s3_s2sf12j2_kafka_rep4_20260612,25c1ced9-2614-4c5f-b468-49623335f10a,3895095,323,7336447800,7336448100
s3_s2sf12j2_kafka_rep4_20260612,kafka,sb-events-s3_s2sf12j2_kafka_rep4_20260612,765e4d5f-098d-416d-ac74-e94b3fc96434,3895121,323,7338051700,7338052000
s3_s2sf12j2_kafka_rep4_20260612,kafka,sb-events-s3_s2sf12j2_kafka_rep4_20260612,765951d5-3b9b-48ae-a2ec-0569ce42652a,3895121,323,7339382500,7339382900
s3_s2sf12j2_kafka_rep4_20260612,kafka,sb-events-s3_s2sf12j2_kafka_rep4_20260612,2072c49c-533a-4650-898e-b8c2c38b8a53,3895060,323,7341076700,7341077200
s3_s2sf12j2_kafka_rep4_20260612,kafka,sb-events-s3_s2sf12j2_kafka_rep4_20260612,765951d5-3b9b-48ae-a2ec-0569ce42652a__rev2,3895121,323,7341119500,7341119900
s3_s2sf12j2_kafka_rep4_20260612,kafka,sb-events-s3_s2sf12j2_kafka_rep4_20260612,29f92fe5-0aa4-407d-8f0a-0cf2ddeaaa5f,3895060,323,7342456500,7342456800
s3_s2sf12j2_kafka_rep4_20260612,kafka,sb-events-s3_s2sf12j2_kafka_rep4_20260612,91705dce-cd6d-46fc-816b-6f16f0a55899,3895134,323,7343571500,7343571800
s3_s2sf12j2_kafka_rep4_20260612,kafka,sb-events-s3_s2sf12j2_kafka_rep4_20260612,7eb6fae1-8ed8-4b6b-a245-a1ad3eb55542,3895134,323,7346102500,7346103000
s3_s2sf12j2_kafka_rep4_20260612,kafka,sb-events-s3_s2sf12j2_kafka_rep4_20260612,5ed423f7-bc6a-417d-908c-9c5cc9053848,3895134,323,7347616800,7347617100
s3_s2sf12j2_kafka_rep4_20260612,kafka,sb-events-s3_s2sf12j2_kafka_rep4_20260612,6f9de4f1-0bd4-4d27-955b-3efeeb7c5d8b,3895113,323,7348996200,7348996500
s3_s2sf12j2_kafka_rep4_20260612,kafka,sb-events-s3_s2sf12j2_kafka_rep4_20260612,91ca55c2-0ab1-4c67-8c0d-0a768c136cbe,3895113,323,7350979600,7350980000
s3_s2sf12j2_kafka_rep4_20260612,kafka,sb-events-s3_s2sf12j2_kafka_rep4_20260612,06a68206-c99d-4853-b4c2-1e8b69ed8bac,3895086,323,7352191500,7352191800
s3_s2sf12j2_kafka_rep4_20260612,kafka,sb-events-s3_s2sf12j2_kafka_rep4_20260612,e322c13b-ff81-42ee-90e8-2e445f78f36a,3895086,323,7353654600,7353655100
s3_s2sf12j2_kafka_rep4_20260612,kafka,sb-events-s3_s2sf12j2_kafka_rep4_20260612,0152e3af-14bc-45b9-acc2-1c1b81ba1e6d,3895134,324,7355109800,7355110000
s3_s2sf12j2_kafka_rep4_20260612,kafka,sb-events-s3_s2sf12j2_kafka_rep4_20260612,65078bd9-948c-400f-90f7-2aaf914406d4,3895134,324,7356974600,7356975100
s3_s2sf12j2_kafka_rep4_20260612,kafka,sb-events-s3_s2sf12j2_kafka_rep4_20260612,5babff75-4553-4b3a-b9f4-43b8ecab192e,3895086,324,7358386800,7358387100
s3_s2sf12j2_kafka_rep4_20260612,kafka,sb-events-s3_s2sf12j2_kafka_rep4_20260612,dcd63a56-5072-413e-911a-7264f0e371ab,3895086,324,7360877500,7360877700
s3_s2sf12j2_kafka_rep4_20260612,kafka,sb-events-s3_s2sf12j2_kafka_rep4_20260612,912c44f7-9bea-4745-a4c2-4751ca8b8ba2,3895060,325,7362823500,7362823800
s3_s2sf12j2_kafka_rep4_20260612,kafka,sb-events-s3_s2sf12j2_kafka_rep4_20260612,c2b8d7b8-ae71-4a7b-832a-5e071f84706c,3895060,325,7364902400,7364902900
s3_s2sf12j2_kafka_rep4_20260612,kafka,sb-events-s3_s2sf12j2_kafka_rep4_20260612,f302d779-957c-4d6f-999d-e1b1a994308a,3895052,325,7366402500,7366402900
s3_s2sf12j2_kafka_rep4_20260612,kafka,sb-events-s3_s2sf12j2_kafka_rep4_20260612,0b07deed-d20e-4434-abd6-4aaf53e71e62,3895052,325,7368219700,7368220100
s3_s2sf12j2_kafka_rep4_20260612,kafka,sb-events-s3_s2sf12j2_kafka_rep4_20260612,1a07249d-2406-4788-9baa-b1c8eec64ea5,3895086,325,7370186100,7370186700
s3_s2sf12j2_kafka_rep4_20260612,kafka,sb-events-s3_s2sf12j2_kafka_rep4_20260612,50a58806-53f3-4be3-b1a3-ebc3df31bcfb,3895060,326,7371776500,7371776700
s3_s2sf12j2_kafka_rep4_20260612,kafka,sb-events-s3_s2sf12j2_kafka_rep4_20260612,ccc70e17-4484-4ad8-b7fc-715d4177c31a,3895060,326,7373531600,7373531800
s3_s2sf12j2_kafka_rep4_20260612,kafka,sb-events-s3_s2sf12j2_kafka_rep4_20260612,f99f7f6b-5a8c-412a-9704-e4f174e12f20,3895074,326,7375560900,7375561200
s3_s2sf12j2_kafka_rep4_20260612,kafka,sb-events-s3_s2sf12j2_kafka_rep4_20260612,e080162c-b679-46f5-adf2-a019d92130eb,3895113,326,7377458500,7377459000
s3_s2sf12j2_kafka_rep4_20260612,kafka,sb-events-s3_s2sf12j2_kafka_rep4_20260612,b7a07101-16a4-4d4c-8693-420785555b30,3895113,326,7378815200,7378815500
s3_s2sf12j2_kafka_rep4_20260612,kafka,sb-events-s3_s2sf12j2_kafka_rep4_20260612,cbcbaf77-15d0-45a3-afec-9bade109c5c3,3895113,326,7380773800,7380774100
s3_s2sf12j2_kafka_rep4_20260612,kafka,sb-events-s3_s2sf12j2_kafka_rep4_20260612,d310c41e-ccc2-40fb-a06d-6d036f388bff,3895086,326,7382527700,7382528100
s3_s2sf12j2_kafka_rep4_20260612,kafka,sb-events-s3_s2sf12j2_kafka_rep4_20260612,a0a25c26-29df-44dc-a699-90580910dfdd,3895060,327,7383999100,7383999600
s3_s2sf12j2_kafka_rep4_20260612,kafka,sb-events-s3_s2sf12j2_kafka_rep4_20260612,0cf23ce9-0153-4db2-8503-d3073f6461d9,3895060,327,7385396200,7385396500
s3_s2sf12j2_kafka_rep4_20260612,kafka,sb-events-s3_s2sf12j2_kafka_rep4_20260612,8cd76890-acdb-4587-9747-a8325f50af1b,3895134,327,7387307900,7387308200
s3_s2sf12j2_kafka_rep4_20260612,kafka,sb-events-s3_s2sf12j2_kafka_rep4_20260612,e2422ee1-2d12-406e-abd1-fcb8e6e5e40f,3895113,327,7389276900,7389277300
s3_s2sf12j2_kafka_rep4_20260612,kafka,sb-events-s3_s2sf12j2_kafka_rep4_20260612,28026d1d-108d-4132-b7dd-aa5fb2833312,3895086,327,7391027900,7391028300
s3_s2sf12j2_kafka_rep4_20260612,kafka,sb-events-s3_s2sf12j2_kafka_rep4_20260612,3b634913-4263-4e45-a7f6-b25bac5d2637,3895086,327,7392833200,7392833700
s3_s2sf12j2_kafka_rep4_20260612,kafka,sb-events-s3_s2sf12j2_kafka_rep4_20260612,4a7fa8b7-ee4a-4a51-ad8a-5df4c2fe9446,3895095,328,7394324400,7394324700
s3_s2sf12j2_kafka_rep4_20260612,kafka,sb-events-s3_s2sf12j2_kafka_rep4_20260612,601694f2-d49d-47a3-bc0d-3166572c7d50,3895060,328,7395816500,7395816700
s3_s2sf12j2_kafka_rep4_20260612,kafka,sb-events-s3_s2sf12j2_kafka_rep4_20260612,821f610d-dc82-4cb3-81fa-80daf42f8298,3895074,328,7397366700,7397367100
s3_s2sf12j2_kafka_rep4_20260612,kafka,sb-events-s3_s2sf12j2_kafka_rep4_20260612,0425f679-712d-4e88-a143-95f0fced4376,3895074,328,7398899000,7398899200
s3_s2sf12j2_kafka_rep4_20260612,kafka,sb-events-s3_s2sf12j2_kafka_rep4_20260612,5c5243e2-2576-47e7-9e3d-f064c3369e22,3895134,328,7401228400,7401228900
s3_s2sf12j2_kafka_rep4_20260612,kafka,sb-events-s3_s2sf12j2_kafka_rep4_20260612,66ed78e9-7b7a-4dc9-8a7b-9abf8b6a2b79,3895134,328,7402592700,7402593000
s3_s2sf12j2_kafka_rep4_20260612,kafka,sb-events-s3_s2sf12j2_kafka_rep4_20260612,9ae80932-88a0-46c4-906a-d92d4999f5a3,3895086,328,7404236900,7404237200
s3_s2sf12j2_kafka_rep4_20260612,kafka,sb-events-s3_s2sf12j2_kafka_rep4_20260612,d4a886d3-364d-4310-a009-0c7228d9c4e2,3895095,329,7405746700,7405747000
s3_s2sf12j2_kafka_rep4_20260612,kafka,sb-events-s3_s2sf12j2_kafka_rep4_20260612,f070b6ef-9781-4ba2-9993-4e4393f056cb,3895095,329,7407483100,7407483500
s3_s2sf12j2_kafka_rep4_20260612,kafka,sb-events-s3_s2sf12j2_kafka_rep4_20260612,f621dd02-9352-4e89-a960-5040f4b3499d,3895121,329,7408844400,7408844700
s3_s2sf12j2_kafka_rep4_20260612,kafka,sb-events-s3_s2sf12j2_kafka_rep4_20260612,b4a4be30-2276-404e-bd4b-2664b630e9f7,3895121,329,7410225600,7410225800
s3_s2sf12j2_kafka_rep4_20260612,kafka,sb-events-s3_s2sf12j2_kafka_rep4_20260612,07263e8b-6e88-44b3-a4b2-f39c074c174a,3895060,329,7412015800,7412016200
s3_s2sf12j2_kafka_rep4_20260612,kafka,sb-events-s3_s2sf12j2_kafka_rep4_20260612,b50c709b-72a6-4242-98d3-30cd56ce5a82,3895107,329,7414043900,7414044200
s3_s2sf12j2_kafka_rep4_20260612,kafka,sb-events-s3_s2sf12j2_kafka_rep4_20260612,d193c018-d62c-413b-8a1c-c34eb7e4c8e9,3895134,329,7415754200,7415754500
s3_s2sf12j2_kafka_rep4_20260612,kafka,sb-events-s3_s2sf12j2_kafka_rep4_20260612,a7b72d56-d15c-4956-8b4e-13e2463fdbd2,3895052,329,7417489300,7417489700
s3_s2sf12j2_kafka_rep4_20260612,kafka,sb-events-s3_s2sf12j2_kafka_rep4_20260612,afee8057-c990-444c-adfb-30a539eb4c30,3895052,329,7419176500,7419176900
s3_s2sf12j2_kafka_rep4_20260612,kafka,sb-events-s3_s2sf12j2_kafka_rep4_20260612,59e595db-ecaf-4e72-83ae-71fd174bd008,3895113,329,7420818200,7420818900
s3_s2sf12j2_kafka_rep4_20260612,kafka,sb-events-s3_s2sf12j2_kafka_rep4_20260612,5c37fc26-bd70-4b9e-8353-dc41a95546ad,3895113,329,7422672900,7422673300
s3_s2sf12j2_kafka_rep4_20260612,kafka,sb-events-s3_s2sf12j2_kafka_rep4_20260612,61e1ef78-4b24-4e45-8155-e7f227e11514,3895086,329,7424550300,7424550600
s3_s2sf12j2_kafka_rep4_20260612,kafka,sb-events-s3_s2sf12j2_kafka_rep4_20260612,ca5d0df7-3501-4eb8-93f3-6f6f65182264,3895095,330,7427071100,7427071300
s3_s2sf12j2_kafka_rep4_20260612,kafka,sb-events-s3_s2sf12j2_kafka_rep4_20260612,61e1ef78-4b24-4e45-8155-e7f227e11514__rev2,3895086,329,7427100900,7427101100
s3_s2sf12j2_kafka_rep4_20260612,kafka,sb-events-s3_s2sf12j2_kafka_rep4_20260612,667ae860-5de6-41c9-9ad0-27f17f4ae687,3895060,330,7428806100,7428806600
s3_s2sf12j2_kafka_rep4_20260612,kafka,sb-events-s3_s2sf12j2_kafka_rep4_20260612,5af9fdcc-1698-4009-a5a8-bf0efb8264d4,3895060,330,7430559000,7430559300
s3_s2sf12j2_kafka_rep4_20260612,kafka,sb-events-s3_s2sf12j2_kafka_rep4_20260612,6984e885-68ab-4f5d-a155-9488edde777a,3895074,330,7432309200,7432309500
s3_s2sf12j2_kafka_rep4_20260612,kafka,sb-events-s3_s2sf12j2_kafka_rep4_20260612,c62ae5ee-3d01-4415-86c3-5a055496d7b9,3895107,330,7434085800,7434086100
s3_s2sf12j2_kafka_rep4_20260612,kafka,sb-events-s3_s2sf12j2_kafka_rep4_20260612,6f5652cb-8334-4c17-9208-4fc7f87849ec,3895107,330,7435882100,7435882500
s3_s2sf12j2_kafka_rep4_20260612,kafka,sb-events-s3_s2sf12j2_kafka_rep4_20260612,d9f367f1-ebb8-488d-8d01-a1081052d076,3895107,330,7437819900,7437820200
s3_s2sf12j2_kafka_rep4_20260612,kafka,sb-events-s3_s2sf12j2_kafka_rep4_20260612,7c1f4235-c549-44da-93be-fb25beb18c72,3895052,330,7440102000,7440102300
s3_s2sf12j2_kafka_rep4_20260612,kafka,sb-events-s3_s2sf12j2_kafka_rep4_20260612,57a158a9-efa6-45c3-ac61-da3f76ba1181,3895052,330,7441983100,7441983600
s3_s2sf12j2_kafka_rep4_20260612,kafka,sb-events-s3_s2sf12j2_kafka_rep4_20260612,489c69ea-ba68-4944-b257-738bd170d1f1,3895095,331,7443640000,7443640200
s3_s2sf12j2_kafka_rep4_20260612,kafka,sb-events-s3_s2sf12j2_kafka_rep4_20260612,31cf22e9-d1b2-403d-be52-872610538f25,3895095,331,7445531500,7445532000
s3_s2sf12j2_kafka_rep4_20260612,kafka,sb-events-s3_s2sf12j2_kafka_rep4_20260612,0ec63f19-112a-4d49-b908-0169f04b00a7,3895060,331,7447149000,7447149300
s3_s2sf12j2_kafka_rep4_20260612,kafka,sb-events-s3_s2sf12j2_kafka_rep4_20260612,0aa01b9d-69a4-4139-a794-a882e44f4d9e,3895060,331,7448753300,7448753600
s3_s2sf12j2_kafka_rep4_20260612,kafka,sb-events-s3_s2sf12j2_kafka_rep4_20260612,ff76047d-47de-466f-a319-136377697fc2,3895074,331,7450961500,7450961800
s3_s2sf12j2_kafka_rep4_20260612,kafka,sb-events-s3_s2sf12j2_kafka_rep4_20260612,e3e28b81-6e92-419a-a1d5-6d95b8725ed9,3895074,331,7452573300,7452573700
s3_s2sf12j2_kafka_rep4_20260612,kafka,sb-events-s3_s2sf12j2_kafka_rep4_20260612,4c624af4-e3f3-46b8-84b2-942334a6dd05,3895134,331,7454177900,7454178200
s3_s2sf12j2_kafka_rep4_20260612,kafka,sb-events-s3_s2sf12j2_kafka_rep4_20260612,1e189be8-913a-4d4b-a841-db75494445c5,3895134,331,7456364600,7456365100
s3_s2sf12j2_kafka_rep4_20260612,kafka,sb-events-s3_s2sf12j2_kafka_rep4_20260612,e6e48fb5-7ef0-4e24-bf8f-b70df89fed4a,3895134,331,7458100300,7458100600
s3_s2sf12j2_kafka_rep4_20260612,kafka,sb-events-s3_s2sf12j2_kafka_rep4_20260612,71bb5b43-2991-4382-a5d2-dc3741253572,3895052,331,7459423100,7459423400
s3_s2sf12j2_kafka_rep4_20260612,kafka,sb-events-s3_s2sf12j2_kafka_rep4_20260612,4fb0bdad-2281-4f6e-8094-850771b95eab,3895052,331,7461010300,7461010600
s3_s2sf12j2_kafka_rep4_20260612,kafka,sb-events-s3_s2sf12j2_kafka_rep4_20260612,43fe8ca2-b942-4723-aa5a-66d12ca2871d,3895052,331,7462538800,7462539100
s3_s2sf12j2_kafka_rep4_20260612,kafka,sb-events-s3_s2sf12j2_kafka_rep4_20260612,e0dcc6ae-40c7-4519-8496-15ad70e631fa,3895113,331,7464000200,7464000400
s3_s2sf12j2_kafka_rep4_20260612,kafka,sb-events-s3_s2sf12j2_kafka_rep4_20260612,37fd9761-702e-4e7b-a8bf-6a9fe8a696af,3895060,332,7465728100,7465728300
s3_s2sf12j2_kafka_rep4_20260612,kafka,sb-events-s3_s2sf12j2_kafka_rep4_20260612,82c5d746-9b8d-4a2f-a22d-8aac196567cd,3895074,332,7467967700,7467968000
s3_s2sf12j2_kafka_rep4_20260612,kafka,sb-events-s3_s2sf12j2_kafka_rep4_20260612,5acd0668-4e69-4711-b377-407098bef577,3895107,332,7470405200,7470405600
s3_s2sf12j2_kafka_rep4_20260612,kafka,sb-events-s3_s2sf12j2_kafka_rep4_20260612,dab18735-77ec-4370-a106-678dcce75e6c,3895107,332,7472199400,7472199600
s3_s2sf12j2_kafka_rep4_20260612,kafka,sb-events-s3_s2sf12j2_kafka_rep4_20260612,ee206445-03dc-4b10-8c2a-46a586e07e46,3895107,332,7473878100,7473878300
s3_s2sf12j2_kafka_rep4_20260612,kafka,sb-events-s3_s2sf12j2_kafka_rep4_20260612,fd79c8a6-b9f0-4ec2-b288-64720b510357,3895134,332,7475654700,7475655000
s3_s2sf12j2_kafka_rep4_20260612,kafka,sb-events-s3_s2sf12j2_kafka_rep4_20260612,075c0693-e1c7-4b91-b807-d4a145a3463b,3895052,332,7477623100,7477623400
s3_s2sf12j2_kafka_rep4_20260612,kafka,sb-events-s3_s2sf12j2_kafka_rep4_20260612,377f51e4-5ee6-4008-8d75-0027bc896355,3895052,332,7480218900,7480219300
s3_s2sf12j2_kafka_rep4_20260612,kafka,sb-events-s3_s2sf12j2_kafka_rep4_20260612,7c276b01-b3bf-49ba-9aa3-24024921d4a9,3895052,332,7482085500,7482085800
s3_s2sf12j2_kafka_rep4_20260612,kafka,sb-events-s3_s2sf12j2_kafka_rep4_20260612,745379e2-c5d2-492b-b046-1215c00f3c18,3895113,332,7484190300,7484190800
s3_s2sf12j2_kafka_rep4_20260612,kafka,sb-events-s3_s2sf12j2_kafka_rep4_20260612,9df9adb4-6248-4539-a77d-d0ccf6abe83b,3895113,332,7485826500,7485826700
s3_s2sf12j2_kafka_rep4_20260612,kafka,sb-events-s3_s2sf12j2_kafka_rep4_20260612,4d49db2e-7e41-4a56-b823-e245aaddb15b,3895121,333,7487632100,7487632600
s3_s2sf12j2_kafka_rep4_20260612,kafka,sb-events-s3_s2sf12j2_kafka_rep4_20260612,c86879d4-bc31-46f9-b87c-da90da645f76,3895121,333,7489169300,7489169600
s3_s2sf12j2_kafka_rep4_20260612,kafka,sb-events-s3_s2sf12j2_kafka_rep4_20260612,c3177814-c5bd-4f51-9844-039e5fd9b60f,3895121,333,7490341300,7490341600
s3_s2sf12j2_kafka_rep4_20260612,kafka,sb-events-s3_s2sf12j2_kafka_rep4_20260612,581dbb56-f56f-429d-adaf-78ee9d9c3bc4,3895060,333,7491843300,7491843600
s3_s2sf12j2_kafka_rep4_20260612,kafka,sb-events-s3_s2sf12j2_kafka_rep4_20260612,d800e8ef-1eba-44b7-883a-58d77b84a396,3895060,333,7493694500,7493694800
s3_s2sf12j2_kafka_rep4_20260612,kafka,sb-events-s3_s2sf12j2_kafka_rep4_20260612,0a4170e7-c400-405d-b455-0e644e4ff4bc,3895074,333,7495358900,7495359200
s3_s2sf12j2_kafka_rep4_20260612,kafka,sb-events-s3_s2sf12j2_kafka_rep4_20260612,a7db7005-63b9-490d-94ee-105a6e72f9ce,3895074,333,7497369300,7497369700
s3_s2sf12j2_kafka_rep4_20260612,kafka,sb-events-s3_s2sf12j2_kafka_rep4_20260612,c920dee6-6560-41ba-a782-11afc39f3482,3895134,333,7498868000,7498868300
s3_s2sf12j2_kafka_rep4_20260612,kafka,sb-events-s3_s2sf12j2_kafka_rep4_20260612,e006ec65-b041-457c-a6cf-8c492b801d3e,3895134,333,7500300600,7500300900
s3_s2sf12j2_kafka_rep4_20260612,kafka,sb-events-s3_s2sf12j2_kafka_rep4_20260612,17daec9d-d530-4267-a9b4-fba1cefc65a9,3895052,333,7502399000,7502399400
s3_s2sf12j2_kafka_rep4_20260612,kafka,sb-events-s3_s2sf12j2_kafka_rep4_20260612,ed638ea5-4e2a-42ad-88ae-15ed73b28160,3895113,333,7503909300,7503909600
s3_s2sf12j2_kafka_rep4_20260612,kafka,sb-events-s3_s2sf12j2_kafka_rep4_20260612,466dc1b3-80e3-4882-8d4d-a66923daf782,3895121,334,7505748500,7505749000
s3_s2sf12j2_kafka_rep4_20260612,kafka,sb-events-s3_s2sf12j2_kafka_rep4_20260612,9cdbd1dd-a6ea-4aa5-8cd1-c173a036ba23,3895121,334,7507692100,7507692300
s3_s2sf12j2_kafka_rep4_20260612,kafka,sb-events-s3_s2sf12j2_kafka_rep4_20260612,85468b6a-bdde-4e33-874b-ae47828b2a64,3895121,334,7509632500,7509632800
s3_s2sf12j2_kafka_rep4_20260612,kafka,sb-events-s3_s2sf12j2_kafka_rep4_20260612,90bc3775-4e9e-4812-a36d-13b7cf960a82,3895121,334,7511241400,7511241900
s3_s2sf12j2_kafka_rep4_20260612,kafka,sb-events-s3_s2sf12j2_kafka_rep4_20260612,2923ccb9-60d5-4454-aad2-2b1d4edb85c2,3895107,334,7512871100,7512871600
s3_s2sf12j2_kafka_rep4_20260612,kafka,sb-events-s3_s2sf12j2_kafka_rep4_20260612,d59c287e-b7d8-4520-8793-0ea20f6f259b,3895107,334,7514565300,7514565700
s3_s2sf12j2_kafka_rep4_20260612,kafka,sb-events-s3_s2sf12j2_kafka_rep4_20260612,8a512c73-be63-4656-8d75-6f65e931b2fc,3895134,334,7516584700,7516585000
s3_s2sf12j2_kafka_rep4_20260612,kafka,sb-events-s3_s2sf12j2_kafka_rep4_20260612,d59c287e-b7d8-4520-8793-0ea20f6f259b__rev2,3895107,334,7516612800,7516613000
s3_s2sf12j2_kafka_rep4_20260612,kafka,sb-events-s3_s2sf12j2_kafka_rep4_20260612,8498606a-51cc-44f2-a5c6-d170755770c6,3895134,334,7518221000,7518221300
s3_s2sf12j2_kafka_rep4_20260612,kafka,sb-events-s3_s2sf12j2_kafka_rep4_20260612,4fc8ca15-dded-40c3-a2a1-be06f304fa8e,3895052,334,7520201100,7520201300
s3_s2sf12j2_kafka_rep4_20260612,kafka,sb-events-s3_s2sf12j2_kafka_rep4_20260612,0846214e-8df7-4642-9a0d-9efa7eaf5e2e,3895052,334,7521844300,7521844600
s3_s2sf12j2_kafka_rep4_20260612,kafka,sb-events-s3_s2sf12j2_kafka_rep4_20260612,321e3566-4e3a-4ff8-9393-08127da95781,3895113,334,7523507100,7523507600
s3_s2sf12j2_kafka_rep4_20260612,kafka,sb-events-s3_s2sf12j2_kafka_rep4_20260612,94f18e64-33fb-472f-b277-4aed5d75a394,3895113,334,7524807800,7524808100
s3_s2sf12j2_kafka_rep4_20260612,kafka,sb-events-s3_s2sf12j2_kafka_rep4_20260612,7308dbd9-6bee-4b1e-b03f-08c605b7c4f0,3895060,335,7526447400,7526447600
s3_s2sf12j2_kafka_rep4_20260612,kafka,sb-events-s3_s2sf12j2_kafka_rep4_20260612,51fbd998-f74e-4e70-a505-2f2b3d9b4289,3895134,335,7527629500,7527629900
s3_s2sf12j2_kafka_rep4_20260612,kafka,sb-events-s3_s2sf12j2_kafka_rep4_20260612,ce38c60d-3787-45b4-bd5c-18ab40e3d0a0,3895134,335,7529266200,7529266500
s3_s2sf12j2_kafka_rep4_20260612,kafka,sb-events-s3_s2sf12j2_kafka_rep4_20260612,fbe9d939-11a5-41be-ad50-bf92166b4e54,3895134,335,7531266800,7531267100
s3_s2sf12j2_kafka_rep4_20260612,kafka,sb-events-s3_s2sf12j2_kafka_rep4_20260612,3f220106-01eb-4fbe-af98-6e3bd3ac2a57,3895134,335,7533615600,7533616000
s3_s2sf12j2_kafka_rep4_20260612,kafka,sb-events-s3_s2sf12j2_kafka_rep4_20260612,5c354025-43e2-4d92-806e-430504d2a1ef,3895052,335,7535805800,7535806100
s3_s2sf12j2_kafka_rep4_20260612,kafka,sb-events-s3_s2sf12j2_kafka_rep4_20260612,7c0f05fc-c99b-4f43-8a1d-7fb702133afa,3895052,335,7537468700,7537469000
s3_s2sf12j2_kafka_rep4_20260612,kafka,sb-events-s3_s2sf12j2_kafka_rep4_20260612,5ea117e0-0da3-4476-931d-cf244d3118e4,3895060,336,7539257400,7539257800
s3_s2sf12j2_kafka_rep4_20260612,kafka,sb-events-s3_s2sf12j2_kafka_rep4_20260612,0bb34860-e22e-4204-8231-a1ce2998150a,3895060,336,7540615700,7540615900
s3_s2sf12j2_kafka_rep4_20260612,kafka,sb-events-s3_s2sf12j2_kafka_rep4_20260612,b9825d8c-508d-4914-9edf-3410d2687999,3895060,336,7542161100,7542161400
s3_s2sf12j2_kafka_rep4_20260612,kafka,sb-events-s3_s2sf12j2_kafka_rep4_20260612,c376f944-1974-42df-82de-80576e15c588,3895074,336,7543885300,7543885700
s3_s2sf12j2_kafka_rep4_20260612,kafka,sb-events-s3_s2sf12j2_kafka_rep4_20260612,7b49350d-f92c-4f31-a372-4aebb65efd24,3895052,336,7545565000,7545565300
s3_s2sf12j2_kafka_rep4_20260612,kafka,sb-events-s3_s2sf12j2_kafka_rep4_20260612,5ef97f45-7770-4df5-b895-879ef3b8c0a0,3895074,337,7547410500,7547410800
s3_s2sf12j2_kafka_rep4_20260612,kafka,sb-events-s3_s2sf12j2_kafka_rep4_20260612,2d8919d0-60af-463a-919a-735acb87e8de,3895074,337,7549528600,7549528900
s3_s2sf12j2_kafka_rep4_20260612,kafka,sb-events-s3_s2sf12j2_kafka_rep4_20260612,b5416488-0fe8-44ae-802a-b02e10a775f2,3895134,337,7551153800,7551154300
s3_s2sf12j2_kafka_rep4_20260612,kafka,sb-events-s3_s2sf12j2_kafka_rep4_20260612,c51702ca-4adc-44f7-a73b-6edb155dd166,3895134,337,7552699500,7552700000
s3_s2sf12j2_kafka_rep4_20260612,kafka,sb-events-s3_s2sf12j2_kafka_rep4_20260612,c50e063e-2a33-4053-b4fa-471f5556b732,3895095,338,7554269600,7554269900
s3_s2sf12j2_kafka_rep4_20260612,kafka,sb-events-s3_s2sf12j2_kafka_rep4_20260612,ffbf27c1-29f6-4e48-8e60-7e04b54f3717,3895121,338,7556290900,7556291200
s3_s2sf12j2_kafka_rep4_20260612,kafka,sb-events-s3_s2sf12j2_kafka_rep4_20260612,d16a589f-9997-491b-8a0d-5570cfd04bda,3895121,338,7557869200,7557869600
s3_s2sf12j2_kafka_rep4_20260612,kafka,sb-events-s3_s2sf12j2_kafka_rep4_20260612,63cfb3b8-2108-4c07-bcb3-e0dec152970c,3895060,338,7559632300,7559632500
s3_s2sf12j2_kafka_rep4_20260612,kafka,sb-events-s3_s2sf12j2_kafka_rep4_20260612,1809496b-088b-41a9-8997-d5b6725994a3,3895060,338,7561806300,7561806900
s3_s2sf12j2_kafka_rep4_20260612,kafka,sb-events-s3_s2sf12j2_kafka_rep4_20260612,4e3081cc-b767-414d-986a-de53c54bfb73,3895060,338,7563731600,7563731900
s3_s2sf12j2_kafka_rep4_20260612,kafka,sb-events-s3_s2sf12j2_kafka_rep4_20260612,43402693-36c4-4328-aa05-2e99f6de4774,3895074,338,7565533600,7565534200
s3_s2sf12j2_kafka_rep4_20260612,kafka,sb-events-s3_s2sf12j2_kafka_rep4_20260612,4c56934b-e378-47b7-ab3e-bbb0020b6770,3895113,338,7567242700,7567243000
s3_s2sf12j2_kafka_rep4_20260612,kafka,sb-events-s3_s2sf12j2_kafka_rep4_20260612,f9088193-a98b-4bba-9fbe-d552f7ac71df,3895060,339,7568929400,7568929800
s3_s2sf12j2_kafka_rep4_20260612,kafka,sb-events-s3_s2sf12j2_kafka_rep4_20260612,292b1cc0-d970-4adc-b041-bc6cb14ad9d9,3895060,339,7570864900,7570865300
s3_s2sf12j2_kafka_rep4_20260612,kafka,sb-events-s3_s2sf12j2_kafka_rep4_20260612,ac38a7a1-9763-4010-87b5-9d3065544d32,3895074,339,7573529600,7573529800
s3_s2sf12j2_kafka_rep4_20260612,kafka,sb-events-s3_s2sf12j2_kafka_rep4_20260612,56802d2d-99f2-4c75-b4d7-004588588d2c,3895074,339,7575195500,7575195900
s3_s2sf12j2_kafka_rep4_20260612,kafka,sb-events-s3_s2sf12j2_kafka_rep4_20260612,7ec5a9a4-706f-4c5c-995c-c9f12db2e446,3895107,339,7577219800,7577220200
s3_s2sf12j2_kafka_rep4_20260612,kafka,sb-events-s3_s2sf12j2_kafka_rep4_20260612,1d1c5374-b3eb-468f-9da5-5af9220eb450,3895052,339,7579025400,7579025700
s3_s2sf12j2_kafka_rep4_20260612,kafka,sb-events-s3_s2sf12j2_kafka_rep4_20260612,f7a5cf2b-d965-4472-9fb4-c60e51e5c022,3895052,339,7580952400,7580952800
s3_s2sf12j2_kafka_rep4_20260612,kafka,sb-events-s3_s2sf12j2_kafka_rep4_20260612,1ab0a8a0-fa36-4a32-ad9b-47e8d232fa3c,3895113,339,7582232300,7582232800
s3_s2sf12j2_kafka_rep4_20260612,kafka,sb-events-s3_s2sf12j2_kafka_rep4_20260612,3fc5fe2e-3bdf-439e-bd36-22673f035333,3895113,339,7583845900,7583846400
s3_s2sf12j2_kafka_rep4_20260612,kafka,sb-events-s3_s2sf12j2_kafka_rep4_20260612,619be4c6-1b66-4343-b511-77c8d4accad1,3895095,340,7585536700,7585536900
s3_s2sf12j2_kafka_rep4_20260612,kafka,sb-events-s3_s2sf12j2_kafka_rep4_20260612,30abf208-99e2-48ce-9275-6bd0e2464f17,3895095,340,7587520900,7587521500
s3_s2sf12j2_kafka_rep4_20260612,kafka,sb-events-s3_s2sf12j2_kafka_rep4_20260612,8d917c08-c9fe-4f63-bc22-561559374d74,3895095,340,7588844300,7588844600
s3_s2sf12j2_kafka_rep4_20260612,kafka,sb-events-s3_s2sf12j2_kafka_rep4_20260612,e45e8cef-7269-4a34-b5c0-85391def0cd5,3895121,340,7590291400,7590291800
s3_s2sf12j2_kafka_rep4_20260612,kafka,sb-events-s3_s2sf12j2_kafka_rep4_20260612,c18f2ed6-7147-4c77-8604-51467a34b94e,3895121,340,7591639600,7591640000
s3_s2sf12j2_kafka_rep4_20260612,kafka,sb-events-s3_s2sf12j2_kafka_rep4_20260612,6315f917-0392-4047-a531-351815a7f3c2,3895074,340,7593413600,7593414100
s3_s2sf12j2_kafka_rep4_20260612,kafka,sb-events-s3_s2sf12j2_kafka_rep4_20260612,04f0fd04-6938-4a74-b34f-246446b34e6f,3895107,340,7594671100,7594671500
s3_s2sf12j2_kafka_rep4_20260612,kafka,sb-events-s3_s2sf12j2_kafka_rep4_20260612,28b21554-0e4a-40a7-a625-27670feae735,3895107,340,7596227200,7596227500
s3_s2sf12j2_kafka_rep4_20260612,kafka,sb-events-s3_s2sf12j2_kafka_rep4_20260612,70bf7098-81a2-4770-834b-7961137bd220,3895095,341,7597388600,7597388800
s3_s2sf12j2_kafka_rep4_20260612,kafka,sb-events-s3_s2sf12j2_kafka_rep4_20260612,8eeb993f-688f-43d5-8593-152df535fab3,3895074,341,7598782200,7598782500
s3_s2sf12j2_kafka_rep4_20260612,kafka,sb-events-s3_s2sf12j2_kafka_rep4_20260612,af2d5851-36fb-46d0-8bb2-7054f40f9cae,3895107,341,7600800100,7600800500
s3_s2sf12j2_kafka_rep4_20260612,kafka,sb-events-s3_s2sf12j2_kafka_rep4_20260612,27eb449d-56f2-43bd-83c9-0bdf71bb3151,3895113,341,7602911100,7602911600
s3_s2sf12j2_kafka_rep4_20260612,kafka,sb-events-s3_s2sf12j2_kafka_rep4_20260612,af2d5851-36fb-46d0-8bb2-7054f40f9cae__rev2,3895107,341,7602957200,7602957500
s3_s2sf12j2_kafka_rep4_20260612,kafka,sb-events-s3_s2sf12j2_kafka_rep4_20260612,84b15c49-2aaf-47a5-acf7-61997dab159e,3895113,341,7604606200,7604606700
s3_s2sf12j2_kafka_rep4_20260612,kafka,sb-events-s3_s2sf12j2_kafka_rep4_20260612,2820f118-4436-4b40-8647-e125058b983d,3895095,342,7606137100,7606137700
s3_s2sf12j2_kafka_rep4_20260612,kafka,sb-events-s3_s2sf12j2_kafka_rep4_20260612,ba034f24-f03d-40c0-8216-c23f872b2794,3895095,342,7607745600,7607746100
s3_s2sf12j2_kafka_rep4_20260612,kafka,sb-events-s3_s2sf12j2_kafka_rep4_20260612,7a467351-dc7a-4f62-afbc-7c01f1d6015c,3895095,342,7609237900,7609238200
s3_s2sf12j2_kafka_rep4_20260612,kafka,sb-events-s3_s2sf12j2_kafka_rep4_20260612,39c3916b-87ec-45b0-9dc4-2395e1a58e0c,3895060,342,7611008600,7611008800
s3_s2sf12j2_kafka_rep4_20260612,kafka,sb-events-s3_s2sf12j2_kafka_rep4_20260612,46040471-65f0-41da-b2bc-09c0c5be156e,3895107,342,7612894200,7612894700
s3_s2sf12j2_kafka_rep4_20260612,kafka,sb-events-s3_s2sf12j2_kafka_rep4_20260612,6eb9d313-b681-47e4-a14a-b20b839d7e40,3895107,342,7614434900,7614435200
s3_s2sf12j2_kafka_rep4_20260612,kafka,sb-events-s3_s2sf12j2_kafka_rep4_20260612,f2977f9a-ba34-4c67-86d8-6067ff494259,3895107,342,7615921500,7615921700
s3_s2sf12j2_kafka_rep4_20260612,kafka,sb-events-s3_s2sf12j2_kafka_rep4_20260612,bd856bdb-a742-4a57-ae94-4867e278a20d,3895134,342,7617690700,7617691100
s3_s2sf12j2_kafka_rep4_20260612,kafka,sb-events-s3_s2sf12j2_kafka_rep4_20260612,3d8b6373-3124-4614-8bd3-554f8545481c,3895113,342,7619041200,7619041600
s3_s2sf12j2_kafka_rep4_20260612,kafka,sb-events-s3_s2sf12j2_kafka_rep4_20260612,84384dad-f296-49c6-8022-beb4569da24c,3895060,343,7620885000,7620885500
s3_s2sf12j2_kafka_rep4_20260612,kafka,sb-events-s3_s2sf12j2_kafka_rep4_20260612,b35836c5-227c-4306-bb7f-6560ee476d9a,3895060,343,7622263900,7622264200
s3_s2sf12j2_kafka_rep4_20260612,kafka,sb-events-s3_s2sf12j2_kafka_rep4_20260612,ab008c7a-2b07-4eae-b099-954b9796e945,3895060,343,7623585100,7623585400
s3_s2sf12j2_kafka_rep4_20260612,kafka,sb-events-s3_s2sf12j2_kafka_rep4_20260612,2dee0337-4ec1-457b-b815-9d8a196054fa,3895074,343,7625685100,7625685300
s3_s2sf12j2_kafka_rep4_20260612,kafka,sb-events-s3_s2sf12j2_kafka_rep4_20260612,f41c6945-e298-4e35-a108-4bbed3e5b100,3895074,343,7627454800,7627455100
s3_s2sf12j2_kafka_rep4_20260612,kafka,sb-events-s3_s2sf12j2_kafka_rep4_20260612,419d604d-a424-4cae-a803-c460f1dc815f,3895074,343,7629825900,7629826400
s3_s2sf12j2_kafka_rep4_20260612,kafka,sb-events-s3_s2sf12j2_kafka_rep4_20260612,1d8551de-c1ee-4ca5-8d68-0f15eb98958f,3895107,343,7631395900,7631396400
s3_s2sf12j2_kafka_rep4_20260612,kafka,sb-events-s3_s2sf12j2_kafka_rep4_20260612,9babf8c5-67b9-439f-bd51-48d61e760b16,3895113,343,7633350900,7633351200
s3_s2sf12j2_kafka_rep4_20260612,kafka,sb-events-s3_s2sf12j2_kafka_rep4_20260612,9c55823d-4323-4766-861b-d238a3a85b03,3895113,343,7634775500,7634775900
s3_s2sf12j2_kafka_rep4_20260612,kafka,sb-events-s3_s2sf12j2_kafka_rep4_20260612,fd06eb44-3503-4922-b4b5-f3312ae79ae5,3895095,344,7636481900,7636482300
s3_s2sf12j2_kafka_rep4_20260612,kafka,sb-events-s3_s2sf12j2_kafka_rep4_20260612,72e371a5-8cb6-44a6-9b7e-d13440a95694,3895095,344,7638374700,7638375000
s3_s2sf12j2_kafka_rep4_20260612,kafka,sb-events-s3_s2sf12j2_kafka_rep4_20260612,79ca4247-889f-4683-a44c-3fa06bb50464,3895060,344,7640771000,7640771300
s3_s2sf12j2_kafka_rep4_20260612,kafka,sb-events-s3_s2sf12j2_kafka_rep4_20260612,36a8d13e-1f93-4d2b-8b45-c6838ef8ee76,3895060,344,7642552600,7642552800
s3_s2sf12j2_kafka_rep4_20260612,kafka,sb-events-s3_s2sf12j2_kafka_rep4_20260612,3c9f7726-9b68-4a96-a0fd-abca0df71e7c,3895107,344,7644314700,7644314900
s3_s2sf12j2_kafka_rep4_20260612,kafka,sb-events-s3_s2sf12j2_kafka_rep4_20260612,7f94ef98-b609-49bf-b69a-6c6c6fb25ce9,3895107,344,7646106900,7646107200
s3_s2sf12j2_kafka_rep4_20260612,kafka,sb-events-s3_s2sf12j2_kafka_rep4_20260612,1bc58959-c3b6-4947-98a4-bd2beed0d9a3,3895113,344,7647616200,7647616500
s3_s2sf12j2_kafka_rep4_20260612,kafka,sb-events-s3_s2sf12j2_kafka_rep4_20260612,2d9bc062-7203-4d6b-b97b-9dd70dd43533,3895113,344,7649215800,7649216300
s3_s2sf12j2_kafka_rep4_20260612,kafka,sb-events-s3_s2sf12j2_kafka_rep4_20260612,432ae0a0-c58e-4922-9d9c-e18b893e4943,3895095,345,7650789700,7650790100
s3_s2sf12j2_kafka_rep4_20260612,kafka,sb-events-s3_s2sf12j2_kafka_rep4_20260612,1591db9c-ff05-4166-bdd8-5aa39ba3b255,3895095,345,7652385600,7652386000
s3_s2sf12j2_kafka_rep4_20260612,kafka,sb-events-s3_s2sf12j2_kafka_rep4_20260612,a50f2ca1-6386-4b5f-96a4-88c212f1e059,3895107,345,7654190100,7654190400
s3_s2sf12j2_kafka_rep4_20260612,kafka,sb-events-s3_s2sf12j2_kafka_rep4_20260612,1145ec18-0385-4a9a-afa7-6af3fe19cc8d,3895134,345,7655778800,7655779100
s3_s2sf12j2_kafka_rep4_20260612,kafka,sb-events-s3_s2sf12j2_kafka_rep4_20260612,95ae91bc-578d-4b57-a36f-887eb4c66378,3895134,345,7657607100,7657607400
s3_s2sf12j2_kafka_rep4_20260612,kafka,sb-events-s3_s2sf12j2_kafka_rep4_20260612,ee9ea508-8f1e-4e9c-80d5-fa066cb16b25,3895113,345,7659438000,7659438300
s3_s2sf12j2_kafka_rep4_20260612,kafka,sb-events-s3_s2sf12j2_kafka_rep4_20260612,544cfa4b-c713-4a3c-a50b-70632e79ba7f,3895113,345,7660879900,7660880200
s3_s2sf12j2_kafka_rep4_20260612,kafka,sb-events-s3_s2sf12j2_kafka_rep4_20260612,75285962-3d92-4618-8457-28b7b780d192,3895107,346,7662125100,7662125300
s3_s2sf12j2_kafka_rep4_20260612,kafka,sb-events-s3_s2sf12j2_kafka_rep4_20260612,ac48dcc4-9c6a-4816-a531-4561b8da0ebb,3895107,346,7663663500,7663663800
s3_s2sf12j2_kafka_rep4_20260612,kafka,sb-events-s3_s2sf12j2_kafka_rep4_20260612,37acd007-1461-4018-98d9-9768ed35bffa,3895134,346,7665214600,7665214900
s3_s2sf12j2_kafka_rep4_20260612,kafka,sb-events-s3_s2sf12j2_kafka_rep4_20260612,0dd41e1b-acba-4aba-81bf-b1fcb066ec70,3895134,346,7667561300,7667561700
s3_s2sf12j2_kafka_rep4_20260612,kafka,sb-events-s3_s2sf12j2_kafka_rep4_20260612,ba3ff544-13c4-4a77-b3cf-fdc0569d4948,3895067,347,7669340100,7669340400
s3_s2sf12j2_kafka_rep4_20260612,kafka,sb-events-s3_s2sf12j2_kafka_rep4_20260612,9ebf1956-333d-441d-8340-a3d9b2efd2f2,3895107,347,7671246100,7671246500
s3_s2sf12j2_kafka_rep4_20260612,kafka,sb-events-s3_s2sf12j2_kafka_rep4_20260612,3f516b22-ee40-4efe-a6a4-6b76dec2ed43,3895052,347,7673086700,7673087000
s3_s2sf12j2_kafka_rep4_20260612,kafka,sb-events-s3_s2sf12j2_kafka_rep4_20260612,d0d2c9bb-b2d1-4329-8cce-d7c58282e975,3895086,347,7675237100,7675237600
s3_s2sf12j2_kafka_rep4_20260612,kafka,sb-events-s3_s2sf12j2_kafka_rep4_20260612,f1371f3b-05f3-4445-902c-d8f3bb1542fb,3895113,347,7676460700,7676461000
s3_s2sf12j2_kafka_rep4_20260612,kafka,sb-events-s3_s2sf12j2_kafka_rep4_20260612,d6ab8ba6-67c1-430b-8b9f-90523edc8bb8,3895095,348,7678236900,7678237200
s3_s2sf12j2_kafka_rep4_20260612,kafka,sb-events-s3_s2sf12j2_kafka_rep4_20260612,b45c1713-cdd8-4c1b-91dc-3a64d437ddfa,3895107,348,7680265600,7680265900
s3_s2sf12j2_kafka_rep4_20260612,kafka,sb-events-s3_s2sf12j2_kafka_rep4_20260612,8c3f9bee-a8a1-4e73-adce-38c5d8374870,3895107,348,7682259300,7682259700
s3_s2sf12j2_kafka_rep4_20260612,kafka,sb-events-s3_s2sf12j2_kafka_rep4_20260612,44ab001f-4d1d-4de1-b63c-e57d9d5f65d0,3895113,348,7683792100,7683792300
s3_s2sf12j2_kafka_rep4_20260612,kafka,sb-events-s3_s2sf12j2_kafka_rep4_20260612,77bb8929-ccb4-4d5f-bbe2-2f0cddd68551,3895113,348,7685681600,7685681900
s3_s2sf12j2_kafka_rep4_20260612,kafka,sb-events-s3_s2sf12j2_kafka_rep4_20260612,423b17a2-1559-4a45-93ec-63e0b06247d2,3895121,349,7687070400,7687070700
s3_s2sf12j2_kafka_rep4_20260612,kafka,sb-events-s3_s2sf12j2_kafka_rep4_20260612,6b13594f-1e9a-4e86-b054-5bf465657daf,3895074,349,7689207600,7689207900
s3_s2sf12j2_kafka_rep4_20260612,kafka,sb-events-s3_s2sf12j2_kafka_rep4_20260612,423b17a2-1559-4a45-93ec-63e0b06247d2__rev2,3895121,349,7689249400,7689249700
s3_s2sf12j2_kafka_rep4_20260612,kafka,sb-events-s3_s2sf12j2_kafka_rep4_20260612,a375e4ce-c2a1-40cb-a345-67396467f5c0,3895107,349,7691065500,7691065800
s3_s2sf12j2_kafka_rep4_20260612,kafka,sb-events-s3_s2sf12j2_kafka_rep4_20260612,aa7bac1a-585b-4860-8a08-dccac94ceef6,3895052,349,7692667600,7692667800
s3_s2sf12j2_kafka_rep4_20260612,kafka,sb-events-s3_s2sf12j2_kafka_rep4_20260612,f5754023-5f50-4bb2-a974-a76618d41e73,3895086,349,7694608600,7694608900
s3_s2sf12j2_kafka_rep4_20260612,kafka,sb-events-s3_s2sf12j2_kafka_rep4_20260612,f7301563-b4ea-408d-a5ed-7512612d2757,3895086,349,7696309300,7696309600
s3_s2sf12j2_kafka_rep4_20260612,kafka,sb-events-s3_s2sf12j2_kafka_rep4_20260612,ce266724-c08b-403c-b604-2b4fa1ab5ad4,3895113,349,7698072000,7698072300
s3_s2sf12j2_kafka_rep4_20260612,kafka,sb-events-s3_s2sf12j2_kafka_rep4_20260612,2ea9d0ec-a028-47f0-a7d4-c19bac12e727,3895095,350,7699581700,7699581900
s3_s2sf12j2_kafka_rep4_20260612,kafka,sb-events-s3_s2sf12j2_kafka_rep4_20260612,531febc4-d1a2-4398-ac27-7c534bca2622,3895095,350,7701237800,7701238100
s3_s2sf12j2_kafka_rep4_20260612,kafka,sb-events-s3_s2sf12j2_kafka_rep4_20260612,44f62541-fa13-421a-883e-363593814133,3895121,350,7702816300,7702816500
s3_s2sf12j2_kafka_rep4_20260612,kafka,sb-events-s3_s2sf12j2_kafka_rep4_20260612,c5f5c5d8-0a54-458d-b298-0d47bbb405a1,3895121,350,7704608300,7704608900
s3_s2sf12j2_kafka_rep4_20260612,kafka,sb-events-s3_s2sf12j2_kafka_rep4_20260612,5a0e4337-083a-4631-8324-2a2ae7fb9736,3895067,350,7706483400,7706483900
s3_s2sf12j2_kafka_rep4_20260612,kafka,sb-events-s3_s2sf12j2_kafka_rep4_20260612,5095e9f2-b041-49a3-9ebb-54b9544ec710,3895067,350,7708217200,7708217500
s3_s2sf12j2_kafka_rep4_20260612,kafka,sb-events-s3_s2sf12j2_kafka_rep4_20260612,dbfe72ee-8e62-4ebe-b6c7-9217a53d5803,3895067,350,7710327800,7710328100
s3_s2sf12j2_kafka_rep4_20260612,kafka,sb-events-s3_s2sf12j2_kafka_rep4_20260612,900a039a-e94b-4b2f-8b24-47ca5923b12c,3895107,350,7712109900,7712110400
s3_s2sf12j2_kafka_rep4_20260612,kafka,sb-events-s3_s2sf12j2_kafka_rep4_20260612,013d2f57-a3d8-41b5-98c1-00a242e11384,3895107,350,7713726100,7713726300
s3_s2sf12j2_kafka_rep4_20260612,kafka,sb-events-s3_s2sf12j2_kafka_rep4_20260612,255d6e3d-7309-485e-ad7b-8fa794aa5b9e,3895052,350,7714783500,7714783800
s3_s2sf12j2_kafka_rep4_20260612,kafka,sb-events-s3_s2sf12j2_kafka_rep4_20260612,db882fff-09aa-47b4-9837-5eb7852c46cc,3895113,350,7716225000,7716225200
s3_s2sf12j2_kafka_rep4_20260612,kafka,sb-events-s3_s2sf12j2_kafka_rep4_20260612,8520ef69-be71-4c8e-8beb-cc29f4554038,3895113,350,7717559300,7717559500
s3_s2sf12j2_kafka_rep4_20260612,kafka,sb-events-s3_s2sf12j2_kafka_rep4_20260612,e636d562-f572-4462-a730-c3e48e5fc8dc,3895121,351,7720181900,7720182200
s3_s2sf12j2_kafka_rep4_20260612,kafka,sb-events-s3_s2sf12j2_kafka_rep4_20260612,929983a0-f737-483c-8ccc-c22dd0b4c758,3895121,351,7722055700,7722056000
s3_s2sf12j2_kafka_rep4_20260612,kafka,sb-events-s3_s2sf12j2_kafka_rep4_20260612,5d042596-1978-41d1-b07e-d438d6e68678,3895074,351,7723855000,7723855200
s3_s2sf12j2_kafka_rep4_20260612,kafka,sb-events-s3_s2sf12j2_kafka_rep4_20260612,a14133d0-1a67-4da3-bda8-b019d9a65546,3895074,351,7725345900,7725346100
s3_s2sf12j2_kafka_rep4_20260612,kafka,sb-events-s3_s2sf12j2_kafka_rep4_20260612,97373857-8573-46fe-8502-0ec9ec5dbafb,3895074,351,7726995000,7726995200
s3_s2sf12j2_kafka_rep4_20260612,kafka,sb-events-s3_s2sf12j2_kafka_rep4_20260612,92eec2ef-ec3f-42b8-8f5a-18fc3408c000,3895134,351,7729265200,7729265700
s3_s2sf12j2_kafka_rep4_20260612,kafka,sb-events-s3_s2sf12j2_kafka_rep4_20260612,0674a04b-50d5-4a36-b451-937df82b0b82,3895052,351,7730636400,7730636600
s3_s2sf12j2_kafka_rep4_20260612,kafka,sb-events-s3_s2sf12j2_kafka_rep4_20260612,9ee96fd8-7e6a-4530-99f7-e8fe35b831d6,3895052,351,7732088300,7732088600
s3_s2sf12j2_kafka_rep4_20260612,kafka,sb-events-s3_s2sf12j2_kafka_rep4_20260612,e6ea7a99-989a-4a27-bf9e-0eac58318c01,3895086,351,7734458400,7734458700
s3_s2sf12j2_kafka_rep4_20260612,kafka,sb-events-s3_s2sf12j2_kafka_rep4_20260612,f7e9fa20-5fb2-4d16-868d-a2506930f758,3895086,351,7736217800,7736218000
s3_s2sf12j2_kafka_rep4_20260612,kafka,sb-events-s3_s2sf12j2_kafka_rep4_20260612,808af9fa-4b11-4c37-96c7-ac81aabe7b00,3895086,351,7738102500,7738103000
s3_s2sf12j2_kafka_rep4_20260612,kafka,sb-events-s3_s2sf12j2_kafka_rep4_20260612,c4478270-22e1-4a2e-b21e-5e0def1a5ade,3895095,352,7739497800,7739498100
s3_s2sf12j2_kafka_rep4_20260612,kafka,sb-events-s3_s2sf12j2_kafka_rep4_20260612,0da76901-89e3-4054-96a5-ef5d4fdcd847,3895121,352,7740793900,7740794100
s3_s2sf12j2_kafka_rep4_20260612,kafka,sb-events-s3_s2sf12j2_kafka_rep4_20260612,4f41e8c4-02b8-40e7-9d40-2ce3a724fa72,3895121,352,7742356700,7742357300
s3_s2sf12j2_kafka_rep4_20260612,kafka,sb-events-s3_s2sf12j2_kafka_rep4_20260612,636679fa-6ff4-4b70-b8da-80c52344fd3e,3895067,352,7743830200,7743830700
s3_s2sf12j2_kafka_rep4_20260612,kafka,sb-events-s3_s2sf12j2_kafka_rep4_20260612,6cf92e59-803f-45c6-93a9-1af3645b6d04,3895067,352,7745695700,7745696200
s3_s2sf12j2_kafka_rep4_20260612,kafka,sb-events-s3_s2sf12j2_kafka_rep4_20260612,c8095c62-7453-463a-8f11-f45a07e2d6a1,3895067,352,7747060000,7747060300
s3_s2sf12j2_kafka_rep4_20260612,kafka,sb-events-s3_s2sf12j2_kafka_rep4_20260612,022b80dd-c3d4-496a-b9a1-13ec8f95ef16,3895074,352,7748828900,7748829200
s3_s2sf12j2_kafka_rep4_20260612,kafka,sb-events-s3_s2sf12j2_kafka_rep4_20260612,690ccf73-3c6e-4ca8-af6d-43e2cd71d9a4,3895121,353,7750629000,7750629300
s3_s2sf12j2_kafka_rep4_20260612,kafka,sb-events-s3_s2sf12j2_kafka_rep4_20260612,1ba2479a-3e74-4346-b068-44f45c8da8b3,3895074,353,7752368200,7752368500
s3_s2sf12j2_kafka_rep4_20260612,kafka,sb-events-s3_s2sf12j2_kafka_rep4_20260612,4b593dcb-bc9a-4b6b-b866-de06556e75ad,3895074,353,7753887800,7753888200
s3_s2sf12j2_kafka_rep4_20260612,kafka,sb-events-s3_s2sf12j2_kafka_rep4_20260612,5f4d249d-781d-4e55-93cd-45a93e706aa6,3895074,353,7755285600,7755286000
s3_s2sf12j2_kafka_rep4_20260612,kafka,sb-events-s3_s2sf12j2_kafka_rep4_20260612,c567a09c-23a2-41c2-9952-05e8de3b17f1,3895134,353,7756792200,7756792500
s3_s2sf12j2_kafka_rep4_20260612,kafka,sb-events-s3_s2sf12j2_kafka_rep4_20260612,0844a9d6-fbb5-4a26-8687-53ad754f56e7,3895134,353,7758096700,7758097000
s3_s2sf12j2_kafka_rep4_20260612,kafka,sb-events-s3_s2sf12j2_kafka_rep4_20260612,a3df59c8-cf02-4d37-bf5b-d2589fd3e6bf,3895086,353,7760051800,7760052200
s3_s2sf12j2_kafka_rep4_20260612,kafka,sb-events-s3_s2sf12j2_kafka_rep4_20260612,3d81beef-a8a3-49e4-b1bc-b3ac126fcc44,3895095,354,7762014900,7762015200
s3_s2sf12j2_kafka_rep4_20260612,kafka,sb-events-s3_s2sf12j2_kafka_rep4_20260612,1635501e-6069-489e-bc97-60be68d5acbf,3895095,354,7763787800,7763788100
s3_s2sf12j2_kafka_rep4_20260612,kafka,sb-events-s3_s2sf12j2_kafka_rep4_20260612,a2cf3355-33aa-42c4-b369-9e5258da011e,3895095,354,7765768900,7765769200
s3_s2sf12j2_kafka_rep4_20260612,kafka,sb-events-s3_s2sf12j2_kafka_rep4_20260612,0613d0f6-5512-4f13-8c54-69900aeffd4c,3895121,354,7767261500,7767262000
s3_s2sf12j2_kafka_rep4_20260612,kafka,sb-events-s3_s2sf12j2_kafka_rep4_20260612,4fcfcc60-392e-48ff-bfda-3738123b9b14,3895067,354,7768773300,7768773600
s3_s2sf12j2_kafka_rep4_20260612,kafka,sb-events-s3_s2sf12j2_kafka_rep4_20260612,3c9d821e-cd1d-40d8-b6cc-ebfdba7e3552,3895067,354,7770161600,7770161900
s3_s2sf12j2_kafka_rep4_20260612,kafka,sb-events-s3_s2sf12j2_kafka_rep4_20260612,9e467124-ed14-41b1-ae7c-83af31974e51,3895074,354,7772032600,7772032900
s3_s2sf12j2_kafka_rep4_20260612,kafka,sb-events-s3_s2sf12j2_kafka_rep4_20260612,dbd193b4-9436-4a57-930e-b83bcb5dda0b,3895074,354,7774677600,7774677800
s3_s2sf12j2_kafka_rep4_20260612,kafka,sb-events-s3_s2sf12j2_kafka_rep4_20260612,9e467124-ed14-41b1-ae7c-83af31974e51__rev2,3895074,354,7774702300,7774702400
s3_s2sf12j2_kafka_rep4_20260612,kafka,sb-events-s3_s2sf12j2_kafka_rep4_20260612,e505e81c-2a00-4469-b96d-4138c8795413,3895074,354,7776292000,7776292300
s3_s2sf12j2_kafka_rep4_20260612,kafka,sb-events-s3_s2sf12j2_kafka_rep4_20260612,05e5ad24-d023-49d2-aa5a-330e3c90ce62,3895134,354,7778233000,7778233300
s3_s2sf12j2_kafka_rep4_20260612,kafka,sb-events-s3_s2sf12j2_kafka_rep4_20260612,35bb4379-6293-40c4-8b6e-bded481be933,3895095,355,7779979100,7779979400
s3_s2sf12j2_kafka_rep4_20260612,kafka,sb-events-s3_s2sf12j2_kafka_rep4_20260612,0f08928d-929c-417d-9c32-4b22b7ff172f,3895095,355,7781889000,7781889300
s3_s2sf12j2_kafka_rep4_20260612,kafka,sb-events-s3_s2sf12j2_kafka_rep4_20260612,8b96b887-80a9-4a57-99dd-415b5e19a6a0,3895095,355,7783527600,7783527900
s3_s2sf12j2_kafka_rep4_20260612,kafka,sb-events-s3_s2sf12j2_kafka_rep4_20260612,11f82d11-f3aa-4650-9992-9dc2e6838811,3895067,355,7785686000,7785686400
s3_s2sf12j2_kafka_rep4_20260612,kafka,sb-events-s3_s2sf12j2_kafka_rep4_20260612,a14fbff7-c39f-4bca-9a3e-9f2af4f6d1c9,3895067,355,7787975500,7787976100
s3_s2sf12j2_kafka_rep4_20260612,kafka,sb-events-s3_s2sf12j2_kafka_rep4_20260612,da3669aa-68ba-4aa3-a220-6f073829d078,3895067,355,7790185600,7790186000
s3_s2sf12j2_kafka_rep4_20260612,kafka,sb-events-s3_s2sf12j2_kafka_rep4_20260612,8e9b56bf-c9eb-4d50-a829-b70de02f7adb,3895134,355,7791441400,7791441700
s3_s2sf12j2_kafka_rep4_20260612,kafka,sb-events-s3_s2sf12j2_kafka_rep4_20260612,c9545898-f161-4c9d-9a0b-8793de625bcc,3895134,355,7793433500,7793434100
s3_s2sf12j2_kafka_rep4_20260612,kafka,sb-events-s3_s2sf12j2_kafka_rep4_20260612,0f0946e2-9309-4794-87fe-89df747a3e6d,3895086,355,7795393900,7795394200
s3_s2sf12j2_kafka_rep4_20260612,kafka,sb-events-s3_s2sf12j2_kafka_rep4_20260612,cd3f2d0a-aeb3-4b34-a0f2-3eb12e54bd55,3895086,355,7797045700,7797045900
s3_s2sf12j2_kafka_rep4_20260612,kafka,sb-events-s3_s2sf12j2_kafka_rep4_20260612,67d749a9-d258-4ad4-ac55-609ba90cf84c,3895113,355,7798760700,7798761000
s3_s2sf12j2_kafka_rep4_20260612,kafka,sb-events-s3_s2sf12j2_kafka_rep4_20260612,abfe23c2-ade5-4f19-9243-c42bc6acc499,3895095,356,7800611400,7800611700
s3_s2sf12j2_kafka_rep4_20260612,kafka,sb-events-s3_s2sf12j2_kafka_rep4_20260612,6ac4f18d-3142-4279-ad27-1b5c1f29213c,3895095,356,7802373000,7802373200
s3_s2sf12j2_kafka_rep4_20260612,kafka,sb-events-s3_s2sf12j2_kafka_rep4_20260612,958d8eff-6600-41d0-b547-651815753987,3895095,356,7803999200,7803999700
s3_s2sf12j2_kafka_rep4_20260612,kafka,sb-events-s3_s2sf12j2_kafka_rep4_20260612,5ed9a389-42e1-4784-be3d-4cbebb664292,3895095,356,7805586300,7805586700
s3_s2sf12j2_kafka_rep4_20260612,kafka,sb-events-s3_s2sf12j2_kafka_rep4_20260612,ecdc4eb5-081e-4867-970a-cfe7e3dec346,3895121,356,7806825700,7806826000
s3_s2sf12j2_kafka_rep4_20260612,kafka,sb-events-s3_s2sf12j2_kafka_rep4_20260612,38505484-d1c7-4960-896e-5776910748bc,3895121,356,7808768300,7808768700
s3_s2sf12j2_kafka_rep4_20260612,kafka,sb-events-s3_s2sf12j2_kafka_rep4_20260612,cc9e27ee-245f-4af1-a5bb-614ae8d6c057,3895121,356,7810834600,7810835100
s3_s2sf12j2_kafka_rep4_20260612,kafka,sb-events-s3_s2sf12j2_kafka_rep4_20260612,ead79ea4-823f-4a03-8f36-d2982bb018e2,3895067,356,7812906300,7812906800
s3_s2sf12j2_kafka_rep4_20260612,kafka,sb-events-s3_s2sf12j2_kafka_rep4_20260612,00f2c51f-ecac-4106-968a-1cce717d6a91,3895074,356,7814941900,7814942100
s3_s2sf12j2_kafka_rep4_20260612,kafka,sb-events-s3_s2sf12j2_kafka_rep4_20260612,ba2388ef-4130-4f6e-81f1-ea3241225526,3895074,356,7816866400,7816866700
s3_s2sf12j2_kafka_rep4_20260612,kafka,sb-events-s3_s2sf12j2_kafka_rep4_20260612,152698ea-6ce8-4b88-9161-24663669ee93,3895134,356,7818520400,7818520800
s3_s2sf12j2_kafka_rep4_20260612,kafka,sb-events-s3_s2sf12j2_kafka_rep4_20260612,a2877987-23c1-4047-b18d-b2e9a7a16eaa,3895134,356,7820232200,7820232500
s3_s2sf12j2_kafka_rep4_20260612,kafka,sb-events-s3_s2sf12j2_kafka_rep4_20260612,f860c0f1-35fa-4b68-bae2-0b3826695770,3895095,357,7821993500,7821993800
s3_s2sf12j2_kafka_rep4_20260612,kafka,sb-events-s3_s2sf12j2_kafka_rep4_20260612,dfda4064-2960-4520-ba52-9ed4894ac590,3895121,357,7823807200,7823807600
s3_s2sf12j2_kafka_rep4_20260612,kafka,sb-events-s3_s2sf12j2_kafka_rep4_20260612,214c184b-01af-4b15-a374-02e2b44b5e63,3895074,357,7825596900,7825597200
s3_s2sf12j2_kafka_rep4_20260612,kafka,sb-events-s3_s2sf12j2_kafka_rep4_20260612,6cbd006a-52e4-4a4c-93c1-c5704aeb8549,3895052,357,7828360300,7828360700
s3_s2sf12j2_kafka_rep4_20260612,kafka,sb-events-s3_s2sf12j2_kafka_rep4_20260612,c0007622-67a8-466c-9108-c712e65fe291,3895113,357,7830080300,7830080500
s3_s2sf12j2_kafka_rep4_20260612,kafka,sb-events-s3_s2sf12j2_kafka_rep4_20260612,0281400d-53a7-4dc7-a6b8-99471e9c4ecb,3895113,357,7831811300,7831811700
s3_s2sf12j2_kafka_rep4_20260612,kafka,sb-events-s3_s2sf12j2_kafka_rep4_20260612,ce9db25a-5fec-4547-8526-61c3141c4d0d,3895067,358,7833986000,7833986300
s3_s2sf12j2_kafka_rep4_20260612,kafka,sb-events-s3_s2sf12j2_kafka_rep4_20260612,3aab850c-1a11-4641-bf19-c6c5f966abb3,3895067,358,7835480200,7835480700
s3_s2sf12j2_kafka_rep4_20260612,kafka,sb-events-s3_s2sf12j2_kafka_rep4_20260612,edf1a557-c2a7-42cc-ae0f-78d824ad78ca,3895052,358,7837216400,7837216800
s3_s2sf12j2_kafka_rep4_20260612,kafka,sb-events-s3_s2sf12j2_kafka_rep4_20260612,60b08e8c-3c15-4d30-8ebb-c5f83e449d83,3895052,358,7838938500,7838938700
s3_s2sf12j2_kafka_rep4_20260612,kafka,sb-events-s3_s2sf12j2_kafka_rep4_20260612,de72c156-22fc-4732-889a-d7c7e5f73bdc,3895052,358,7840422600,7840422900
s3_s2sf12j2_kafka_rep4_20260612,kafka,sb-events-s3_s2sf12j2_kafka_rep4_20260612,28cf5ab9-fc42-47ce-ae7c-43a10aba3bcc,3895134,358,7841892300,7841892600
s3_s2sf12j2_kafka_rep4_20260612,kafka,sb-events-s3_s2sf12j2_kafka_rep4_20260612,0e144e45-eed9-4c1f-b16e-f7fd087181a9,3895086,358,7843642000,7843642500
s3_s2sf12j2_kafka_rep4_20260612,kafka,sb-events-s3_s2sf12j2_kafka_rep4_20260612,245d3f1d-83b4-4ba5-899a-a743f64dc044,3895113,358,7845923300,7845923800
s3_s2sf12j2_kafka_rep4_20260612,kafka,sb-events-s3_s2sf12j2_kafka_rep4_20260612,f8786ba2-27cb-40e0-bd36-0bff4387846e,3895134,359,7847844300,7847844700
s3_s2sf12j2_kafka_rep4_20260612,kafka,sb-events-s3_s2sf12j2_kafka_rep4_20260612,f9c3a117-027a-43e5-9189-2884e85151bf,3895134,359,7849602800,7849603400
s3_s2sf12j2_kafka_rep4_20260612,kafka,sb-events-s3_s2sf12j2_kafka_rep4_20260612,f9627c67-19a0-4814-94b7-cca3d3e36e1e,3895086,359,7850769600,7850769900
s3_s2sf12j2_kafka_rep4_20260612,kafka,sb-events-s3_s2sf12j2_kafka_rep4_20260612,0fa3e9fc-8f59-4d93-ad54-9dafec6fe2cb,3895086,359,7852690400,7852690700
s3_s2sf12j2_kafka_rep4_20260612,kafka,sb-events-s3_s2sf12j2_kafka_rep4_20260612,e20fe4de-bcb4-4354-a27d-c27fe5b54a9c,3895086,359,7854718100,7854718400
s3_s2sf12j2_kafka_rep4_20260612,kafka,sb-events-s3_s2sf12j2_kafka_rep4_20260612,02992e62-fe65-4047-a654-9d393d3e5e92,3895086,359,7856556100,7856556400
s3_s2sf12j2_kafka_rep4_20260612,kafka,sb-events-s3_s2sf12j2_kafka_rep4_20260612,60bce52d-2353-40d5-986f-2f7e0c049878,3895113,359,7858378000,7858378400
s3_s2sf12j2_kafka_rep4_20260612,kafka,sb-events-s3_s2sf12j2_kafka_rep4_20260612,2fe9d024-0f17-41f3-83f8-fbca099420c4,3895113,359,7859931200,7859931400
s3_s2sf12j2_kafka_rep4_20260612,kafka,sb-events-s3_s2sf12j2_kafka_rep4_20260612,8babaa5e-85a6-4d8b-964c-b66c4119fcd6,3895113,359,7862026000,7862026400
s3_s2sf12j2_kafka_rep4_20260612,kafka,sb-events-s3_s2sf12j2_kafka_rep4_20260612,355b7db0-1547-4fc3-82b8-5c15b55cf280,3895095,360,7864342800,7864343300
s3_s2sf12j2_kafka_rep4_20260612,kafka,sb-events-s3_s2sf12j2_kafka_rep4_20260612,355b7db0-1547-4fc3-82b8-5c15b55cf280__rev2,3895095,360,7866508700,7866509000
s3_s2sf12j2_kafka_rep4_20260612,kafka,sb-events-s3_s2sf12j2_kafka_rep4_20260612,cff91afe-1d5c-4f6f-8895-e785eced2820,3895095,360,7866545100,7866545300
s3_s2sf12j2_kafka_rep4_20260612,kafka,sb-events-s3_s2sf12j2_kafka_rep4_20260612,ee92e12e-f23a-4761-a845-0961fa9055f1,3895121,360,7868097700,7868097900
s3_s2sf12j2_kafka_rep4_20260612,kafka,sb-events-s3_s2sf12j2_kafka_rep4_20260612,f313c992-04cf-4ac8-9bab-46a71fb7d6f0,3895121,360,7870373700,7870373900
s3_s2sf12j2_kafka_rep4_20260612,kafka,sb-events-s3_s2sf12j2_kafka_rep4_20260612,6e770056-0d66-4c82-9be5-1b5ca3bc8fea,3895052,360,7872057000,7872057300
s3_s2sf12j2_kafka_rep4_20260612,kafka,sb-events-s3_s2sf12j2_kafka_rep4_20260612,ee281be8-1568-4ee1-9896-2779797d84ae,3895052,360,7874015300,7874015800
s3_s2sf12j2_kafka_rep4_20260612,kafka,sb-events-s3_s2sf12j2_kafka_rep4_20260612,282d6fe5-de30-4959-b323-4b5e8779ac01,3895134,360,7875958100,7875958400
s3_s2sf12j2_kafka_rep4_20260612,kafka,sb-events-s3_s2sf12j2_kafka_rep4_20260612,2dfda464-8059-45fd-b9f3-c98ea63a12e8,3895067,361,7877698700,7877699100
s3_s2sf12j2_kafka_rep4_20260612,kafka,sb-events-s3_s2sf12j2_kafka_rep4_20260612,f1c2c38d-0bf7-48c9-812b-59135e52e6c2,3895074,361,7879652700,7879652900
s3_s2sf12j2_kafka_rep4_20260612,kafka,sb-events-s3_s2sf12j2_kafka_rep4_20260612,e00464cd-75d7-4ead-b904-c7236b444d70,3895134,361,7882580900,7882581200
s3_s2sf12j2_kafka_rep4_20260612,kafka,sb-events-s3_s2sf12j2_kafka_rep4_20260612,5007fa57-f4c9-4e85-a5f9-f8b74f1ec2e8,3895134,361,7883972200,7883972500
s3_s2sf12j2_kafka_rep4_20260612,kafka,sb-events-s3_s2sf12j2_kafka_rep4_20260612,3476ed98-2de1-4af9-ae70-98e661dce747,3895086,361,7885644100,7885644500
s3_s2sf12j2_kafka_rep4_20260612,kafka,sb-events-s3_s2sf12j2_kafka_rep4_20260612,36860fee-d690-4a82-92c1-2ce4512541be,3895086,361,7887306700,7887307000
s3_s2sf12j2_kafka_rep4_20260612,kafka,sb-events-s3_s2sf12j2_kafka_rep4_20260612,a463ae1e-6b26-4133-9944-dced564e7662,3895086,361,7888964100,7888964300
s3_s2sf12j2_kafka_rep4_20260612,kafka,sb-events-s3_s2sf12j2_kafka_rep4_20260612,3b117be0-886b-41b1-acc0-2a795d50b148,3895113,361,7890941900,7890942400
s3_s2sf12j2_kafka_rep4_20260612,kafka,sb-events-s3_s2sf12j2_kafka_rep4_20260612,c20ec538-b95e-4fde-bd21-1e0819073174,3895113,361,7892863600,7892863900
s3_s2sf12j2_kafka_rep4_20260612,kafka,sb-events-s3_s2sf12j2_kafka_rep4_20260612,08dca067-1875-49e1-8696-b36931d5a065,3895113,361,7894756400,7894756700
s3_s2sf12j2_kafka_rep4_20260612,kafka,sb-events-s3_s2sf12j2_kafka_rep4_20260612,defd9a85-07d2-45a1-bed5-12073c366a13,3895095,362,7897000800,7897001300
s3_s2sf12j2_kafka_rep4_20260612,kafka,sb-events-s3_s2sf12j2_kafka_rep4_20260612,9046d726-2398-4328-8011-506c88d8080f,3895095,362,7899142100,7899142500
s3_s2sf12j2_kafka_rep4_20260612,kafka,sb-events-s3_s2sf12j2_kafka_rep4_20260612,fb619b46-3deb-488a-bd9d-be13628389f9,3895074,362,7900676900,7900677100
s3_s2sf12j2_kafka_rep4_20260612,kafka,sb-events-s3_s2sf12j2_kafka_rep4_20260612,7abf4506-6455-4e0b-8802-01f2dfa27e88,3895074,362,7902243800,7902244200
s3_s2sf12j2_kafka_rep4_20260612,kafka,sb-events-s3_s2sf12j2_kafka_rep4_20260612,c67a22ed-5cd6-42ad-999c-652ccca43f74,3895074,362,7904006400,7904006700
s3_s2sf12j2_kafka_rep4_20260612,kafka,sb-events-s3_s2sf12j2_kafka_rep4_20260612,aa8f36fc-cb33-4568-b372-7c1c883c17a0,3895052,362,7905969000,7905969300
s3_s2sf12j2_kafka_rep4_20260612,kafka,sb-events-s3_s2sf12j2_kafka_rep4_20260612,8458aa78-520c-4345-b04f-b85b35a96d00,3895121,363,7907790400,7907790700
s3_s2sf12j2_kafka_rep4_20260612,kafka,sb-events-s3_s2sf12j2_kafka_rep4_20260612,f6135718-1c31-45cb-893b-113626a17b67,3895121,363,7909932200,7909932600
s3_s2sf12j2_kafka_rep4_20260612,kafka,sb-events-s3_s2sf12j2_kafka_rep4_20260612,0fffe00c-e44e-4e93-8a65-20e01cf8f43c,3895121,363,7911677700,7911678000
s3_s2sf12j2_kafka_rep4_20260612,kafka,sb-events-s3_s2sf12j2_kafka_rep4_20260612,2e0ee3af-b22d-44f1-9021-f28ef06bac68,3895052,363,7912974700,7912975000
s3_s2sf12j2_kafka_rep4_20260612,kafka,sb-events-s3_s2sf12j2_kafka_rep4_20260612,ad40b95f-3d3b-4c06-94f6-a8ccc28c9854,3895052,363,7914274800,7914275200
s3_s2sf12j2_kafka_rep4_20260612,kafka,sb-events-s3_s2sf12j2_kafka_rep4_20260612,1974342f-bb31-4283-bc10-0840f8cebf69,3895052,363,7915914100,7915914300
s3_s2sf12j2_kafka_rep4_20260612,kafka,sb-events-s3_s2sf12j2_kafka_rep4_20260612,c113e55e-e19b-4e04-a5ab-a22df4b23459,3895052,363,7917453300,7917453800
s3_s2sf12j2_kafka_rep4_20260612,kafka,sb-events-s3_s2sf12j2_kafka_rep4_20260612,fcafc7bc-afa4-4766-8fc6-ce4a1355cff6,3895134,363,7919012500,7919012800
s3_s2sf12j2_kafka_rep4_20260612,kafka,sb-events-s3_s2sf12j2_kafka_rep4_20260612,57a5e193-63f6-469f-9df6-5e044744d3ae,3895095,364,7920953700,7920954200
s3_s2sf12j2_kafka_rep4_20260612,kafka,sb-events-s3_s2sf12j2_kafka_rep4_20260612,475c8a17-3068-489b-bfc4-5590d9df9115,3895067,364,7922978900,7922979200
s3_s2sf12j2_kafka_rep4_20260612,kafka,sb-events-s3_s2sf12j2_kafka_rep4_20260612,7c01b171-f84a-496c-8a7e-a693249c1a76,3895067,364,7924770500,7924771000
s3_s2sf12j2_kafka_rep4_20260612,kafka,sb-events-s3_s2sf12j2_kafka_rep4_20260612,d53c3462-aa56-4d95-ab95-6ee2d4f78636,3895067,364,7926116000,7926116300
s3_s2sf12j2_kafka_rep4_20260612,kafka,sb-events-s3_s2sf12j2_kafka_rep4_20260612,aa6ed303-203b-4646-bbbd-87b7c7567e99,3895095,365,7927445600,7927445800
s3_s2sf12j2_kafka_rep4_20260612,kafka,sb-events-s3_s2sf12j2_kafka_rep4_20260612,c218797c-605e-41c4-815a-49f6c92710a0,3895121,365,7929138800,7929139100
s3_s2sf12j2_kafka_rep4_20260612,kafka,sb-events-s3_s2sf12j2_kafka_rep4_20260612,f385f689-9a82-413a-8faa-3518eafa39fc,3895067,365,7930788900,7930789300
s3_s2sf12j2_kafka_rep4_20260612,kafka,sb-events-s3_s2sf12j2_kafka_rep4_20260612,8245ac64-0941-4583-8527-e3465503a2d2,3895067,365,7932147100,7932147400
s3_s2sf12j2_kafka_rep4_20260612,kafka,sb-events-s3_s2sf12j2_kafka_rep4_20260612,d92d6a0f-6b31-445d-bb13-06669032372a,3895067,365,7934340800,7934341300
s3_s2sf12j2_kafka_rep4_20260612,kafka,sb-events-s3_s2sf12j2_kafka_rep4_20260612,ab665f76-99ca-4836-8208-121ace3a0685,3895052,365,7936102900,7936103300
s3_s2sf12j2_kafka_rep4_20260612,kafka,sb-events-s3_s2sf12j2_kafka_rep4_20260612,f05ae67b-ba63-4783-95b3-688a540c5078,3895134,365,7937952200,7937952700
s3_s2sf12j2_kafka_rep4_20260612,kafka,sb-events-s3_s2sf12j2_kafka_rep4_20260612,83ee5950-879e-4b5b-a3ab-55af02fe066b,3895052,365,7939840800,7939841200
s3_s2sf12j2_kafka_rep4_20260612,kafka,sb-events-s3_s2sf12j2_kafka_rep4_20260612,abbce176-8471-4308-be88-7b7f67194b90,3895134,365,7941152400,7941152800
s3_s2sf12j2_kafka_rep4_20260612,kafka,sb-events-s3_s2sf12j2_kafka_rep4_20260612,e229d5e9-5dd7-4fde-9e62-25288d6862d7,3895052,365,7942659700,7942660000
s3_s2sf12j2_kafka_rep4_20260612,kafka,sb-events-s3_s2sf12j2_kafka_rep4_20260612,803d2e4e-c874-402b-9778-cb7c43eb4c55,3895086,365,7944564300,7944564800
s3_s2sf12j2_kafka_rep4_20260612,kafka,sb-events-s3_s2sf12j2_kafka_rep4_20260612,9bb8e38d-808c-4dfa-abb7-f24dfebd0f5d,3895095,366,7946246100,7946246300
s3_s2sf12j2_kafka_rep4_20260612,kafka,sb-events-s3_s2sf12j2_kafka_rep4_20260612,8107f240-4dbe-4fe7-ad48-93fca7e8dccd,3895095,366,7948408000,7948408300
s3_s2sf12j2_kafka_rep4_20260612,kafka,sb-events-s3_s2sf12j2_kafka_rep4_20260612,aa3112e8-fe93-4048-bae7-656e1ac9a0f7,3895095,366,7949666500,7949666800
s3_s2sf12j2_kafka_rep4_20260612,kafka,sb-events-s3_s2sf12j2_kafka_rep4_20260612,a08da14c-b402-45bf-a056-0626fa147733,3895121,366,7952039600,7952039900
s3_s2sf12j2_kafka_rep4_20260612,kafka,sb-events-s3_s2sf12j2_kafka_rep4_20260612,0a81a309-97a3-42d6-91df-5970e7617f64,3895121,366,7954462900,7954463300
s3_s2sf12j2_kafka_rep4_20260612,kafka,sb-events-s3_s2sf12j2_kafka_rep4_20260612,34f93cf9-a769-4297-a5ff-65410e72d129,3895067,366,7956629200,7956629600
s3_s2sf12j2_kafka_rep4_20260612,kafka,sb-events-s3_s2sf12j2_kafka_rep4_20260612,0a81a309-97a3-42d6-91df-5970e7617f64__rev2,3895121,366,7956677400,7956677700
s3_s2sf12j2_kafka_rep4_20260612,kafka,sb-events-s3_s2sf12j2_kafka_rep4_20260612,f572920c-db84-4f48-babc-194aaa3cac82,3895074,366,7958213200,7958213600
s3_s2sf12j2_kafka_rep4_20260612,kafka,sb-events-s3_s2sf12j2_kafka_rep4_20260612,04a1bfd3-78af-4e6c-b124-35ef8ce074e9,3895086,366,7960202700,7960203100
s3_s2sf12j2_kafka_rep4_20260612,kafka,sb-events-s3_s2sf12j2_kafka_rep4_20260612,0303ae29-dbf7-4fd3-b642-97ac481b14b2,3895086,366,7962491300,7962491700
s3_s2sf12j2_kafka_rep4_20260612,kafka,sb-events-s3_s2sf12j2_kafka_rep4_20260612,25665bb7-e078-4cf2-a78c-6798a1b432b3,3895113,366,7964123300,7964123700
s3_s2sf12j2_kafka_rep4_20260612,kafka,sb-events-s3_s2sf12j2_kafka_rep4_20260612,77f5dcc3-af4b-4fd8-8f8d-0777b8770ea8,3895095,367,7966044400,7966044800
s3_s2sf12j2_kafka_rep4_20260612,kafka,sb-events-s3_s2sf12j2_kafka_rep4_20260612,4dc1fbff-0da5-424f-968b-6758cfc38998,3895095,367,7967975200,7967975700
s3_s2sf12j2_kafka_rep4_20260612,kafka,sb-events-s3_s2sf12j2_kafka_rep4_20260612,36ba40fc-787a-418b-ad61-d505ce2c71e5,3895095,367,7969870500,7969871000
s3_s2sf12j2_kafka_rep4_20260612,kafka,sb-events-s3_s2sf12j2_kafka_rep4_20260612,5a39d9bb-54a4-4e59-a832-18f44f9458c4,3895134,367,7971515400,7971515600
s3_s2sf12j2_kafka_rep4_20260612,kafka,sb-events-s3_s2sf12j2_kafka_rep4_20260612,14fdaead-f14c-4958-bcb0-8ea822d3f0a8,3895052,367,7973386700,7973387100
s3_s2sf12j2_kafka_rep4_20260612,kafka,sb-events-s3_s2sf12j2_kafka_rep4_20260612,f2477d52-6b97-4a85-8c6a-3b4e1f186aa9,3895052,367,7975296400,7975296800
s3_s2sf12j2_kafka_rep4_20260612,kafka,sb-events-s3_s2sf12j2_kafka_rep4_20260612,df0eb700-15c2-427d-a67c-710a8be37b0a,3895052,367,7976636100,7976636300
s3_s2sf12j2_kafka_rep4_20260612,kafka,sb-events-s3_s2sf12j2_kafka_rep4_20260612,443e9fed-714c-4727-aa02-cedc2fed2a87,3895052,367,7978437700,7978437900
s3_s2sf12j2_kafka_rep4_20260612,kafka,sb-events-s3_s2sf12j2_kafka_rep4_20260612,9c6bef32-1d99-4f9f-9233-980c0effc9d1,3895113,367,7980111500,7980112100
s3_s2sf12j2_kafka_rep4_20260612,kafka,sb-events-s3_s2sf12j2_kafka_rep4_20260612,e6aaae8f-cc64-4a1e-9ed4-c11813507a32,3895113,367,7981530000,7981530400
s3_s2sf12j2_kafka_rep4_20260612,kafka,sb-events-s3_s2sf12j2_kafka_rep4_20260612,55a8c04b-ceb9-44e3-a929-fddea73ca539,3895121,368,7983452300,7983452600
s3_s2sf12j2_kafka_rep4_20260612,kafka,sb-events-s3_s2sf12j2_kafka_rep4_20260612,c995df46-c590-45dc-9b8a-77269c43e026,3895067,368,7985435500,7985436000
s3_s2sf12j2_kafka_rep4_20260612,kafka,sb-events-s3_s2sf12j2_kafka_rep4_20260612,d9a06969-8cbe-4619-ac56-d579d96188fa,3895067,368,7987149900,7987150200
s3_s2sf12j2_kafka_rep4_20260612,kafka,sb-events-s3_s2sf12j2_kafka_rep4_20260612,fc89167c-5a5b-4d70-85dd-0616e064977b,3895074,368,7988596100,7988596400
s3_s2sf12j2_kafka_rep4_20260612,kafka,sb-events-s3_s2sf12j2_kafka_rep4_20260612,85005578-a06a-4bbf-a829-51937d023399,3895067,368,7990090200,7990090500
s3_s2sf12j2_kafka_rep4_20260612,kafka,sb-events-s3_s2sf12j2_kafka_rep4_20260612,ff1e7593-114f-40ac-864b-7d9c44a10b48,3895074,368,7991499500,7991499800
s3_s2sf12j2_kafka_rep4_20260612,kafka,sb-events-s3_s2sf12j2_kafka_rep4_20260612,d8d6b943-1c91-4dbf-8478-a742da56061e,3895067,368,7992961700,7992961900
s3_s2sf12j2_kafka_rep4_20260612,kafka,sb-events-s3_s2sf12j2_kafka_rep4_20260612,fe3af60c-cbca-424f-9c90-a1d39d1548e2,3895074,368,7994508200,7994508800
s3_s2sf12j2_kafka_rep4_20260612,kafka,sb-events-s3_s2sf12j2_kafka_rep4_20260612,a8b15306-09d6-4a4b-8cd3-251a4f8ce9ab,3895074,368,7995973000,7995973400
s3_s2sf12j2_kafka_rep4_20260612,kafka,sb-events-s3_s2sf12j2_kafka_rep4_20260612,1259faac-d03e-43b5-97b1-14c47407d22b,3895134,368,7997661300,7997661500
s3_s2sf12j2_kafka_rep4_20260612,kafka,sb-events-s3_s2sf12j2_kafka_rep4_20260612,8948643b-6692-4135-922f-5d8da3218a49,3895134,368,7999818300,7999818700
s3_s2sf12j2_kafka_rep4_20260612,kafka,sb-events-s3_s2sf12j2_kafka_rep4_20260612,9b1b6a91-9074-4e6b-afbe-bb2972ea26e6,3895052,368,8002614900,8002615400
s3_s2sf12j2_kafka_rep4_20260612,kafka,sb-events-s3_s2sf12j2_kafka_rep4_20260612,5eb7c87e-b040-4122-89a4-8e5c755f3000,3895052,368,8005001600,8005002000
s3_s2sf12j2_kafka_rep4_20260612,kafka,sb-events-s3_s2sf12j2_kafka_rep4_20260612,0eaa22f8-78fb-4e26-b068-64a2f91ad649,3895113,368,8007347300,8007347700
s3_s2sf12j2_kafka_rep4_20260612,kafka,sb-events-s3_s2sf12j2_kafka_rep4_20260612,d01804e0-7a01-4f45-b5af-c379d27bd346,3895095,369,8009394700,8009395100
s3_s2sf12j2_kafka_rep4_20260612,kafka,sb-events-s3_s2sf12j2_kafka_rep4_20260612,b709a327-28ff-4614-9d18-f2442ad7f53c,3895095,369,8011352200,8011352500
s3_s2sf12j2_kafka_rep4_20260612,kafka,sb-events-s3_s2sf12j2_kafka_rep4_20260612,62112ae9-9ee5-4686-bf54-53ebb4743c91,3895121,369,8013801500,8013801800
s3_s2sf12j2_kafka_rep4_20260612,kafka,sb-events-s3_s2sf12j2_kafka_rep4_20260612,1f27409b-0a6d-4107-8ab5-82c6a18e52e3,3895121,369,8016112700,8016113100
s3_s2sf12j2_kafka_rep4_20260612,kafka,sb-events-s3_s2sf12j2_kafka_rep4_20260612,e02e9d6a-4918-4c04-8e0a-195785fda561,3895052,369,8017723700,8017724200
s3_s2sf12j2_kafka_rep4_20260612,kafka,sb-events-s3_s2sf12j2_kafka_rep4_20260612,bce128c2-63ca-463b-811c-cdfd5182984b,3895052,369,8019637400,8019637800
s3_s2sf12j2_kafka_rep4_20260612,kafka,sb-events-s3_s2sf12j2_kafka_rep4_20260612,fe72babe-e86a-4794-bbe4-f35c4d1e6349,3895095,370,8021330100,8021330400
s3_s2sf12j2_kafka_rep4_20260612,kafka,sb-events-s3_s2sf12j2_kafka_rep4_20260612,3bd1382b-ec25-44b9-bba4-68f65f38e751,3895095,370,8022839900,8022840100
s3_s2sf12j2_kafka_rep4_20260612,kafka,sb-events-s3_s2sf12j2_kafka_rep4_20260612,204e574d-34db-40d4-94fa-5cda08b23cbc,3895067,370,8024524100,8024524500
s3_s2sf12j2_kafka_rep4_20260612,kafka,sb-events-s3_s2sf12j2_kafka_rep4_20260612,7d3ac006-672b-4312-95f9-cbc07e976f43,3895067,370,8026653400,8026653800
s3_s2sf12j2_kafka_rep4_20260612,kafka,sb-events-s3_s2sf12j2_kafka_rep4_20260612,3c418e17-ce78-4e39-be5a-9d5f2124d399,3895134,370,8027944400,8027944700
s3_s2sf12j2_kafka_rep4_20260612,kafka,sb-events-s3_s2sf12j2_kafka_rep4_20260612,8306ea5b-2ee8-4812-b799-41913d44b2d0,3895052,370,8029947400,8029947800
s3_s2sf12j2_kafka_rep4_20260612,kafka,sb-events-s3_s2sf12j2_kafka_rep4_20260612,b4c8f2ae-5d72-4df5-ab35-fb6455914eed,3895113,370,8031747900,8031748300
s3_s2sf12j2_kafka_rep4_20260612,kafka,sb-events-s3_s2sf12j2_kafka_rep4_20260612,152aff8a-d807-4461-97c3-32865a36d63f,3895113,370,8033309700,8033310000
s3_s2sf12j2_kafka_rep4_20260612,kafka,sb-events-s3_s2sf12j2_kafka_rep4_20260612,39feeba9-f657-4284-9a2e-72815b563c01,3895113,370,8035270400,8035270700
s3_s2sf12j2_kafka_rep4_20260612,kafka,sb-events-s3_s2sf12j2_kafka_rep4_20260612,f1170d94-0863-46a8-8e12-8b316a98432b,3895095,371,8036761500,8036761900
s3_s2sf12j2_kafka_rep4_20260612,kafka,sb-events-s3_s2sf12j2_kafka_rep4_20260612,7576cc35-66f1-4ce3-a65f-979215f77c67,3895121,371,8039033600,8039033800
s3_s2sf12j2_kafka_rep4_20260612,kafka,sb-events-s3_s2sf12j2_kafka_rep4_20260612,84e9cd8e-063f-4f6c-ae7a-0f906056989b,3895107,371,8041348300,8041348600
s3_s2sf12j2_kafka_rep4_20260612,kafka,sb-events-s3_s2sf12j2_kafka_rep4_20260612,d76eb5df-841c-4e79-9020-b73bf863e897,3895052,371,8043012200,8043012500
s3_s2sf12j2_kafka_rep4_20260612,kafka,sb-events-s3_s2sf12j2_kafka_rep4_20260612,3efdf119-7c67-4366-a2cf-4e54a24f96f8,3895052,371,8045316800,8045317100
s3_s2sf12j2_kafka_rep4_20260612,kafka,sb-events-s3_s2sf12j2_kafka_rep4_20260612,0483472e-cd7e-4e5a-8f1a-dc09b74ce21f,3895113,371,8047027500,8047027900
s3_s2sf12j2_kafka_rep4_20260612,kafka,sb-events-s3_s2sf12j2_kafka_rep4_20260612,0483472e-cd7e-4e5a-8f1a-dc09b74ce21f__rev2,3895113,371,8049619100,8049619400
s3_s2sf12j2_kafka_rep4_20260612,kafka,sb-events-s3_s2sf12j2_kafka_rep4_20260612,3be85e6c-5fe5-4dfc-926a-90e392d0a086,3895121,372,8049652200,8049652500
s3_s2sf12j2_kafka_rep4_20260612,kafka,sb-events-s3_s2sf12j2_kafka_rep4_20260612,7d3b7788-c771-449e-ad3a-12360e46a4c4,3895121,372,8051109600,8051109900
s3_s2sf12j2_kafka_rep4_20260612,kafka,sb-events-s3_s2sf12j2_kafka_rep4_20260612,c8e696c5-b876-4ccd-917f-129521836d12,3895134,372,8053032600,8053032900
s3_s2sf12j2_kafka_rep4_20260612,kafka,sb-events-s3_s2sf12j2_kafka_rep4_20260612,a432244a-6ede-4833-90cc-620689485588,3895107,373,8055203000,8055203500
s3_s2sf12j2_kafka_rep4_20260612,kafka,sb-events-s3_s2sf12j2_kafka_rep4_20260612,27e18532-359f-4d29-9b28-7df1a5a5619d,3895107,373,8056927100,8056927500
s3_s2sf12j2_kafka_rep4_20260612,kafka,sb-events-s3_s2sf12j2_kafka_rep4_20260612,9787df06-a760-4a42-8107-9ec47dac2ad1,3895067,373,8058972100,8058972400
s3_s2sf12j2_kafka_rep4_20260612,kafka,sb-events-s3_s2sf12j2_kafka_rep4_20260612,ae766697-ad65-49b6-bae1-5920f12dc43f,3895086,373,8060662800,8060663200
s3_s2sf12j2_kafka_rep4_20260612,kafka,sb-events-s3_s2sf12j2_kafka_rep4_20260612,575ff48f-f5c0-4ec6-b255-f2975970d0ea,3895113,373,8062037400,8062037800
s3_s2sf12j2_kafka_rep4_20260612,kafka,sb-events-s3_s2sf12j2_kafka_rep4_20260612,e9de532e-6005-45b0-8aef-bb9bb28912b0,3895113,373,8063471600,8063471900
s3_s2sf12j2_kafka_rep4_20260612,kafka,sb-events-s3_s2sf12j2_kafka_rep4_20260612,0c5aa890-9827-4b09-9ebb-27c2ca83205c,3895107,374,8065835800,8065836100
s3_s2sf12j2_kafka_rep4_20260612,kafka,sb-events-s3_s2sf12j2_kafka_rep4_20260612,33681808-32b7-47da-88fa-7434628fa1a2,3895086,374,8067672200,8067672500
s3_s2sf12j2_kafka_rep4_20260612,kafka,sb-events-s3_s2sf12j2_kafka_rep4_20260612,b78a3204-6ab6-4642-9eb6-2bc2e4bf9a73,3895052,374,8069555500,8069555800
s3_s2sf12j2_kafka_rep4_20260612,kafka,sb-events-s3_s2sf12j2_kafka_rep4_20260612,5c23e675-6816-462e-acb2-711fe091e3da,3895086,374,8071505000,8071505500
s3_s2sf12j2_kafka_rep4_20260612,kafka,sb-events-s3_s2sf12j2_kafka_rep4_20260612,6c1d23ce-be9b-4866-bccb-854ee532fb3d,3895067,375,8072894000,8072894300
s3_s2sf12j2_kafka_rep4_20260612,kafka,sb-events-s3_s2sf12j2_kafka_rep4_20260612,061c3913-067e-4698-b63c-f66a3c8c64ee,3895107,375,8074468000,8074468300
s3_s2sf12j2_kafka_rep4_20260612,kafka,sb-events-s3_s2sf12j2_kafka_rep4_20260612,568eb077-cf97-494c-af52-59ba9164402d,3895067,375,8076439700,8076439900
s3_s2sf12j2_kafka_rep4_20260612,kafka,sb-events-s3_s2sf12j2_kafka_rep4_20260612,ba0a37e4-b38f-4e81-8a4f-98e71b0bc5e7,3895107,375,8078531200,8078531500
s3_s2sf12j2_kafka_rep4_20260612,kafka,sb-events-s3_s2sf12j2_kafka_rep4_20260612,6ca3928a-82e7-4b03-9076-67c1e61bb075,3895067,375,8081082100,8081082500
s3_s2sf12j2_kafka_rep4_20260612,kafka,sb-events-s3_s2sf12j2_kafka_rep4_20260612,d55c297a-ef77-40d2-bdef-fe4c2d5ff8f5,3895052,375,8083387600,8083387900
s3_s2sf12j2_kafka_rep4_20260612,kafka,sb-events-s3_s2sf12j2_kafka_rep4_20260612,d094bab6-9af3-4019-b796-acb694feee23,3895086,375,8085039000,8085039300
s3_s2sf12j2_kafka_rep4_20260612,kafka,sb-events-s3_s2sf12j2_kafka_rep4_20260612,ee06c457-f476-4846-8968-0649e3b5dd0f,3895052,375,8087041100,8087041400
s3_s2sf12j2_kafka_rep4_20260612,kafka,sb-events-s3_s2sf12j2_kafka_rep4_20260612,9437504d-c0a0-474b-9e44-feea20992a62,3895121,376,8088755800,8088756300
s3_s2sf12j2_kafka_rep4_20260612,kafka,sb-events-s3_s2sf12j2_kafka_rep4_20260612,c18ac918-c617-4f00-b87c-403624147fb8,3895107,376,8090603200,8090603500
s3_s2sf12j2_kafka_rep4_20260612,kafka,sb-events-s3_s2sf12j2_kafka_rep4_20260612,65b895ef-96be-4ad6-b00e-076d20c564ce,3895067,376,8093104500,8093104900
s3_s2sf12j2_kafka_rep4_20260612,kafka,sb-events-s3_s2sf12j2_kafka_rep4_20260612,d7078048-5cc3-461c-bcd6-06760fa990ab,3895107,376,8095122500,8095122900
s3_s2sf12j2_kafka_rep4_20260612,kafka,sb-events-s3_s2sf12j2_kafka_rep4_20260612,442ecd9b-b058-493d-a185-adba5be4b1ed,3895086,376,8097002300,8097002700
s3_s2sf12j2_kafka_rep4_20260612,kafka,sb-events-s3_s2sf12j2_kafka_rep4_20260612,32d454a5-ba2d-49f5-a42b-7b2806ca8e6b,3895052,376,8099139600,8099140000
s3_s2sf12j2_kafka_rep4_20260612,kafka,sb-events-s3_s2sf12j2_kafka_rep4_20260612,e1f28eb5-3ef3-4c6c-a752-eb0a280e3a24,3895086,376,8100885300,8100885700
s3_s2sf12j2_kafka_rep4_20260612,kafka,sb-events-s3_s2sf12j2_kafka_rep4_20260612,6681da7c-cc5c-41c1-b23d-fc62cceccbc2,3895052,376,8103015100,8103015500
s3_s2sf12j2_kafka_rep4_20260612,kafka,sb-events-s3_s2sf12j2_kafka_rep4_20260612,fa1927b2-339a-4ef8-8b6a-2f5de1f71daf,3895113,376,8105042800,8105043200
s3_s2sf12j2_kafka_rep4_20260612,kafka,sb-events-s3_s2sf12j2_kafka_rep4_20260612,aabe6e96-8a94-4505-bd78-fe17b48ce9c6,3895121,377,8107454500,8107454900
s3_s2sf12j2_kafka_rep4_20260612,kafka,sb-events-s3_s2sf12j2_kafka_rep4_20260612,230329e4-9e13-415a-820f-a078f323f452,3895121,377,8109669200,8109669600
s3_s2sf12j2_kafka_rep4_20260612,kafka,sb-events-s3_s2sf12j2_kafka_rep4_20260612,d6e685f5-a088-489f-b6e9-9f471c09dde8,3895067,377,8111847400,8111847700
s3_s2sf12j2_kafka_rep4_20260612,kafka,sb-events-s3_s2sf12j2_kafka_rep4_20260612,aaa94f43-a792-4f91-9db5-921f55154d90,3895107,377,8113599900,8113600300
s3_s2sf12j2_kafka_rep4_20260612,kafka,sb-events-s3_s2sf12j2_kafka_rep4_20260612,7c6d7faf-6ac6-4e49-bdff-6026e02b027a,3895067,377,8115480900,8115481200
s3_s2sf12j2_kafka_rep4_20260612,kafka,sb-events-s3_s2sf12j2_kafka_rep4_20260612,8f89cecc-9842-4def-ac58-32cc319a3131,3895107,377,8117497600,8117497800
s3_s2sf12j2_kafka_rep4_20260612,kafka,sb-events-s3_s2sf12j2_kafka_rep4_20260612,991c0af9-25d4-468d-a1a0-6f1b20f0b85e,3895086,377,8119563600,8119564000
s3_s2sf12j2_kafka_rep4_20260612,kafka,sb-events-s3_s2sf12j2_kafka_rep4_20260612,3f7f838c-e47e-4d2e-93bc-549dc3dbc775,3895052,377,8121764900,8121765200
s3_s2sf12j2_kafka_rep4_20260612,kafka,sb-events-s3_s2sf12j2_kafka_rep4_20260612,f3f77fb1-7eaf-432e-ba4b-b3bdff74804e,3895052,377,8124307000,8124307400
s3_s2sf12j2_kafka_rep4_20260612,kafka,sb-events-s3_s2sf12j2_kafka_rep4_20260612,590098bb-37c4-4067-86ac-6d460256bd31,3895113,377,8126437600,8126437900
s3_s2sf12j2_kafka_rep4_20260612,kafka,sb-events-s3_s2sf12j2_kafka_rep4_20260612,7d91748a-a8c0-4477-99bc-440edfb98b20,3895113,377,8128363300,8128363800
s3_s2sf12j2_kafka_rep4_20260612,kafka,sb-events-s3_s2sf12j2_kafka_rep4_20260612,9a05f952-fad6-448f-962b-13792edab926,3895113,377,8130072700,8130073100
s3_s2sf12j2_kafka_rep4_20260612,kafka,sb-events-s3_s2sf12j2_kafka_rep4_20260612,7448eaa1-612b-4cb4-b416-a38ea6981484,3895086,378,8131535100,8131535500
s3_s2sf12j2_kafka_rep4_20260612,kafka,sb-events-s3_s2sf12j2_kafka_rep4_20260612,d0a1177b-9349-4efc-b4e7-78f18457f2fe,3895086,378,8133824100,8133824400
s3_s2sf12j2_kafka_rep4_20260612,kafka,sb-events-s3_s2sf12j2_kafka_rep4_20260612,2519917b-2ff0-4fc2-b58e-8a3860da7a18,3895052,378,8135438600,8135438900
s3_s2sf12j2_kafka_rep4_20260612,kafka,sb-events-s3_s2sf12j2_kafka_rep4_20260612,a2175056-51b9-40fc-b6b0-3161b7c9498c,3895086,378,8137351100,8137351600
s3_s2sf12j2_kafka_rep4_20260612,kafka,sb-events-s3_s2sf12j2_kafka_rep4_20260612,4c982c50-0315-4cdb-b6ab-133d786710bc,3895052,378,8139182900,8139183200
s3_s2sf12j2_kafka_rep4_20260612,kafka,sb-events-s3_s2sf12j2_kafka_rep4_20260612,d5d337e5-d809-4c24-8963-59a487ccf605,3895052,378,8141184200,8141184500
s3_s2sf12j2_kafka_rep4_20260612,kafka,sb-events-s3_s2sf12j2_kafka_rep4_20260612,02330919-0123-4c31-bb82-dbf24e80b2fe,3895113,378,8142996700,8142997000
s3_s2sf12j2_kafka_rep4_20260612,kafka,sb-events-s3_s2sf12j2_kafka_rep4_20260612,e56bd21d-9796-483c-91b0-82d30dfd5d8d,3895113,378,8144729700,8144730100
s3_s2sf12j2_kafka_rep4_20260612,kafka,sb-events-s3_s2sf12j2_kafka_rep4_20260612,5899ac0e-8bcb-45bd-93e3-86b044273dce,3895121,379,8147560400,8147560800
s3_s2sf12j2_kafka_rep4_20260612,kafka,sb-events-s3_s2sf12j2_kafka_rep4_20260612,e56bd21d-9796-483c-91b0-82d30dfd5d8d__rev2,3895113,378,8147602300,8147602600
s3_s2sf12j2_kafka_rep4_20260612,kafka,sb-events-s3_s2sf12j2_kafka_rep4_20260612,7596e4ad-6504-4da3-9c61-e8c7fa6c7b0a,3895067,379,8149472900,8149473300
s3_s2sf12j2_kafka_rep4_20260612,kafka,sb-events-s3_s2sf12j2_kafka_rep4_20260612,9686a8ab-7240-4d0f-8250-2753060324c8,3895107,379,8151152500,8151152800
s3_s2sf12j2_kafka_rep4_20260612,kafka,sb-events-s3_s2sf12j2_kafka_rep4_20260612,b7791d0f-3499-4f4c-a33d-6836c0f911e0,3895086,379,8152863400,8152863700
s3_s2sf12j2_kafka_rep4_20260612,kafka,sb-events-s3_s2sf12j2_kafka_rep4_20260612,24f1c999-2f56-4965-9d3d-35e233032adc,3895121,380,8154604000,8154604500
s3_s2sf12j2_kafka_rep4_20260612,kafka,sb-events-s3_s2sf12j2_kafka_rep4_20260612,e3330d89-e532-4687-8931-3a3944d47df8,3895121,380,8156090000,8156090200
s3_s2sf12j2_kafka_rep4_20260612,kafka,sb-events-s3_s2sf12j2_kafka_rep4_20260612,6b464c46-1236-4cf5-81d2-a4b23806f5c5,3895067,380,8157894200,8157894400
s3_s2sf12j2_kafka_rep4_20260612,kafka,sb-events-s3_s2sf12j2_kafka_rep4_20260612,85df73b8-c6dd-46c7-a9bc-3865609e285c,3895107,380,8159653200,8159653400
s3_s2sf12j2_kafka_rep4_20260612,kafka,sb-events-s3_s2sf12j2_kafka_rep4_20260612,b1365bce-58eb-4d21-8011-9d628879127e,3895067,380,8161235900,8161236200
s3_s2sf12j2_kafka_rep4_20260612,kafka,sb-events-s3_s2sf12j2_kafka_rep4_20260612,779856e2-33da-4aff-91b8-9be497159f00,3895107,380,8162985100,8162985400
s3_s2sf12j2_kafka_rep4_20260612,kafka,sb-events-s3_s2sf12j2_kafka_rep4_20260612,d6468d36-c2f2-45b8-b0a6-357efadab24a,3895086,380,8164721500,8164722000
s3_s2sf12j2_kafka_rep4_20260612,kafka,sb-events-s3_s2sf12j2_kafka_rep4_20260612,b8e00e85-579c-4970-9759-fea3ab966db3,3895052,380,8166018200,8166018500
s3_s2sf12j2_kafka_rep4_20260612,kafka,sb-events-s3_s2sf12j2_kafka_rep4_20260612,359a2c08-360b-4501-ad2f-1a2012bd0999,3895086,380,8167289300,8167289500
s3_s2sf12j2_kafka_rep4_20260612,kafka,sb-events-s3_s2sf12j2_kafka_rep4_20260612,9a1a7780-275f-4921-9392-19bfe015d7c8,3895086,380,8168750100,8168750400
s3_s2sf12j2_kafka_rep4_20260612,kafka,sb-events-s3_s2sf12j2_kafka_rep4_20260612,109eceab-23c5-4031-a8b4-ee687b8db372,3895086,380,8170441000,8170441200
s3_s2sf12j2_kafka_rep4_20260612,kafka,sb-events-s3_s2sf12j2_kafka_rep4_20260612,8252e5c2-5564-4b4d-9b1c-789c1f432266,3895086,380,8172170800,8172171100
s3_s2sf12j2_kafka_rep4_20260612,kafka,sb-events-s3_s2sf12j2_kafka_rep4_20260612,b637f60b-261b-4f76-9c73-11dd9ecb679c,3895086,380,8173957000,8173957200
s3_s2sf12j2_kafka_rep4_20260612,kafka,sb-events-s3_s2sf12j2_kafka_rep4_20260612,86385026-af11-48d5-9b14-e73738435175,3895086,380,8175528900,8175529300
s3_s2sf12j2_kafka_rep4_20260612,kafka,sb-events-s3_s2sf12j2_kafka_rep4_20260612,fe767c75-6544-41ed-b908-41181829a6de,3895113,380,8177018700,8177019000
s3_s2sf12j2_kafka_rep4_20260612,kafka,sb-events-s3_s2sf12j2_kafka_rep4_20260612,789b47e3-c531-4a6d-946d-2f1f9d2b884c,3895121,381,8178651000,8178651300
s3_s2sf12j2_kafka_rep4_20260612,kafka,sb-events-s3_s2sf12j2_kafka_rep4_20260612,bc32fc0f-eb52-421a-ab2e-ac7b606c85ea,3895067,381,8180382800,8180383100
s3_s2sf12j2_kafka_rep4_20260612,kafka,sb-events-s3_s2sf12j2_kafka_rep4_20260612,8f4ba858-ef2e-4d50-a7a7-dd1970021b0e,3895107,381,8181946000,8181946300
s3_s2sf12j2_kafka_rep4_20260612,kafka,sb-events-s3_s2sf12j2_kafka_rep4_20260612,b0c2b5d7-470f-45bd-9bd9-20049682c523,3895052,381,8183304200,8183304400
s3_s2sf12j2_kafka_rep4_20260612,kafka,sb-events-s3_s2sf12j2_kafka_rep4_20260612,3eb22506-89d4-4230-96f4-0cc90241b0ef,3895052,381,8184660300,8184660700
s3_s2sf12j2_kafka_rep4_20260612,kafka,sb-events-s3_s2sf12j2_kafka_rep4_20260612,9d569410-c32d-4ef8-abb5-bf329a7549ee,3895052,381,8187231800,8187232200
s3_s2sf12j2_kafka_rep4_20260612,kafka,sb-events-s3_s2sf12j2_kafka_rep4_20260612,1d0e6433-63c4-4036-8f9e-1d35cd3112c9,3895086,381,8188898100,8188898400
s3_s2sf12j2_kafka_rep4_20260612,kafka,sb-events-s3_s2sf12j2_kafka_rep4_20260612,6bfcc356-4a43-47bb-afa3-4f4a6d8e8335,3895113,381,8190577500,8190577800
s3_s2sf12j2_kafka_rep4_20260612,kafka,sb-events-s3_s2sf12j2_kafka_rep4_20260612,dec15ef0-188b-4ef5-b99c-f007a3e7108f,3895113,381,8192368100,8192368400
s3_s2sf12j2_kafka_rep4_20260612,kafka,sb-events-s3_s2sf12j2_kafka_rep4_20260612,80de728d-2acf-446e-8dbd-3dceca0d4358,3895113,381,8194031600,8194031800
s3_s2sf12j2_kafka_rep4_20260612,kafka,sb-events-s3_s2sf12j2_kafka_rep4_20260612,abc116d6-2574-4059-8184-bb2816b5da18,3895121,382,8195653500,8195653800
s3_s2sf12j2_kafka_rep4_20260612,kafka,sb-events-s3_s2sf12j2_kafka_rep4_20260612,b4509a2d-3999-4e18-a2d0-b16116243586,3895107,382,8197287800,8197288100
s3_s2sf12j2_kafka_rep4_20260612,kafka,sb-events-s3_s2sf12j2_kafka_rep4_20260612,9479f33e-c3f7-4fbb-9fda-bf07a4973ec6,3895107,382,8198665300,8198665600
s3_s2sf12j2_kafka_rep4_20260612,kafka,sb-events-s3_s2sf12j2_kafka_rep4_20260612,4aaa9c64-42b1-478f-8552-3f14a1caef3d,3895052,382,8200563300,8200563600
s3_s2sf12j2_kafka_rep4_20260612,kafka,sb-events-s3_s2sf12j2_kafka_rep4_20260612,57c14534-6b1c-47a6-8cef-093f2f0b1959,3895086,382,8202743400,8202743800
s3_s2sf12j2_kafka_rep4_20260612,kafka,sb-events-s3_s2sf12j2_kafka_rep4_20260612,6bd96cc5-01fb-495e-b8c0-65d4569b226d,3895121,383,8204377100,8204377500
s3_s2sf12j2_kafka_rep4_20260612,kafka,sb-events-s3_s2sf12j2_kafka_rep4_20260612,30e632ae-c052-489d-bae6-df407b8ad4dc,3895121,383,8205979000,8205979200
s3_s2sf12j2_kafka_rep4_20260612,kafka,sb-events-s3_s2sf12j2_kafka_rep4_20260612,62806dfc-9062-42c8-9fe6-0f5bd08f7636,3895107,383,8207491400,8207491700
s3_s2sf12j2_kafka_rep4_20260612,kafka,sb-events-s3_s2sf12j2_kafka_rep4_20260612,8822e06a-c5f5-4306-aef8-2fef2318b77e,3895052,383,8209288000,8209288300
s3_s2sf12j2_kafka_rep4_20260612,kafka,sb-events-s3_s2sf12j2_kafka_rep4_20260612,bc3e5394-92ad-4eb2-bcf9-454d8336659c,3895052,383,8210754500,8210754800
s3_s2sf12j2_kafka_rep4_20260612,kafka,sb-events-s3_s2sf12j2_kafka_rep4_20260612,6e2e22f4-22db-4b95-970b-bf4b2e6b82d0,3895086,383,8212433400,8212433800
s3_s2sf12j2_kafka_rep4_20260612,kafka,sb-events-s3_s2sf12j2_kafka_rep4_20260612,d7822cd2-fdac-450d-b3f2-283caa6bdf26,3895086,383,8214715400,8214715800
s3_s2sf12j2_kafka_rep4_20260612,kafka,sb-events-s3_s2sf12j2_kafka_rep4_20260612,14a7b19f-e345-455f-befd-96115a6915de,3895113,383,8216921400,8216921700
s3_s2sf12j2_kafka_rep4_20260612,kafka,sb-events-s3_s2sf12j2_kafka_rep4_20260612,d9fe49c7-cb84-47b9-9d26-fccdf7bba1a0,3895086,383,8219184400,8219184600
s3_s2sf12j2_kafka_rep4_20260612,kafka,sb-events-s3_s2sf12j2_kafka_rep4_20260612,44617c92-4042-4afd-9202-dd98ef11fec0,3895113,383,8221137900,8221138200
s3_s2sf12j2_kafka_rep4_20260612,kafka,sb-events-s3_s2sf12j2_kafka_rep4_20260612,0c9b10fe-6d4a-4c2b-b4ca-5b0fe6d7068c,3895086,383,8223306700,8223307000
s3_s2sf12j2_kafka_rep4_20260612,kafka,sb-events-s3_s2sf12j2_kafka_rep4_20260612,592a7739-85c0-4889-861b-99c4c837ff10,3895086,383,8225723600,8225723900
s3_s2sf12j2_kafka_rep4_20260612,kafka,sb-events-s3_s2sf12j2_kafka_rep4_20260612,98cd3e1a-bdbc-4452-801b-2be9fc5ab06b,3895086,383,8227550900,8227551200
s3_s2sf12j2_kafka_rep4_20260612,kafka,sb-events-s3_s2sf12j2_kafka_rep4_20260612,b394cbaf-5f9a-4d18-9411-8d7cb7448c79,3895121,384,8229667300,8229667600
s3_s2sf12j2_kafka_rep4_20260612,kafka,sb-events-s3_s2sf12j2_kafka_rep4_20260612,66dba0a8-2afe-4c4c-92ad-e1a6cd71fd03,3895067,384,8232151300,8232151700
s3_s2sf12j2_kafka_rep4_20260612,kafka,sb-events-s3_s2sf12j2_kafka_rep4_20260612,a5226e29-3065-48df-b321-a36cac911c21,3895067,384,8234563100,8234563500
s3_s2sf12j2_kafka_rep4_20260612,kafka,sb-events-s3_s2sf12j2_kafka_rep4_20260612,12e42bd5-320d-40e8-ad89-d42c0a1dae0a,3895107,384,8237246700,8237247100
s3_s2sf12j2_kafka_rep4_20260612,kafka,sb-events-s3_s2sf12j2_kafka_rep4_20260612,a5226e29-3065-48df-b321-a36cac911c21__rev2,3895067,384,8237283600,8237283800
s3_s2sf12j2_kafka_rep4_20260612,kafka,sb-events-s3_s2sf12j2_kafka_rep4_20260612,6ccc1db9-5a31-4dea-910a-977754782773,3895107,384,8239510700,8239511000
s3_s2sf12j2_kafka_rep4_20260612,kafka,sb-events-s3_s2sf12j2_kafka_rep4_20260612,2c83987b-bf65-401d-9e27-d9f54ba652ad,3895107,384,8241326100,8241326400
s3_s2sf12j2_kafka_rep4_20260612,kafka,sb-events-s3_s2sf12j2_kafka_rep4_20260612,9e91c070-24d3-4fe7-949f-83e113f520ec,3895052,384,8243236600,8243237000
s3_s2sf12j2_kafka_rep4_20260612,kafka,sb-events-s3_s2sf12j2_kafka_rep4_20260612,e4fc3ae0-4ab9-410d-94a0-32504edb24fd,3895052,384,8244936900,8244937200
s3_s2sf12j2_kafka_rep4_20260612,kafka,sb-events-s3_s2sf12j2_kafka_rep4_20260612,49d4f100-098b-4654-82c5-780c8126e40b,3895121,385,8246940400,8246940900
s3_s2sf12j2_kafka_rep4_20260612,kafka,sb-events-s3_s2sf12j2_kafka_rep4_20260612,9f35d52f-bd21-46a3-b4b5-6c4043b57c87,3895121,385,8248770300,8248770600
s3_s2sf12j2_kafka_rep4_20260612,kafka,sb-events-s3_s2sf12j2_kafka_rep4_20260612,829aae74-41b8-4d04-9794-6e6620d40ca9,3895107,385,8250484700,8250485200
s3_s2sf12j2_kafka_rep4_20260612,kafka,sb-events-s3_s2sf12j2_kafka_rep4_20260612,122ecdd6-a166-41d6-bce2-294162b4cd54,3895107,385,8252047700,8252048100
s3_s2sf12j2_kafka_rep4_20260612,kafka,sb-events-s3_s2sf12j2_kafka_rep4_20260612,f050fb4b-4418-43cc-9c3d-94127b27624c,3895107,385,8253774500,8253774700
s3_s2sf12j2_kafka_rep4_20260612,kafka,sb-events-s3_s2sf12j2_kafka_rep4_20260612,3570f419-5029-45ff-925c-ce5ec23dbb24,3895052,385,8256042700,8256043000
s3_s2sf12j2_kafka_rep4_20260612,kafka,sb-events-s3_s2sf12j2_kafka_rep4_20260612,fc6ad4f7-4a80-4f85-864c-700a0efceee8,3895113,385,8258193400,8258193700
s3_s2sf12j2_kafka_rep4_20260612,kafka,sb-events-s3_s2sf12j2_kafka_rep4_20260612,eab2cf06-4a07-4aa6-8b95-8a93cc0e3ac5,3895086,385,8260103400,8260103600
s3_s2sf12j2_kafka_rep4_20260612,kafka,sb-events-s3_s2sf12j2_kafka_rep4_20260612,6c8c9f26-d33b-4bc0-b63c-8e3ea2ff8587,3895107,386,8262200800,8262201100
s3_s2sf12j2_kafka_rep4_20260612,kafka,sb-events-s3_s2sf12j2_kafka_rep4_20260612,597c5d97-fb51-4886-a0ff-c5230090abbf,3895134,386,8264335500,8264335900
s3_s2sf12j2_kafka_rep4_20260612,kafka,sb-events-s3_s2sf12j2_kafka_rep4_20260612,96400684-614d-4589-a40f-957378435605,3895134,386,8266284100,8266284400
s3_s2sf12j2_kafka_rep4_20260612,kafka,sb-events-s3_s2sf12j2_kafka_rep4_20260612,d64a401e-b7ba-490e-8d7b-550d85b01524,3895052,386,8268342000,8268342200
s3_s2sf12j2_kafka_rep4_20260612,kafka,sb-events-s3_s2sf12j2_kafka_rep4_20260612,00d33c4c-624c-45e1-959b-21ede95483f2,3895113,386,8270269500,8270269900
s3_s2sf12j2_kafka_rep4_20260612,kafka,sb-events-s3_s2sf12j2_kafka_rep4_20260612,7d6fb5b2-01ba-4a33-a27e-4023ad29c37c,3895113,386,8271801300,8271801700
s3_s2sf12j2_kafka_rep4_20260612,kafka,sb-events-s3_s2sf12j2_kafka_rep4_20260612,fe32e0d4-2a33-42f4-ba80-5b8cab554efa,3895113,386,8273767500,8273767700
s3_s2sf12j2_kafka_rep4_20260612,kafka,sb-events-s3_s2sf12j2_kafka_rep4_20260612,d570893c-47a4-43a1-95f4-7b16543b9f2a,3895067,387,8275229300,8275229500
s3_s2sf12j2_kafka_rep4_20260612,kafka,sb-events-s3_s2sf12j2_kafka_rep4_20260612,8249e17a-6fc6-4af8-8d8a-10ea80b0e22e,3895134,387,8276859800,8276860200
s3_s2sf12j2_kafka_rep4_20260612,kafka,sb-events-s3_s2sf12j2_kafka_rep4_20260612,2154b166-8b00-45a6-b1bf-d8f805198128,3895052,387,8278629300,8278629600
s3_s2sf12j2_kafka_rep4_20260612,kafka,sb-events-s3_s2sf12j2_kafka_rep4_20260612,cac05379-37e8-4c29-9857-deb1cd6a7e4e,3895052,387,8280592400,8280592900
s3_s2sf12j2_kafka_rep4_20260612,kafka,sb-events-s3_s2sf12j2_kafka_rep4_20260612,bf419a09-0892-4eb4-9295-4c861317ce1a,3895086,387,8282768100,8282768400
s3_s2sf12j2_kafka_rep4_20260612,kafka,sb-events-s3_s2sf12j2_kafka_rep4_20260612,43834af9-8068-404c-b7f9-bc4c08738a45,3895113,387,8284481100,8284481600
s3_s2sf12j2_kafka_rep4_20260612,kafka,sb-events-s3_s2sf12j2_kafka_rep4_20260612,ced92bf1-3900-4565-bb11-5886a9deb43a,3895113,387,8285937400,8285937700
s3_s2sf12j2_kafka_rep4_20260612,kafka,sb-events-s3_s2sf12j2_kafka_rep4_20260612,3743afc5-6da5-469d-8d4f-1b7132f4d1cb,3895113,387,8287018200,8287018500
s3_s2sf12j2_kafka_rep4_20260612,kafka,sb-events-s3_s2sf12j2_kafka_rep4_20260612,855076b4-513b-4756-8d91-7e7fae34e22b,3895060,388,8288447700,8288448100
s3_s2sf12j2_kafka_rep4_20260612,kafka,sb-events-s3_s2sf12j2_kafka_rep4_20260612,89c63012-2c91-4efa-85c1-ad21eccdfc66,3895067,388,8290233600,8290234100
s3_s2sf12j2_kafka_rep4_20260612,kafka,sb-events-s3_s2sf12j2_kafka_rep4_20260612,576591a0-e6c0-44b4-ba76-924a1fa37440,3895067,388,8291995000,8291995400
s3_s2sf12j2_kafka_rep4_20260612,kafka,sb-events-s3_s2sf12j2_kafka_rep4_20260612,8b0f70fb-18e8-4a18-a575-608dcd3153f9,3895052,388,8293503800,8293504200
s3_s2sf12j2_kafka_rep4_20260612,kafka,sb-events-s3_s2sf12j2_kafka_rep4_20260612,1cdbf528-796c-47d9-bc87-2dc866f1541c,3895052,388,8295349900,8295350300
s3_s2sf12j2_kafka_rep4_20260612,kafka,sb-events-s3_s2sf12j2_kafka_rep4_20260612,ae9184b1-0af1-4e9a-bf4c-7b5ddbcd5041,3895086,388,8297196600,8297196800
s3_s2sf12j2_kafka_rep4_20260612,kafka,sb-events-s3_s2sf12j2_kafka_rep4_20260612,e6b67cf4-dc02-4efb-bf8c-9821f3aa96c7,3895086,388,8298867100,8298867400
s3_s2sf12j2_kafka_rep4_20260612,kafka,sb-events-s3_s2sf12j2_kafka_rep4_20260612,a5f2e6a7-5bca-4a3b-8e50-ef5cd209b1d5,3895113,388,8300998200,8300998600
s3_s2sf12j2_kafka_rep4_20260612,kafka,sb-events-s3_s2sf12j2_kafka_rep4_20260612,d8f71229-bb53-458c-8bd0-8a2a548e0a16,3895113,388,8302533100,8302533400
s3_s2sf12j2_kafka_rep4_20260612,kafka,sb-events-s3_s2sf12j2_kafka_rep4_20260612,ed46d6ad-ab02-4265-a8f1-55d8cae1b7a8,3895113,388,8304152800,8304153200
s3_s2sf12j2_kafka_rep4_20260612,kafka,sb-events-s3_s2sf12j2_kafka_rep4_20260612,29aa34c6-d899-4a5c-bf12-0ba3077d10c4,3895107,389,8306420900,8306421200
s3_s2sf12j2_kafka_rep4_20260612,kafka,sb-events-s3_s2sf12j2_kafka_rep4_20260612,1be0feb6-7510-4191-b006-3e6b704e421a,3895134,389,8308567500,8308568000
s3_s2sf12j2_kafka_rep4_20260612,kafka,sb-events-s3_s2sf12j2_kafka_rep4_20260612,5809628b-316e-401f-9cd3-c324cafcc6a0,3895134,389,8310516900,8310517300
s3_s2sf12j2_kafka_rep4_20260612,kafka,sb-events-s3_s2sf12j2_kafka_rep4_20260612,f2775365-28f1-4f87-8552-f0fceb99d718,3895134,389,8312603600,8312604000
s3_s2sf12j2_kafka_rep4_20260612,kafka,sb-events-s3_s2sf12j2_kafka_rep4_20260612,466eccdb-c941-4f75-aff1-2944b1a59e3d,3895052,389,8314271900,8314272100
s3_s2sf12j2_kafka_rep4_20260612,kafka,sb-events-s3_s2sf12j2_kafka_rep4_20260612,3fa131e1-45d8-46a9-83a5-534566af8763,3895052,389,8315777100,8315777400
s3_s2sf12j2_kafka_rep4_20260612,kafka,sb-events-s3_s2sf12j2_kafka_rep4_20260612,face3922-6f90-4a44-8993-bdc2ce7d7a0c,3895113,389,8317524000,8317524300
s3_s2sf12j2_kafka_rep4_20260612,kafka,sb-events-s3_s2sf12j2_kafka_rep4_20260612,c7a75758-4957-42c9-9cd6-910ce7952557,3895113,389,8318887900,8318888300
s3_s2sf12j2_kafka_rep4_20260612,kafka,sb-events-s3_s2sf12j2_kafka_rep4_20260612,98485b3f-72d1-4494-aded-d8c1d7b57be5,3895113,389,8321009900,8321010200
s3_s2sf12j2_kafka_rep4_20260612,kafka,sb-events-s3_s2sf12j2_kafka_rep4_20260612,a8df0d7e-5406-4f17-8070-ea921609460f,3895113,389,8322731000,8322731500
s3_s2sf12j2_kafka_rep4_20260612,kafka,sb-events-s3_s2sf12j2_kafka_rep4_20260612,ca25cfa9-39ed-419f-978e-737eb8321fba,3895060,390,8324417400,8324417700
s3_s2sf12j2_kafka_rep4_20260612,kafka,sb-events-s3_s2sf12j2_kafka_rep4_20260612,5ebedaa7-4228-4dd1-bb2f-7b44914a3028,3895060,390,8326510000,8326510600
s3_s2sf12j2_kafka_rep4_20260612,kafka,sb-events-s3_s2sf12j2_kafka_rep4_20260612,adc6b847-abc1-4e9e-a5a6-ad44f825f339,3895060,390,8328554400,8328554700
s3_s2sf12j2_kafka_rep4_20260612,kafka,sb-events-s3_s2sf12j2_kafka_rep4_20260612,5ebedaa7-4228-4dd1-bb2f-7b44914a3028__rev2,3895060,390,8328584200,8328584400
s3_s2sf12j2_kafka_rep4_20260612,kafka,sb-events-s3_s2sf12j2_kafka_rep4_20260612,4a6a2c08-a9b8-43d7-b214-bbb473b55464,3895121,390,8330700500,8330700800
s3_s2sf12j2_kafka_rep4_20260612,kafka,sb-events-s3_s2sf12j2_kafka_rep4_20260612,06dfe816-f41b-4691-85ac-5a1497f4e5d7,3895107,390,8333783300,8333784000
s3_s2sf12j2_kafka_rep4_20260612,kafka,sb-events-s3_s2sf12j2_kafka_rep4_20260612,c605a570-c317-4bcd-a935-3aac355ff451,3895107,390,8335967300,8335967600
s3_s2sf12j2_kafka_rep4_20260612,kafka,sb-events-s3_s2sf12j2_kafka_rep4_20260612,5a9615d0-3ce1-4bd1-a1cb-9225e36960cf,3895107,390,8338166700,8338167100
s3_s2sf12j2_kafka_rep4_20260612,kafka,sb-events-s3_s2sf12j2_kafka_rep4_20260612,cd0b7eba-d989-4051-a319-8c15974e16e5,3895107,390,8340309300,8340309600
s3_s2sf12j2_kafka_rep4_20260612,kafka,sb-events-s3_s2sf12j2_kafka_rep4_20260612,c2c67e7a-c0ba-487c-ad53-721769bd1366,3895107,390,8342501800,8342502200
s3_s2sf12j2_kafka_rep4_20260612,kafka,sb-events-s3_s2sf12j2_kafka_rep4_20260612,0c16687b-8a31-4a7b-b921-629b596d9c0b,3895134,390,8344412300,8344412600
s3_s2sf12j2_kafka_rep4_20260612,kafka,sb-events-s3_s2sf12j2_kafka_rep4_20260612,9cea225a-2bd2-4f90-a253-c82de6a2a277,3895086,390,8346627500,8346627800
s3_s2sf12j2_kafka_rep4_20260612,kafka,sb-events-s3_s2sf12j2_kafka_rep4_20260612,f22266fd-345a-4d52-8390-69c13ff3df92,3895121,391,8348381900,8348382100
s3_s2sf12j2_kafka_rep4_20260612,kafka,sb-events-s3_s2sf12j2_kafka_rep4_20260612,74af8288-7af8-4890-9b8f-7dfdadd3096b,3895121,391,8350240500,8350240800
s3_s2sf12j2_kafka_rep4_20260612,kafka,sb-events-s3_s2sf12j2_kafka_rep4_20260612,ecfb9c44-43b4-4c53-b333-77fce2c87424,3895121,391,8352367700,8352368000
s3_s2sf12j2_kafka_rep4_20260612,kafka,sb-events-s3_s2sf12j2_kafka_rep4_20260612,99b13928-880a-4f5f-91e8-55fed8c94697,3895067,391,8354463700,8354464000
s3_s2sf12j2_kafka_rep4_20260612,kafka,sb-events-s3_s2sf12j2_kafka_rep4_20260612,cf1f3507-3298-4acb-b2fc-3dd68b5aad26,3895052,391,8356517100,8356517400
s3_s2sf12j2_kafka_rep4_20260612,kafka,sb-events-s3_s2sf12j2_kafka_rep4_20260612,156dd670-c9e9-4baa-b62f-210633d22ef8,3895113,391,8358859900,8358860300
s3_s2sf12j2_kafka_rep4_20260612,kafka,sb-events-s3_s2sf12j2_kafka_rep4_20260612,04544407-6d65-426c-beda-75a2272bae05,3895113,391,8360983800,8360984100
s3_s2sf12j2_kafka_rep4_20260612,kafka,sb-events-s3_s2sf12j2_kafka_rep4_20260612,99802a02-f8eb-45b7-8163-542209fe37ba,3895060,392,8363004400,8363004800
s3_s2sf12j2_kafka_rep4_20260612,kafka,sb-events-s3_s2sf12j2_kafka_rep4_20260612,8f745c57-d8d5-4a9f-a886-3419c3b7ba12,3895067,392,8364673300,8364673700
s3_s2sf12j2_kafka_rep4_20260612,kafka,sb-events-s3_s2sf12j2_kafka_rep4_20260612,c785f8c2-9b40-4f83-ad99-64a28ce336a5,3895067,392,8366312000,8366312500
s3_s2sf12j2_kafka_rep4_20260612,kafka,sb-events-s3_s2sf12j2_kafka_rep4_20260612,70a044a3-43de-4a36-9cad-c6b756635e1a,3895067,392,8367750000,8367750300
s3_s2sf12j2_kafka_rep4_20260612,kafka,sb-events-s3_s2sf12j2_kafka_rep4_20260612,e57b0598-a6c7-47f9-ac4e-e877e1b5aae9,3895086,392,8369461100,8369461600
s3_s2sf12j2_kafka_rep4_20260612,kafka,sb-events-s3_s2sf12j2_kafka_rep4_20260612,81180a03-2a2d-43d1-a344-632731073498,3895113,392,8370869900,8370870200
s3_s2sf12j2_kafka_rep4_20260612,kafka,sb-events-s3_s2sf12j2_kafka_rep4_20260612,965eebf2-d755-4266-aea4-f63d4e8fb4c0,3895074,393,8373073000,8373073400
s3_s2sf12j2_kafka_rep4_20260612,kafka,sb-events-s3_s2sf12j2_kafka_rep4_20260612,71771fbd-fbb7-4241-9a8f-22412a8c4f1e,3895067,393,8375064900,8375065300
s3_s2sf12j2_kafka_rep4_20260612,kafka,sb-events-s3_s2sf12j2_kafka_rep4_20260612,7b38db38-233e-4b05-a520-94630ca5b7ef,3895067,393,8377240900,8377241300
s3_s2sf12j2_kafka_rep4_20260612,kafka,sb-events-s3_s2sf12j2_kafka_rep4_20260612,3b25b250-2e85-47f0-8e03-1415a70d9b79,3895067,393,8379403700,8379404100
s3_s2sf12j2_kafka_rep4_20260612,kafka,sb-events-s3_s2sf12j2_kafka_rep4_20260612,f16b7f89-76f5-40d3-91a0-24a1ef7fcb5f,3895067,393,8381422700,8381423300
s3_s2sf12j2_kafka_rep4_20260612,kafka,sb-events-s3_s2sf12j2_kafka_rep4_20260612,ea6911ea-57bc-4377-83ee-cd2ff0785554,3895134,393,8383307400,8383307700
s3_s2sf12j2_kafka_rep4_20260612,kafka,sb-events-s3_s2sf12j2_kafka_rep4_20260612,0e78543b-a433-434f-8af2-7633bb374aae,3895134,393,8384919700,8384920000
s3_s2sf12j2_kafka_rep4_20260612,kafka,sb-events-s3_s2sf12j2_kafka_rep4_20260612,995d9ac5-8f9b-4cb1-8e08-a6d523581b89,3895134,393,8387713200,8387713400
s3_s2sf12j2_kafka_rep4_20260612,kafka,sb-events-s3_s2sf12j2_kafka_rep4_20260612,08c3259d-c0ce-4c66-9aee-62de255259ae,3895052,393,8390206300,8390206600
s3_s2sf12j2_kafka_rep4_20260612,kafka,sb-events-s3_s2sf12j2_kafka_rep4_20260612,e83fa094-3a61-44d6-91a1-934566d0a705,3895052,393,8391864100,8391864400
s3_s2sf12j2_kafka_rep4_20260612,kafka,sb-events-s3_s2sf12j2_kafka_rep4_20260612,4b481aa6-01b0-43d8-b6d2-9c3747c607cc,3895086,393,8393797700,8393798100
s3_s2sf12j2_kafka_rep4_20260612,kafka,sb-events-s3_s2sf12j2_kafka_rep4_20260612,af16f8d4-8c23-4448-9f47-b220ed27e58c,3895086,393,8395315800,8395316000
s3_s2sf12j2_kafka_rep4_20260612,kafka,sb-events-s3_s2sf12j2_kafka_rep4_20260612,606feb67-4c77-4c55-966c-b4e03d37bf36,3895113,393,8396753000,8396753200
s3_s2sf12j2_kafka_rep4_20260612,kafka,sb-events-s3_s2sf12j2_kafka_rep4_20260612,7530778b-6d23-40d8-a3d7-d8a9cb508770,3895113,393,8398327200,8398327500
s3_s2sf12j2_kafka_rep4_20260612,kafka,sb-events-s3_s2sf12j2_kafka_rep4_20260612,8988d33c-96c5-4c37-b694-9f38d6adda38,3895113,393,8400552600,8400552900
s3_s2sf12j2_kafka_rep4_20260612,kafka,sb-events-s3_s2sf12j2_kafka_rep4_20260612,59fd0264-a24b-45f6-90be-cc8881654cd7,3895060,394,8402674800,8402675100
s3_s2sf12j2_kafka_rep4_20260612,kafka,sb-events-s3_s2sf12j2_kafka_rep4_20260612,8a0e2c23-dd3d-479f-9422-93a351b99f04,3895074,394,8404467300,8404467700
s3_s2sf12j2_kafka_rep4_20260612,kafka,sb-events-s3_s2sf12j2_kafka_rep4_20260612,d7dcb70e-7560-429f-9a14-0fe22b9a0177,3895074,394,8406480400,8406480800
s3_s2sf12j2_kafka_rep4_20260612,kafka,sb-events-s3_s2sf12j2_kafka_rep4_20260612,9984bc9b-2636-43a5-addf-166a3119b365,3895074,394,8407887100,8407887400
s3_s2sf12j2_kafka_rep4_20260612,kafka,sb-events-s3_s2sf12j2_kafka_rep4_20260612,4fb0398f-7ba0-4be8-9b71-3b477e2658eb,3895074,394,8409883200,8409883600
s3_s2sf12j2_kafka_rep4_20260612,kafka,sb-events-s3_s2sf12j2_kafka_rep4_20260612,5cb2e6b1-53e9-4034-bcfb-d36b13f62b4b,3895067,394,8411534100,8411534500
s3_s2sf12j2_kafka_rep4_20260612,kafka,sb-events-s3_s2sf12j2_kafka_rep4_20260612,538b3ce6-4345-4a59-bfbe-5c2a8375a917,3895067,394,8413947100,8413947400
s3_s2sf12j2_kafka_rep4_20260612,kafka,sb-events-s3_s2sf12j2_kafka_rep4_20260612,a14fe2cd-eb83-46ca-970d-37eeb6ba141f,3895067,394,8415813200,8415813500
s3_s2sf12j2_kafka_rep4_20260612,kafka,sb-events-s3_s2sf12j2_kafka_rep4_20260612,135cce3a-70e2-48e3-adf8-43f2c4adee78,3895134,394,8417665200,8417665500
s3_s2sf12j2_kafka_rep4_20260612,kafka,sb-events-s3_s2sf12j2_kafka_rep4_20260612,f8b5d10a-0456-4332-9da3-dcbe962f74bf,3895134,394,8419660800,8419661300
s3_s2sf12j2_kafka_rep4_20260612,kafka,sb-events-s3_s2sf12j2_kafka_rep4_20260612,cbd19fb2-1303-4a76-a81e-b80bf03fe011,3895086,394,8421964100,8421964300
s3_s2sf12j2_kafka_rep4_20260612,kafka,sb-events-s3_s2sf12j2_kafka_rep4_20260612,f6881f8d-2c17-49b2-b0d4-33427d87ef5c,3895113,394,8424195400,8424195700
s3_s2sf12j2_kafka_rep4_20260612,kafka,sb-events-s3_s2sf12j2_kafka_rep4_20260612,6cee4a6c-88fa-4349-b524-334a8368ecd5,3895113,394,8425973200,8425973400
s3_s2sf12j2_kafka_rep4_20260612,kafka,sb-events-s3_s2sf12j2_kafka_rep4_20260612,1dd3fe13-43ab-4c39-98f1-d9403db2353e,3895074,395,8428321500,8428321800
s3_s2sf12j2_kafka_rep4_20260612,kafka,sb-events-s3_s2sf12j2_kafka_rep4_20260612,6cee4a6c-88fa-4349-b524-334a8368ecd5__rev2,3895113,394,8428358800,8428359000
s3_s2sf12j2_kafka_rep4_20260612,kafka,sb-events-s3_s2sf12j2_kafka_rep4_20260612,b1c14719-ff1d-4c2c-aed3-bbbf83b838f8,3895067,395,8430186800,8430187100
s3_s2sf12j2_kafka_rep4_20260612,kafka,sb-events-s3_s2sf12j2_kafka_rep4_20260612,dfcb9333-6143-4f80-ba39-621cbedb0597,3895067,395,8431778800,8431779100
s3_s2sf12j2_kafka_rep4_20260612,kafka,sb-events-s3_s2sf12j2_kafka_rep4_20260612,dc010f7d-c0d1-42ba-a88e-315dcbc075a7,3895086,395,8433569100,8433569600
s3_s2sf12j2_kafka_rep4_20260612,kafka,sb-events-s3_s2sf12j2_kafka_rep4_20260612,ec3f69f7-c69b-44db-b573-3cde53fbd730,3895095,396,8435419500,8435419900
s3_s2sf12j2_kafka_rep4_20260612,kafka,sb-events-s3_s2sf12j2_kafka_rep4_20260612,2c6a54f1-b280-4672-9ad7-cccacf2b8bb8,3895060,396,8437485200,8437485600
s3_s2sf12j2_kafka_rep4_20260612,kafka,sb-events-s3_s2sf12j2_kafka_rep4_20260612,c50d721c-be65-4eda-bc7f-067bb1947653,3895060,396,8439902600,8439902900
s3_s2sf12j2_kafka_rep4_20260612,kafka,sb-events-s3_s2sf12j2_kafka_rep4_20260612,f57745b2-2c27-4f2f-8cb3-f369b5d2484f,3895052,396,8441821300,8441821600
s3_s2sf12j2_kafka_rep4_20260612,kafka,sb-events-s3_s2sf12j2_kafka_rep4_20260612,2c1397d2-8aa5-40f5-98c6-e6148ccbe8aa,3895086,396,8443628700,8443629000
s3_s2sf12j2_kafka_rep4_20260612,kafka,sb-events-s3_s2sf12j2_kafka_rep4_20260612,b5ace099-c920-4ae8-944a-7f6b88515489,3895086,396,8445797600,8445798000
s3_s2sf12j2_kafka_rep4_20260612,kafka,sb-events-s3_s2sf12j2_kafka_rep4_20260612,8be1f93d-cca7-4c97-8299-972dfe8ea383,3895086,396,8447534800,8447535400
s3_s2sf12j2_kafka_rep4_20260612,kafka,sb-events-s3_s2sf12j2_kafka_rep4_20260612,0ee60138-b4a1-4c81-8673-5f829c14e56c,3895086,396,8449301300,8449301500
s3_s2sf12j2_kafka_rep4_20260612,kafka,sb-events-s3_s2sf12j2_kafka_rep4_20260612,343d7db0-931b-4748-851f-27006a202cbb,3895113,396,8451700400,8451700800
s3_s2sf12j2_kafka_rep4_20260612,kafka,sb-events-s3_s2sf12j2_kafka_rep4_20260612,515cfb63-2081-491b-a7c3-7dcd73641d39,3895113,396,8453975700,8453975900
s3_s2sf12j2_kafka_rep4_20260612,kafka,sb-events-s3_s2sf12j2_kafka_rep4_20260612,119ca6ba-49bc-4d4f-a57c-7497f0f8b54b,3895113,396,8456211400,8456211900
s3_s2sf12j2_kafka_rep4_20260612,kafka,sb-events-s3_s2sf12j2_kafka_rep4_20260612,f4c96189-c3e2-4491-9e97-bb2016985024,3895052,397,8458199000,8458199200
s3_s2sf12j2_kafka_rep4_20260612,kafka,sb-events-s3_s2sf12j2_kafka_rep4_20260612,32d9fc40-b95c-4d4a-9574-8340ff444e67,3895052,397,8460090100,8460090500
s3_s2sf12j2_kafka_rep4_20260612,kafka,sb-events-s3_s2sf12j2_kafka_rep4_20260612,20a73b74-427d-481b-a977-93197096c055,3895086,397,8462012200,8462012800
s3_s2sf12j2_kafka_rep4_20260612,kafka,sb-events-s3_s2sf12j2_kafka_rep4_20260612,abfa9add-3515-4c1f-b8e2-cfd721c11038,3895086,397,8463610300,8463610800
s3_s2sf12j2_kafka_rep4_20260612,kafka,sb-events-s3_s2sf12j2_kafka_rep4_20260612,ddf54fc4-f7d9-4b4a-a86f-7383cd65ba86,3895113,397,8464997900,8464998300
s3_s2sf12j2_kafka_rep4_20260612,kafka,sb-events-s3_s2sf12j2_kafka_rep4_20260612,948b1c2e-4813-475c-98ca-bf65b0cfba10,3895095,398,8467254100,8467254500
s3_s2sf12j2_kafka_rep4_20260612,kafka,sb-events-s3_s2sf12j2_kafka_rep4_20260612,df8c1d00-5a23-43ea-8c97-c2d64c2bb5dd,3895095,398,8468913100,8468913700
s3_s2sf12j2_kafka_rep4_20260612,kafka,sb-events-s3_s2sf12j2_kafka_rep4_20260612,9281c676-2991-4438-a848-0ccfd62c9713,3895095,398,8470563400,8470563700
s3_s2sf12j2_kafka_rep4_20260612,kafka,sb-events-s3_s2sf12j2_kafka_rep4_20260612,7f860392-a215-442d-a67e-4d294f09a4e2,3895060,398,8472801300,8472801800
s3_s2sf12j2_kafka_rep4_20260612,kafka,sb-events-s3_s2sf12j2_kafka_rep4_20260612,9ced370b-38a8-4454-a1c2-6311bfe928f1,3895060,398,8475050800,8475051200
s3_s2sf12j2_kafka_rep4_20260612,kafka,sb-events-s3_s2sf12j2_kafka_rep4_20260612,f1c25842-30f0-4443-99d9-b8a529e0aacb,3895134,398,8476771400,8476771900
s3_s2sf12j2_kafka_rep4_20260612,kafka,sb-events-s3_s2sf12j2_kafka_rep4_20260612,f2b67d17-7a41-4ad5-a4e8-4a273d22ae16,3895052,398,8478262100,8478262300
s3_s2sf12j2_kafka_rep4_20260612,kafka,sb-events-s3_s2sf12j2_kafka_rep4_20260612,abdf9f97-cb84-4f39-8a1f-ddf7d8ee4284,3895086,398,8480338000,8480338300
s3_s2sf12j2_kafka_rep4_20260612,kafka,sb-events-s3_s2sf12j2_kafka_rep4_20260612,1283c691-c5df-4c07-8d13-7504482421f5,3895086,398,8482670700,8482671400
s3_s2sf12j2_kafka_rep4_20260612,kafka,sb-events-s3_s2sf12j2_kafka_rep4_20260612,bbb3c276-5665-44e2-b52f-e71aefcf8e3a,3895113,398,8484475700,8484476200
s3_s2sf12j2_kafka_rep4_20260612,kafka,sb-events-s3_s2sf12j2_kafka_rep4_20260612,93a04759-8e10-4a79-98df-d2fef09c6629,3895113,398,8486035800,8486036100
s3_s2sf12j2_kafka_rep4_20260612,kafka,sb-events-s3_s2sf12j2_kafka_rep4_20260612,3f2f9851-45a7-4ebe-ad2a-78269daa75df,3895113,398,8487747300,8487747600
s3_s2sf12j2_kafka_rep4_20260612,kafka,sb-events-s3_s2sf12j2_kafka_rep4_20260612,501f6ca5-6a86-4ce4-9cfc-f6e0187c9d55,3895113,398,8489348000,8489348300
s3_s2sf12j2_kafka_rep4_20260612,kafka,sb-events-s3_s2sf12j2_kafka_rep4_20260612,07053e4c-e128-4431-96aa-0681e7f1d3c2,3895095,399,8491259600,8491259900
s3_s2sf12j2_kafka_rep4_20260612,kafka,sb-events-s3_s2sf12j2_kafka_rep4_20260612,3c5d079f-7af2-4cb8-9202-a047b2ba45e1,3895095,399,8493380200,8493380600
s3_s2sf12j2_kafka_rep4_20260612,kafka,sb-events-s3_s2sf12j2_kafka_rep4_20260612,e4ddc354-2d7a-45f1-8e30-f2030a95a5d4,3895095,399,8494873600,8494873900
s3_s2sf12j2_kafka_rep4_20260612,kafka,sb-events-s3_s2sf12j2_kafka_rep4_20260612,ab3be832-0318-4cac-90ba-84998d6bae03,3895060,399,8496700200,8496700600
s3_s2sf12j2_kafka_rep4_20260612,kafka,sb-events-s3_s2sf12j2_kafka_rep4_20260612,39796723-ae18-471d-82e7-83152b15fe67,3895134,399,8498591000,8498591400
s3_s2sf12j2_kafka_rep4_20260612,kafka,sb-events-s3_s2sf12j2_kafka_rep4_20260612,69524811-4918-4785-923d-78184f785804,3895052,399,8500017000,8500017300
s3_s2sf12j2_kafka_rep4_20260612,kafka,sb-events-s3_s2sf12j2_kafka_rep4_20260612,083f6173-25b6-441c-8b33-3415bb3fbd58,3895052,399,8501374100,8501374400
s3_s2sf12j2_kafka_rep4_20260612,kafka,sb-events-s3_s2sf12j2_kafka_rep4_20260612,3b938f84-998e-4a6d-b5d2-be210f99c5bd,3895086,399,8502925200,8502925700
s3_s2sf12j2_kafka_rep4_20260612,kafka,sb-events-s3_s2sf12j2_kafka_rep4_20260612,6f7be7ee-0d66-4d3e-bca1-fc751e66a6b9,3895086,399,8504419500,8504419700
s3_s2sf12j2_kafka_rep4_20260612,kafka,sb-events-s3_s2sf12j2_kafka_rep4_20260612,5380a23f-506b-4881-85f6-72a110685a23,3895113,399,8506014100,8506014400
s3_s2sf12j2_kafka_rep4_20260612,kafka,sb-events-s3_s2sf12j2_kafka_rep4_20260612,0c6aae5f-d6e7-4e3f-958d-ff741ef7213f,3895113,399,8507975500,8507975900
s3_s2sf12j2_kafka_rep4_20260612,kafka,sb-events-s3_s2sf12j2_kafka_rep4_20260612,7982b5d9-4599-4b38-9351-c02f47d75634,3895113,399,8509534400,8509534800
s3_s2sf12j2_kafka_rep4_20260612,kafka,sb-events-s3_s2sf12j2_kafka_rep4_20260612,88112df4-66e0-4a8a-8d7b-ea5419b04530,3895113,399,8511161700,8511162000
s3_s2sf12j2_kafka_rep4_20260612,kafka,sb-events-s3_s2sf12j2_kafka_rep4_20260612,e182ad3e-5a33-4704-b958-75a7bac9b3a1,3895060,400,8512591400,8512591700
s3_s2sf12j2_kafka_rep4_20260612,kafka,sb-events-s3_s2sf12j2_kafka_rep4_20260612,ef3078a5-3393-48b0-8afb-796cff80c5a0,3895060,400,8514539100,8514539300
s3_s2sf12j2_kafka_rep4_20260612,kafka,sb-events-s3_s2sf12j2_kafka_rep4_20260612,474ab2df-3a03-4e71-b8ec-bbdf568286d7,3895060,400,8516452400,8516453000
s3_s2sf12j2_kafka_rep4_20260612,kafka,sb-events-s3_s2sf12j2_kafka_rep4_20260612,eba2e6e8-636d-45f0-a8ce-0f0bd1d57411,3895052,400,8517827400,8517827700
s3_s2sf12j2_kafka_rep4_20260612,kafka,sb-events-s3_s2sf12j2_kafka_rep4_20260612,eba2e6e8-636d-45f0-a8ce-0f0bd1d57411__rev2,3895052,400,8520011300,8520011700
s3_s2sf12j2_kafka_rep4_20260612,kafka,sb-events-s3_s2sf12j2_kafka_rep4_20260612,41f9512b-ca4f-49d7-8b8d-4a8999004a4d,3895052,400,8520050300,8520050500
s3_s2sf12j2_kafka_rep4_20260612,kafka,sb-events-s3_s2sf12j2_kafka_rep4_20260612,9eb51b15-3167-43e5-90ca-ca7b9be4372a,3895052,400,8521955800,8521956100
s3_s2sf12j2_kafka_rep4_20260612,kafka,sb-events-s3_s2sf12j2_kafka_rep4_20260612,f044af23-bafc-40e0-a29a-ccb8a12270a2,3895113,400,8523718200,8523718600
s3_s2sf12j2_kafka_rep4_20260612,kafka,sb-events-s3_s2sf12j2_kafka_rep4_20260612,52f12bc7-1f6f-4e45-bafd-d9a5aac3c720,3895113,400,8525316900,8525317400
s3_s2sf12j2_kafka_rep4_20260612,kafka,sb-events-s3_s2sf12j2_kafka_rep4_20260612,2687b66f-9cee-4ec4-9576-3ff4bdcceb52,3895086,401,8526927500,8526927800
s3_s2sf12j2_kafka_rep4_20260612,kafka,sb-events-s3_s2sf12j2_kafka_rep4_20260612,11f7ce84-24b4-475a-b143-83db518ce7d3,3895095,402,8528723100,8528723400
s3_s2sf12j2_kafka_rep4_20260612,kafka,sb-events-s3_s2sf12j2_kafka_rep4_20260612,6997db3a-ca3c-43da-bca2-16b9a922f6d8,3895095,402,8530479900,8530480100
s3_s2sf12j2_kafka_rep4_20260612,kafka,sb-events-s3_s2sf12j2_kafka_rep4_20260612,d2cfd8cf-c66c-4e29-9c67-b49258151b2a,3895095,402,8532476800,8532477200
s3_s2sf12j2_kafka_rep4_20260612,kafka,sb-events-s3_s2sf12j2_kafka_rep4_20260612,059fd091-ff2b-4556-a70b-0e68acc6b0cf,3895052,402,8534217000,8534217400
s3_s2sf12j2_kafka_rep4_20260612,kafka,sb-events-s3_s2sf12j2_kafka_rep4_20260612,22881a06-05be-4bf0-8518-2681eb9797a3,3895052,402,8535934800,8535935200
s3_s2sf12j2_kafka_rep4_20260612,kafka,sb-events-s3_s2sf12j2_kafka_rep4_20260612,6088b9ad-bddd-45ba-8d07-3e78feb5654a,3895052,403,8537509200,8537509600
s3_s2sf12j2_kafka_rep4_20260612,kafka,sb-events-s3_s2sf12j2_kafka_rep4_20260612,ec99ce1c-a4c8-4148-aa55-3bfe856b5836,3895086,403,8538639600,8538639800
s3_s2sf12j2_kafka_rep4_20260612,kafka,sb-events-s3_s2sf12j2_kafka_rep4_20260612,fdf94033-542d-4292-95c2-cb787c750b62,3895086,403,8540615400,8540615700
s3_s2sf12j2_kafka_rep4_20260612,kafka,sb-events-s3_s2sf12j2_kafka_rep4_20260612,4a816579-df56-4ce5-b878-8d40f203cb52,3895113,403,8542105800,8542106200
s3_s2sf12j2_kafka_rep4_20260612,kafka,sb-events-s3_s2sf12j2_kafka_rep4_20260612,192e9df3-dac7-415f-8997-939d4d5b0f65,3895052,404,8543254200,8543254500
s3_s2sf12j2_kafka_rep4_20260612,kafka,sb-events-s3_s2sf12j2_kafka_rep4_20260612,1bc603e2-bad1-46d7-8749-cc2556e31806,3895052,404,8545054200,8545054500
s3_s2sf12j2_kafka_rep4_20260612,kafka,sb-events-s3_s2sf12j2_kafka_rep4_20260612,923738ee-fc49-4531-abda-89a58219a128,3895086,404,8547273000,8547273300
s3_s2sf12j2_kafka_rep4_20260612,kafka,sb-events-s3_s2sf12j2_kafka_rep4_20260612,2ecae5af-88bb-4062-af1e-2d24dc92d5f0,3895052,405,8549352500,8549352900
s3_s2sf12j2_kafka_rep4_20260612,kafka,sb-events-s3_s2sf12j2_kafka_rep4_20260612,1df1b344-254f-4242-bbff-259be52f2f9f,3895052,405,8551171800,8551172100
s3_s2sf12j2_kafka_rep4_20260612,kafka,sb-events-s3_s2sf12j2_kafka_rep4_20260612,1402a0f6-df9a-4a15-a85b-50a0ee7f1aa1,3895086,405,8552714000,8552714200
s3_s2sf12j2_kafka_rep4_20260612,kafka,sb-events-s3_s2sf12j2_kafka_rep4_20260612,f7cfe3a3-fa88-45b1-9e4a-ad8c92ba7d88,3895086,405,8554733500,8554733800
s3_s2sf12j2_kafka_rep4_20260612,kafka,sb-events-s3_s2sf12j2_kafka_rep4_20260612,34634858-227c-475b-b5c0-af15cc75c55a,3895113,405,8556157700,8556158200
s3_s2sf12j2_kafka_rep4_20260612,kafka,sb-events-s3_s2sf12j2_kafka_rep4_20260612,3b2bd1ac-8290-44b8-b954-ec2bab80ca29,3895113,405,8558095700,8558096100
s3_s2sf12j2_kafka_rep4_20260612,kafka,sb-events-s3_s2sf12j2_kafka_rep4_20260612,da545246-60fd-4a0d-9d5d-5d3ca007b671,3895052,406,8560134000,8560134400
s3_s2sf12j2_kafka_rep4_20260612,kafka,sb-events-s3_s2sf12j2_kafka_rep4_20260612,5ad79794-5352-47c6-ada3-96c1ef072a85,3895052,406,8562378900,8562379300
s3_s2sf12j2_kafka_rep4_20260612,kafka,sb-events-s3_s2sf12j2_kafka_rep4_20260612,ea396394-e219-4728-a86d-bb5b1ee852d5,3895052,406,8563856000,8563856400
s3_s2sf12j2_kafka_rep4_20260612,kafka,sb-events-s3_s2sf12j2_kafka_rep4_20260612,be47d88f-1996-48a0-8925-9f8edaa3ca68,3895086,406,8565534300,8565534700
s3_s2sf12j2_kafka_rep4_20260612,kafka,sb-events-s3_s2sf12j2_kafka_rep4_20260612,9466e7b4-8e45-4458-a5de-965a57e52aa8,3895113,406,8566908000,8566908300
s3_s2sf12j2_kafka_rep4_20260612,kafka,sb-events-s3_s2sf12j2_kafka_rep4_20260612,277885fb-01ce-483f-8d09-45be01ab9779,3895052,407,8568553000,8568553500
s3_s2sf12j2_kafka_rep4_20260612,kafka,sb-events-s3_s2sf12j2_kafka_rep4_20260612,def9f373-446b-4c52-93fe-6dfd8eb38e67,3895052,407,8570357200,8570357500
s3_s2sf12j2_kafka_rep4_20260612,kafka,sb-events-s3_s2sf12j2_kafka_rep4_20260612,8caecad9-5b7d-4c78-8088-c858e00b900d,3895052,407,8572460200,8572460800
s3_s2sf12j2_kafka_rep4_20260612,kafka,sb-events-s3_s2sf12j2_kafka_rep4_20260612,937de409-0477-4d40-8549-5681da2d0fd4,3895086,407,8574032600,8574032900
s3_s2sf12j2_kafka_rep4_20260612,kafka,sb-events-s3_s2sf12j2_kafka_rep4_20260612,0629b250-600d-423c-858d-2830bccad9ff,3895052,407,8575453300,8575453600
s3_s2sf12j2_kafka_rep4_20260612,kafka,sb-events-s3_s2sf12j2_kafka_rep4_20260612,fe6a69dc-8631-4c8a-8b09-61f474215e37,3895086,407,8577003600,8577003900
s3_s2sf12j2_kafka_rep4_20260612,kafka,sb-events-s3_s2sf12j2_kafka_rep4_20260612,32919933-6bb8-4faa-b18e-ad93184393bf,3895060,408,8578608700,8578609000
s3_s2sf12j2_kafka_rep4_20260612,kafka,sb-events-s3_s2sf12j2_kafka_rep4_20260612,507db774-d073-4767-ab0a-dbac0356c04c,3895086,408,8580721900,8580722200
s3_s2sf12j2_kafka_rep4_20260612,kafka,sb-events-s3_s2sf12j2_kafka_rep4_20260612,4d8f7de9-ba91-4892-a377-88cebd92d43b,3895086,408,8582868100,8582868400
s3_s2sf12j2_kafka_rep4_20260612,kafka,sb-events-s3_s2sf12j2_kafka_rep4_20260612,45d54390-55ed-4ec7-9ed0-3ef10a22a272,3895086,408,8584516400,8584516700
s3_s2sf12j2_kafka_rep4_20260612,kafka,sb-events-s3_s2sf12j2_kafka_rep4_20260612,c4dc179a-2949-41ca-8758-676ccc586d70,3895113,408,8586542000,8586542500
s3_s2sf12j2_kafka_rep4_20260612,kafka,sb-events-s3_s2sf12j2_kafka_rep4_20260612,0dc483af-2a22-4957-bcfa-4206c244b3db,3895113,408,8588506300,8588506900
s3_s2sf12j2_kafka_rep4_20260612,kafka,sb-events-s3_s2sf12j2_kafka_rep4_20260612,7a1cae44-d611-4898-8e6a-0e6ab7ad3571,3895052,409,8590332600,8590333200
s3_s2sf12j2_kafka_rep4_20260612,kafka,sb-events-s3_s2sf12j2_kafka_rep4_20260612,91059f5d-e167-45b7-a8ea-df5f6428998b,3895086,409,8591822600,8591822900
s3_s2sf12j2_kafka_rep4_20260612,kafka,sb-events-s3_s2sf12j2_kafka_rep4_20260612,2577a998-31d8-46a6-b78f-0bb1f75e62a6,3895086,409,8593833100,8593833700
s3_s2sf12j2_kafka_rep4_20260612,kafka,sb-events-s3_s2sf12j2_kafka_rep4_20260612,296aac38-e333-4822-a17e-1cf241ca8a48,3895086,409,8595140100,8595140400
s3_s2sf12j2_kafka_rep4_20260612,kafka,sb-events-s3_s2sf12j2_kafka_rep4_20260612,f80cc3e5-f190-499e-a88d-4db8d2eeb8b8,3895113,409,8596801800,8596802000
s3_s2sf12j2_kafka_rep4_20260612,kafka,sb-events-s3_s2sf12j2_kafka_rep4_20260612,9e692d8d-e162-4e14-bd3b-822eb58cf8d7,3895060,410,8598592900,8598593300
s3_s2sf12j2_kafka_rep4_20260612,kafka,sb-events-s3_s2sf12j2_kafka_rep4_20260612,f85e321f-816d-4b6c-8b0a-c051a766519e,3895060,410,8600684200,8600684500
s3_s2sf12j2_kafka_rep4_20260612,kafka,sb-events-s3_s2sf12j2_kafka_rep4_20260612,35af85ca-d396-423b-a75f-c7315989a22d,3895052,410,8602538600,8602539000
s3_s2sf12j2_kafka_rep4_20260612,kafka,sb-events-s3_s2sf12j2_kafka_rep4_20260612,32302554-dcc1-4615-b9b5-4186c5c1b65a,3895052,410,8604138600,8604139000
s3_s2sf12j2_kafka_rep4_20260612,kafka,sb-events-s3_s2sf12j2_kafka_rep4_20260612,86a2b8f2-6c9e-46e1-9a0b-cd9c358f43c9,3895052,410,8605828300,8605828700
s3_s2sf12j2_kafka_rep4_20260612,kafka,sb-events-s3_s2sf12j2_kafka_rep4_20260612,86a2b8f2-6c9e-46e1-9a0b-cd9c358f43c9__rev2,3895052,410,8608245300,8608245700
s3_s2sf12j2_kafka_rep4_20260612,kafka,sb-events-s3_s2sf12j2_kafka_rep4_20260612,d8557160-f77d-4a4f-8d2a-dba2bae4f47b,3895086,410,8608285200,8608285400
s3_s2sf12j2_kafka_rep4_20260612,kafka,sb-events-s3_s2sf12j2_kafka_rep4_20260612,f63cf3f3-4dcb-4f72-9c59-848dcb4c981a,3895060,411,8610225600,8610226000
s3_s2sf12j2_kafka_rep4_20260612,kafka,sb-events-s3_s2sf12j2_kafka_rep4_20260612,b2b16ddc-9dbc-492c-9700-8dd09543424d,3895134,411,8611954800,8611955100
s3_s2sf12j2_kafka_rep4_20260612,kafka,sb-events-s3_s2sf12j2_kafka_rep4_20260612,d808606f-b088-4c1c-be2c-97e3e1c127d4,3895113,411,8613631100,8613631600
s3_s2sf12j2_kafka_rep4_20260612,kafka,sb-events-s3_s2sf12j2_kafka_rep4_20260612,5570ecf6-6ef2-4490-a64e-a26ae4565a05,3895113,411,8615802900,8615803400
s3_s2sf12j2_kafka_rep4_20260612,kafka,sb-events-s3_s2sf12j2_kafka_rep4_20260612,cbfece8b-528d-48bb-a985-fd5e64780757,3895060,412,8617638000,8617638300
s3_s2sf12j2_kafka_rep4_20260612,kafka,sb-events-s3_s2sf12j2_kafka_rep4_20260612,b0ca91fc-29bf-4b75-ab11-9b00df600132,3895107,412,8619048100,8619048700
s3_s2sf12j2_kafka_rep4_20260612,kafka,sb-events-s3_s2sf12j2_kafka_rep4_20260612,f0fe5375-7028-4044-af07-74a9d95bc1e7,3895134,412,8620854900,8620855200
s3_s2sf12j2_kafka_rep4_20260612,kafka,sb-events-s3_s2sf12j2_kafka_rep4_20260612,f1137b6b-87e8-4a2e-89f9-13eb6ec76570,3895134,412,8622025700,8622025900
s3_s2sf12j2_kafka_rep4_20260612,kafka,sb-events-s3_s2sf12j2_kafka_rep4_20260612,049eb390-d5d2-43ac-babd-9bc5b3977429,3895134,412,8623967000,8623967400
s3_s2sf12j2_kafka_rep4_20260612,kafka,sb-events-s3_s2sf12j2_kafka_rep4_20260612,9d177173-1ff5-49c7-85c1-9005c1cb85aa,3895052,412,8625598500,8625598800
s3_s2sf12j2_kafka_rep4_20260612,kafka,sb-events-s3_s2sf12j2_kafka_rep4_20260612,536d3016-2a58-45a2-abe7-7510d2fe82c6,3895052,412,8627479600,8627479900
s3_s2sf12j2_kafka_rep4_20260612,kafka,sb-events-s3_s2sf12j2_kafka_rep4_20260612,61eb9978-041a-4c5d-b84a-e83858aba17a,3895086,412,8629449300,8629449600
s3_s2sf12j2_kafka_rep4_20260612,kafka,sb-events-s3_s2sf12j2_kafka_rep4_20260612,9c2bfa0e-c0d4-4914-8233-9b3fc007a35f,3895086,412,8631288000,8631288300
s3_s2sf12j2_kafka_rep4_20260612,kafka,sb-events-s3_s2sf12j2_kafka_rep4_20260612,623277a1-75db-403a-92c9-c0afe097a0f3,3895060,413,8632688500,8632688900
s3_s2sf12j2_kafka_rep4_20260612,kafka,sb-events-s3_s2sf12j2_kafka_rep4_20260612,3a8dfce1-23cb-4ebc-9475-506109bebf1c,3895060,413,8634011100,8634011400
s3_s2sf12j2_kafka_rep4_20260612,kafka,sb-events-s3_s2sf12j2_kafka_rep4_20260612,e7efbe5c-3cff-4ea4-8ced-a3f2c2aa0ba3,3895060,413,8635696500,8635697000
s3_s2sf12j2_kafka_rep4_20260612,kafka,sb-events-s3_s2sf12j2_kafka_rep4_20260612,c1326634-36dc-4bb6-9ed6-814ed105a095,3895134,413,8637445700,8637446000
s3_s2sf12j2_kafka_rep4_20260612,kafka,sb-events-s3_s2sf12j2_kafka_rep4_20260612,bd65f10d-e0f0-4aa8-b643-123d11239e92,3895134,413,8639441900,8639442400
s3_s2sf12j2_kafka_rep4_20260612,kafka,sb-events-s3_s2sf12j2_kafka_rep4_20260612,2e924e2e-9f8a-4c8b-8a00-68c186e8eaa9,3895134,413,8642007700,8642008000
s3_s2sf12j2_kafka_rep4_20260612,kafka,sb-events-s3_s2sf12j2_kafka_rep4_20260612,44290f3c-3ec2-4fa9-b500-4e7a5186c44e,3895113,413,8644125400,8644125900
s3_s2sf12j2_kafka_rep4_20260612,kafka,sb-events-s3_s2sf12j2_kafka_rep4_20260612,68e72920-b8ea-4477-80de-6b48608ab973,3895113,413,8645920900,8645921400
s3_s2sf12j2_kafka_rep4_20260612,kafka,sb-events-s3_s2sf12j2_kafka_rep4_20260612,ff3547ec-2170-4976-8933-a4cb58199080,3895095,414,8647674900,8647675300
s3_s2sf12j2_kafka_rep4_20260612,kafka,sb-events-s3_s2sf12j2_kafka_rep4_20260612,47e31b83-14fc-4b14-b1fe-b65017d691b0,3895060,414,8649446300,8649446900
s3_s2sf12j2_kafka_rep4_20260612,kafka,sb-events-s3_s2sf12j2_kafka_rep4_20260612,949a886f-d69a-4509-9346-4e83b5bd4fcf,3895052,414,8650819100,8650819300
s3_s2sf12j2_kafka_rep4_20260612,kafka,sb-events-s3_s2sf12j2_kafka_rep4_20260612,c736668c-4114-4f71-8581-04840b78fdfc,3895052,414,8652518200,8652518600
s3_s2sf12j2_kafka_rep4_20260612,kafka,sb-events-s3_s2sf12j2_kafka_rep4_20260612,870f203a-1731-4591-8a35-35776163afba,3895052,414,8654611200,8654611500
s3_s2sf12j2_kafka_rep4_20260612,kafka,sb-events-s3_s2sf12j2_kafka_rep4_20260612,d463709b-a7e4-4719-8e7c-f345637a5086,3895086,414,8656970500,8656970800
s3_s2sf12j2_kafka_rep4_20260612,kafka,sb-events-s3_s2sf12j2_kafka_rep4_20260612,25532f19-4415-4291-b9b3-a4e73494a1f8,3895086,414,8658801800,8658802100
s3_s2sf12j2_kafka_rep4_20260612,kafka,sb-events-s3_s2sf12j2_kafka_rep4_20260612,2f085a92-1363-4974-966b-dc892d14e8be,3895086,414,8660706000,8660706300
s3_s2sf12j2_kafka_rep4_20260612,kafka,sb-events-s3_s2sf12j2_kafka_rep4_20260612,d8a02821-cb11-450b-9e91-1109a9f8f97a,3895086,414,8662724100,8662724400
s3_s2sf12j2_kafka_rep4_20260612,kafka,sb-events-s3_s2sf12j2_kafka_rep4_20260612,8e99eef9-a763-462c-9e35-b3b54c78ba71,3895086,414,8664603500,8664603800
s3_s2sf12j2_kafka_rep4_20260612,kafka,sb-events-s3_s2sf12j2_kafka_rep4_20260612,6812f850-269c-4d05-8b62-b71b943c402f,3895107,415,8666300600,8666300900
s3_s2sf12j2_kafka_rep4_20260612,kafka,sb-events-s3_s2sf12j2_kafka_rep4_20260612,99ca80d7-67b1-4dd3-9ef6-984960943ae8,3895107,415,8668331300,8668331700
s3_s2sf12j2_kafka_rep4_20260612,kafka,sb-events-s3_s2sf12j2_kafka_rep4_20260612,b75d8a21-2eb8-4647-a613-33815d403e6a,3895134,415,8669992300,8669992600
s3_s2sf12j2_kafka_rep4_20260612,kafka,sb-events-s3_s2sf12j2_kafka_rep4_20260612,253dcb35-7257-46a0-a08b-249d8b51fbd9,3895134,415,8672317400,8672317800
s3_s2sf12j2_kafka_rep4_20260612,kafka,sb-events-s3_s2sf12j2_kafka_rep4_20260612,379d9ace-6e36-4c40-817b-a6f32834f83e,3895052,415,8674116500,8674116700
s3_s2sf12j2_kafka_rep4_20260612,kafka,sb-events-s3_s2sf12j2_kafka_rep4_20260612,6147588e-d8a3-4a36-ad8b-e69fcd874daa,3895052,415,8675861600,8675862200
s3_s2sf12j2_kafka_rep4_20260612,kafka,sb-events-s3_s2sf12j2_kafka_rep4_20260612,beabc681-2cf8-475a-bb3c-00b7f3b7c2ae,3895052,415,8677331100,8677331400
s3_s2sf12j2_kafka_rep4_20260612,kafka,sb-events-s3_s2sf12j2_kafka_rep4_20260612,0b4043ea-bec1-4b19-b6ab-d972a45b8598,3895086,415,8679013000,8679013400
s3_s2sf12j2_kafka_rep4_20260612,kafka,sb-events-s3_s2sf12j2_kafka_rep4_20260612,21d2c8a0-b595-4272-9dfc-75e88c9941e1,3895086,415,8681121400,8681121700
s3_s2sf12j2_kafka_rep4_20260612,kafka,sb-events-s3_s2sf12j2_kafka_rep4_20260612,0692e024-b42d-4dcf-bfc6-20a8aa424b12,3895113,415,8682838000,8682838300
s3_s2sf12j2_kafka_rep4_20260612,kafka,sb-events-s3_s2sf12j2_kafka_rep4_20260612,b630e6ee-951f-40bf-91b7-f4e0be85557b,3895095,416,8684561700,8684562000
s3_s2sf12j2_kafka_rep4_20260612,kafka,sb-events-s3_s2sf12j2_kafka_rep4_20260612,acbad204-8bb9-4133-bd15-3ca49cf3d0ff,3895095,416,8686567500,8686567900
s3_s2sf12j2_kafka_rep4_20260612,kafka,sb-events-s3_s2sf12j2_kafka_rep4_20260612,77733bfd-5fe1-4fc9-9c9f-9196f8190a56,3895121,416,8688086500,8688086800
s3_s2sf12j2_kafka_rep4_20260612,kafka,sb-events-s3_s2sf12j2_kafka_rep4_20260612,9bd4cae3-7820-4dd3-9240-d120514b0bc7,3895060,416,8690347400,8690347800
s3_s2sf12j2_kafka_rep4_20260612,kafka,sb-events-s3_s2sf12j2_kafka_rep4_20260612,f8ca4154-43b3-48ed-b553-1cf184ec1038,3895060,416,8692450200,8692450800
s3_s2sf12j2_kafka_rep4_20260612,kafka,sb-events-s3_s2sf12j2_kafka_rep4_20260612,b34b9ac5-3ae8-40ba-9a82-3869f19685e6,3895060,416,8694553600,8694554100
s3_s2sf12j2_kafka_rep4_20260612,kafka,sb-events-s3_s2sf12j2_kafka_rep4_20260612,feec5db4-0f06-4355-8a54-70eb4f6b6dc3,3895060,416,8696583700,8696584100
s3_s2sf12j2_kafka_rep4_20260612,kafka,sb-events-s3_s2sf12j2_kafka_rep4_20260612,65e1d14d-aa22-4c4c-b1ce-1537efd7439d,3895060,416,8698836600,8698836800
s3_s2sf12j2_kafka_rep4_20260612,kafka,sb-events-s3_s2sf12j2_kafka_rep4_20260612,65e1d14d-aa22-4c4c-b1ce-1537efd7439d__rev2,3895060,416,8702165300,8702165800
s3_s2sf12j2_kafka_rep4_20260612,kafka,sb-events-s3_s2sf12j2_kafka_rep4_20260612,908f957e-04f1-48fb-8e99-287395ea1faa,3895052,416,8702218000,8702218400
s3_s2sf12j2_kafka_rep4_20260612,kafka,sb-events-s3_s2sf12j2_kafka_rep4_20260612,a55fbea5-23f7-4ebe-b0a3-0317649ece33,3895052,416,8703743500,8703743800
s3_s2sf12j2_kafka_rep4_20260612,kafka,sb-events-s3_s2sf12j2_kafka_rep4_20260612,fbe5b36f-ffec-4d50-a29c-b27c8ca90566,3895113,416,8705944100,8705944300
s3_s2sf12j2_kafka_rep4_20260612,kafka,sb-events-s3_s2sf12j2_kafka_rep4_20260612,77203fc8-8554-443f-ad87-073950296d0f,3895113,416,8707951900,8707952100
s3_s2sf12j2_kafka_rep4_20260612,kafka,sb-events-s3_s2sf12j2_kafka_rep4_20260612,bbda0fd5-ae9d-49a1-8b96-adbc5fb7e2de,3895113,416,8710312600,8710313000
s3_s2sf12j2_kafka_rep4_20260612,kafka,sb-events-s3_s2sf12j2_kafka_rep4_20260612,f602af13-6e83-4f6c-9be4-43b87393fb88,3895095,417,8712050200,8712050500
s3_s2sf12j2_kafka_rep4_20260612,kafka,sb-events-s3_s2sf12j2_kafka_rep4_20260612,c8a4f65e-de16-4a55-8fea-5000bb592df9,3895095,417,8713667100,8713667600
s3_s2sf12j2_kafka_rep4_20260612,kafka,sb-events-s3_s2sf12j2_kafka_rep4_20260612,7c182b15-333f-4814-a1c6-d792e20b8ccc,3895121,417,8715328000,8715328400
s3_s2sf12j2_kafka_rep4_20260612,kafka,sb-events-s3_s2sf12j2_kafka_rep4_20260612,5138cd1b-110a-4921-b1a7-c909e6d0595d,3895121,417,8716898700,8716899000
s3_s2sf12j2_kafka_rep4_20260612,kafka,sb-events-s3_s2sf12j2_kafka_rep4_20260612,06b004be-3024-46a5-b7d6-bfde9decffc6,3895121,417,8718688300,8718688600
s3_s2sf12j2_kafka_rep4_20260612,kafka,sb-events-s3_s2sf12j2_kafka_rep4_20260612,475f9dcb-bb4b-40c5-a86a-34371bdd6335,3895067,417,8720441100,8720441300
s3_s2sf12j2_kafka_rep4_20260612,kafka,sb-events-s3_s2sf12j2_kafka_rep4_20260612,79751425-951b-446f-b337-7b354c42acaf,3895107,417,8722499500,8722499800
s3_s2sf12j2_kafka_rep4_20260612,kafka,sb-events-s3_s2sf12j2_kafka_rep4_20260612,bee45a1b-7555-4637-bb99-33137194ec5a,3895107,417,8724329000,8724329400
s3_s2sf12j2_kafka_rep4_20260612,kafka,sb-events-s3_s2sf12j2_kafka_rep4_20260612,257932ed-8347-4039-8c47-79fce70b8520,3895113,417,8725705300,8725705600
s3_s2sf12j2_kafka_rep4_20260612,kafka,sb-events-s3_s2sf12j2_kafka_rep4_20260612,358ad0b5-866d-4ca3-a08d-9d5ff6090d45,3895113,417,8727559200,8727559500
s3_s2sf12j2_kafka_rep4_20260612,kafka,sb-events-s3_s2sf12j2_kafka_rep4_20260612,47de5d62-d762-4704-9e04-0d1a9266c1d8,3895095,418,8729716400,8729717000
s3_s2sf12j2_kafka_rep4_20260612,kafka,sb-events-s3_s2sf12j2_kafka_rep4_20260612,8f596fd2-0f57-4e26-a29e-c10996f42f74,3895067,418,8731543700,8731544100
s3_s2sf12j2_kafka_rep4_20260612,kafka,sb-events-s3_s2sf12j2_kafka_rep4_20260612,55b6a5e4-4628-4e20-907f-615515236ec7,3895107,418,8734141000,8734141400
s3_s2sf12j2_kafka_rep4_20260612,kafka,sb-events-s3_s2sf12j2_kafka_rep4_20260612,506ab386-496b-4e13-b497-02c06a45148a,3895107,418,8736230800,8736231200
s3_s2sf12j2_kafka_rep4_20260612,kafka,sb-events-s3_s2sf12j2_kafka_rep4_20260612,7e115206-e835-4e32-8de9-0edc67fe7bf7,3895052,418,8738041300,8738041700
s3_s2sf12j2_kafka_rep4_20260612,kafka,sb-events-s3_s2sf12j2_kafka_rep4_20260612,19832783-f5f6-41ce-ba88-d0b2b263d71f,3895113,418,8739847800,8739848200
s3_s2sf12j2_kafka_rep4_20260612,kafka,sb-events-s3_s2sf12j2_kafka_rep4_20260612,77982580-78a9-484f-a647-0224cba818e8,3895095,419,8741498500,8741498900
s3_s2sf12j2_kafka_rep4_20260612,kafka,sb-events-s3_s2sf12j2_kafka_rep4_20260612,b9184c86-7d6a-44d1-b147-574784daa4f5,3895095,419,8743032300,8743032500
s3_s2sf12j2_kafka_rep4_20260612,kafka,sb-events-s3_s2sf12j2_kafka_rep4_20260612,efbc0cd9-0b72-41cc-a5ec-f62779fd6aca,3895052,419,8744816400,8744816700
s3_s2sf12j2_kafka_rep4_20260612,kafka,sb-events-s3_s2sf12j2_kafka_rep4_20260612,3338f79f-b203-4dc7-83e2-98c37ca8e12f,3895052,419,8746958100,8746958400
s3_s2sf12j2_kafka_rep4_20260612,kafka,sb-events-s3_s2sf12j2_kafka_rep4_20260612,b727a896-9cdc-4334-ab9b-9237d0b76848,3895067,420,8749224900,8749225300
s3_s2sf12j2_kafka_rep4_20260612,kafka,sb-events-s3_s2sf12j2_kafka_rep4_20260612,d7db4f40-1535-4d73-a2f3-a27c78963c8b,3895113,420,8750966900,8750967200
s3_s2sf12j2_kafka_rep4_20260612,kafka,sb-events-s3_s2sf12j2_kafka_rep4_20260612,015aa0ed-4f76-44fb-9aa5-208f77af020b,3895113,420,8752809200,8752809600
s3_s2sf12j2_kafka_rep4_20260612,kafka,sb-events-s3_s2sf12j2_kafka_rep4_20260612,40cf82a5-f894-407d-927a-6998d56f06da,3895095,421,8754349200,8754349500
s3_s2sf12j2_kafka_rep4_20260612,kafka,sb-events-s3_s2sf12j2_kafka_rep4_20260612,10b10ad8-6ae8-4988-83e9-bec12af31813,3895107,421,8755986400,8755986700
s3_s2sf12j2_kafka_rep4_20260612,kafka,sb-events-s3_s2sf12j2_kafka_rep4_20260612,9877fe33-ba1b-4830-81d9-b393db345d2c,3895107,421,8758067100,8758067400
s3_s2sf12j2_kafka_rep4_20260612,kafka,sb-events-s3_s2sf12j2_kafka_rep4_20260612,e6867187-7dcc-4683-b53d-39f1dbde94fa,3895107,421,8759853000,8759853300
s3_s2sf12j2_kafka_rep4_20260612,kafka,sb-events-s3_s2sf12j2_kafka_rep4_20260612,f68b6b3e-82e4-4c96-a859-9bd2f822111b,3895113,421,8762266100,8762266500
s3_s2sf12j2_kafka_rep4_20260612,kafka,sb-events-s3_s2sf12j2_kafka_rep4_20260612,ed40601f-a3a5-4d32-a87b-ff24e0302022,3895113,421,8764230300,8764230600
s3_s2sf12j2_kafka_rep4_20260612,kafka,sb-events-s3_s2sf12j2_kafka_rep4_20260612,d4556014-5256-4e1e-9a08-39c118c98ca6,3895113,421,8765815700,8765815900
s3_s2sf12j2_kafka_rep4_20260612,kafka,sb-events-s3_s2sf12j2_kafka_rep4_20260612,8529bde3-983c-4025-8ba6-848af3117801,3895095,422,8767466900,8767467200
s3_s2sf12j2_kafka_rep4_20260612,kafka,sb-events-s3_s2sf12j2_kafka_rep4_20260612,5adeab2c-b652-4898-972d-0086e866cc09,3895095,422,8769084700,8769084900
s3_s2sf12j2_kafka_rep4_20260612,kafka,sb-events-s3_s2sf12j2_kafka_rep4_20260612,87e4711a-1ca3-4370-8bb9-3a00caab8c51,3895067,422,8770627200,8770627500
s3_s2sf12j2_kafka_rep4_20260612,kafka,sb-events-s3_s2sf12j2_kafka_rep4_20260612,b26a8a32-8c02-4a46-b785-68a3b34e4e67,3895067,422,8772576100,8772576400
s3_s2sf12j2_kafka_rep4_20260612,kafka,sb-events-s3_s2sf12j2_kafka_rep4_20260612,e09f814d-e43c-42ee-882c-6d000acf6c73,3895067,422,8775342400,8775342700
s3_s2sf12j2_kafka_rep4_20260612,kafka,sb-events-s3_s2sf12j2_kafka_rep4_20260612,c6a68a89-8e28-4787-8071-ee2238f7ec12,3895052,422,8777685900,8777686200
s3_s2sf12j2_kafka_rep4_20260612,kafka,sb-events-s3_s2sf12j2_kafka_rep4_20260612,5d544481-3697-4ed7-a614-f9fb9c1edfb8,3895113,422,8779759500,8779759800
s3_s2sf12j2_kafka_rep4_20260612,kafka,sb-events-s3_s2sf12j2_kafka_rep4_20260612,bca77d47-f9f8-4766-a34a-08c172eda3d0,3895095,423,8781449900,8781450300
s3_s2sf12j2_kafka_rep4_20260612,kafka,sb-events-s3_s2sf12j2_kafka_rep4_20260612,7fc08a97-ce61-4425-a1eb-646252e6271c,3895052,423,8783359500,8783359700
s3_s2sf12j2_kafka_rep4_20260612,kafka,sb-events-s3_s2sf12j2_kafka_rep4_20260612,84383b5d-c08c-4020-9b5e-aa636c93380a,3895052,423,8785433400,8785433700
s3_s2sf12j2_kafka_rep4_20260612,kafka,sb-events-s3_s2sf12j2_kafka_rep4_20260612,f25310be-8808-45cf-857a-24465bb05552,3895095,424,8787293700,8787294100
s3_s2sf12j2_kafka_rep4_20260612,kafka,sb-events-s3_s2sf12j2_kafka_rep4_20260612,fbb22634-7438-4151-b9b1-0b834c52ed57,3895095,424,8789332900,8789333300
s3_s2sf12j2_kafka_rep4_20260612,kafka,sb-events-s3_s2sf12j2_kafka_rep4_20260612,c5a7dbce-13fb-43cc-9479-381d93382113,3895121,424,8791010300,8791010700
s3_s2sf12j2_kafka_rep4_20260612,kafka,sb-events-s3_s2sf12j2_kafka_rep4_20260612,e002fe65-6625-4378-b5fd-1f8f4795d3ea,3895060,424,8792314600,8792314900
s3_s2sf12j2_kafka_rep4_20260612,kafka,sb-events-s3_s2sf12j2_kafka_rep4_20260612,84c3bc58-acea-4433-a077-bb93b993e54b,3895067,424,8794395400,8794395700
s3_s2sf12j2_kafka_rep4_20260612,kafka,sb-events-s3_s2sf12j2_kafka_rep4_20260612,1bf883fe-4aac-4e50-8ad4-b5911f1b9233,3895067,424,8796982800,8796983300
s3_s2sf12j2_kafka_rep4_20260612,kafka,sb-events-s3_s2sf12j2_kafka_rep4_20260612,84c3bc58-acea-4433-a077-bb93b993e54b__rev2,3895067,424,8797098300,8797098700
s3_s2sf12j2_kafka_rep4_20260612,kafka,sb-events-s3_s2sf12j2_kafka_rep4_20260612,9285db92-2f24-4ad4-8435-b60db43df8ee,3895067,424,8798913700,8798914000
s3_s2sf12j2_kafka_rep4_20260612,kafka,sb-events-s3_s2sf12j2_kafka_rep4_20260612,b12df8ae-5e7d-43a2-b8fc-04658119dd5f,3895107,424,8801443100,8801443600
s3_s2sf12j2_kafka_rep4_20260612,kafka,sb-events-s3_s2sf12j2_kafka_rep4_20260612,6d8088a4-2f31-4bbd-a6f1-865d876a4f1b,3895107,424,8802922300,8802922600
s3_s2sf12j2_kafka_rep4_20260612,kafka,sb-events-s3_s2sf12j2_kafka_rep4_20260612,e03b541a-0128-4a89-a779-ec9e04af45f2,3895095,425,8805263700,8805264100
s3_s2sf12j2_kafka_rep4_20260612,kafka,sb-events-s3_s2sf12j2_kafka_rep4_20260612,d406f4e2-df35-4eab-9aaa-ccb6a52802ae,3895095,425,8807724900,8807725200
s3_s2sf12j2_kafka_rep4_20260612,kafka,sb-events-s3_s2sf12j2_kafka_rep4_20260612,38bd0c04-893f-4c29-9619-699c2924da1c,3895060,425,8809775300,8809775700
s3_s2sf12j2_kafka_rep4_20260612,kafka,sb-events-s3_s2sf12j2_kafka_rep4_20260612,fd39eb14-b6ea-432b-a902-c9553ce0bc59,3895067,425,8811414800,8811415200
s3_s2sf12j2_kafka_rep4_20260612,kafka,sb-events-s3_s2sf12j2_kafka_rep4_20260612,57f01443-fba4-49b5-b44a-65824bf6fa3f,3895067,425,8813192200,8813192600
s3_s2sf12j2_kafka_rep4_20260612,kafka,sb-events-s3_s2sf12j2_kafka_rep4_20260612,45e701be-e227-45fb-b099-b50b01715efa,3895113,425,8815256900,8815257400
s3_s2sf12j2_kafka_rep4_20260612,kafka,sb-events-s3_s2sf12j2_kafka_rep4_20260612,ce661350-9ba1-4054-9861-89dbd8320148,3895095,426,8816740200,8816740600
s3_s2sf12j2_kafka_rep4_20260612,kafka,sb-events-s3_s2sf12j2_kafka_rep4_20260612,177113c4-7f09-49b2-8275-501bbab8296b,3895121,426,8818199900,8818200200
s3_s2sf12j2_kafka_rep4_20260612,kafka,sb-events-s3_s2sf12j2_kafka_rep4_20260612,8c0a0745-671c-4ff3-94a5-67e1588a7133,3895121,426,8819603600,8819604000
s3_s2sf12j2_kafka_rep4_20260612,kafka,sb-events-s3_s2sf12j2_kafka_rep4_20260612,637250a5-80b7-442b-96f3-e6dd79f6435b,3895107,426,8821245600,8821245900
s3_s2sf12j2_kafka_rep4_20260612,kafka,sb-events-s3_s2sf12j2_kafka_rep4_20260612,dd28b9b3-01c4-4d13-a89a-9d4dfa958bf0,3895107,426,8822916100,8822916700
s3_s2sf12j2_kafka_rep4_20260612,kafka,sb-events-s3_s2sf12j2_kafka_rep4_20260612,3deee1c7-7081-4932-afe5-029c6365c89e,3895052,426,8824834900,8824835300
s3_s2sf12j2_kafka_rep4_20260612,kafka,sb-events-s3_s2sf12j2_kafka_rep4_20260612,8ae6bdb2-c24b-4ed0-983c-e939993c6742,3895113,426,8826337300,8826337700
s3_s2sf12j2_kafka_rep4_20260612,kafka,sb-events-s3_s2sf12j2_kafka_rep4_20260612,c92066a9-da65-499a-bd0a-e88faacd1e16,3895113,426,8828366500,8828367000
s3_s2sf12j2_kafka_rep4_20260612,kafka,sb-events-s3_s2sf12j2_kafka_rep4_20260612,6edc63ff-2dda-4fc8-ba14-ae9912b3209e,3895113,426,8829970600,8829971000
s3_s2sf12j2_kafka_rep4_20260612,kafka,sb-events-s3_s2sf12j2_kafka_rep4_20260612,db9d84fd-432f-4f42-b473-d4b609bf7918,3895095,427,8831192500,8831193000
s3_s2sf12j2_kafka_rep4_20260612,kafka,sb-events-s3_s2sf12j2_kafka_rep4_20260612,fb60ad6e-542e-4749-a9be-645d710a0c12,3895095,427,8832603000,8832603400
s3_s2sf12j2_kafka_rep4_20260612,kafka,sb-events-s3_s2sf12j2_kafka_rep4_20260612,48b2c580-fcfb-42ea-b767-e9832aa833dd,3895107,427,8833770000,8833770300
s3_s2sf12j2_kafka_rep4_20260612,kafka,sb-events-s3_s2sf12j2_kafka_rep4_20260612,0a603bab-8f62-4b61-a69e-89540ece0633,3895052,427,8835342200,8835342500
s3_s2sf12j2_kafka_rep4_20260612,kafka,sb-events-s3_s2sf12j2_kafka_rep4_20260612,2fa6a61d-2459-4a0f-b59f-4886fe4f5ea0,3895052,427,8836986200,8836986700
s3_s2sf12j2_kafka_rep4_20260612,kafka,sb-events-s3_s2sf12j2_kafka_rep4_20260612,ea0c80fe-688f-4973-ace6-d2ce2684a1d8,3895095,428,8838510000,8838510300
s3_s2sf12j2_kafka_rep4_20260612,kafka,sb-events-s3_s2sf12j2_kafka_rep4_20260612,4bb72644-890a-40bb-bcba-ce5cd5eed663,3895095,428,8840608900,8840609100
s3_s2sf12j2_kafka_rep4_20260612,kafka,sb-events-s3_s2sf12j2_kafka_rep4_20260612,def67e64-947f-422a-853c-70648bdf0bfc,3895113,428,8842887300,8842887700
s3_s2sf12j2_kafka_rep4_20260612,kafka,sb-events-s3_s2sf12j2_kafka_rep4_20260612,11f4dd85-d69a-4211-b9be-7e11aa409a6d,3895113,428,8844325500,8844325900
s3_s2sf12j2_kafka_rep4_20260612,kafka,sb-events-s3_s2sf12j2_kafka_rep4_20260612,b66a86fd-1b53-4985-b277-9512f9a82a1d,3895095,429,8845857200,8845857500
s3_s2sf12j2_kafka_rep4_20260612,kafka,sb-events-s3_s2sf12j2_kafka_rep4_20260612,e3332417-1d5d-4f0b-860a-8177361a7898,3895095,429,8847581300,8847581700
s3_s2sf12j2_kafka_rep4_20260612,kafka,sb-events-s3_s2sf12j2_kafka_rep4_20260612,fdad131f-38c4-4a0d-ac58-0a8bfc15a8ef,3895121,429,8849167500,8849167900
s3_s2sf12j2_kafka_rep4_20260612,kafka,sb-events-s3_s2sf12j2_kafka_rep4_20260612,8db5b84a-4efe-4569-99d8-5fdbe4823787,3895067,429,8851081000,8851081500
s3_s2sf12j2_kafka_rep4_20260612,kafka,sb-events-s3_s2sf12j2_kafka_rep4_20260612,034a278a-8f57-4670-8cf0-1b6dabc19014,3895107,429,8852799800,8852800200
s3_s2sf12j2_kafka_rep4_20260612,kafka,sb-events-s3_s2sf12j2_kafka_rep4_20260612,dfd27999-52a4-42b8-a6e5-424cb70e1484,3895107,429,8854830200,8854830500
s3_s2sf12j2_kafka_rep4_20260612,kafka,sb-events-s3_s2sf12j2_kafka_rep4_20260612,f96ae738-f917-46ca-9d54-9b60a348efb3,3895113,429,8856423400,8856423700
s3_s2sf12j2_kafka_rep4_20260612,kafka,sb-events-s3_s2sf12j2_kafka_rep4_20260612,ce31adac-f711-4460-a18e-e56195878998,3895113,429,8858263700,8858264000
s3_s2sf12j2_kafka_rep4_20260612,kafka,sb-events-s3_s2sf12j2_kafka_rep4_20260612,055732f8-40e1-47fb-a7ee-fd5a32d596d8,3895095,430,8859904500,8859904800
s3_s2sf12j2_kafka_rep4_20260612,kafka,sb-events-s3_s2sf12j2_kafka_rep4_20260612,262e08cf-dc35-4ef4-a9a2-6cc6df40b750,3895060,430,8862018000,8862018300
s3_s2sf12j2_kafka_rep4_20260612,kafka,sb-events-s3_s2sf12j2_kafka_rep4_20260612,c19ac7f5-1244-40b2-a581-211b2f547dfb,3895067,430,8863998100,8863998500
s3_s2sf12j2_kafka_rep4_20260612,kafka,sb-events-s3_s2sf12j2_kafka_rep4_20260612,9db4ba45-346b-4c43-ac9b-5404abb4bad5,3895067,430,8865858800,8865859100
s3_s2sf12j2_kafka_rep4_20260612,kafka,sb-events-s3_s2sf12j2_kafka_rep4_20260612,144bfef4-ffc4-4f45-9ae2-1b0a02eb9661,3895107,430,8867970600,8867971200
s3_s2sf12j2_kafka_rep4_20260612,kafka,sb-events-s3_s2sf12j2_kafka_rep4_20260612,1d710c2e-cbc2-432b-9bf8-43caf966b015,3895113,430,8869824600,8869825000
s3_s2sf12j2_kafka_rep4_20260612,kafka,sb-events-s3_s2sf12j2_kafka_rep4_20260612,4a6581a9-0412-4587-8dc0-4ffe46c29171,3895095,431,8871700500,8871700800
s3_s2sf12j2_kafka_rep4_20260612,kafka,sb-events-s3_s2sf12j2_kafka_rep4_20260612,32187eb7-eedb-4e12-a898-a7d56d3b68a6,3895095,431,8873653500,8873653800
s3_s2sf12j2_kafka_rep4_20260612,kafka,sb-events-s3_s2sf12j2_kafka_rep4_20260612,6f6abba1-714f-4452-95ed-dd6cc46b399b,3895121,431,8875231800,8875232000
s3_s2sf12j2_kafka_rep4_20260612,kafka,sb-events-s3_s2sf12j2_kafka_rep4_20260612,bb21425a-e4f4-4be2-8056-cf17dd2b881e,3895121,431,8876687100,8876687400
s3_s2sf12j2_kafka_rep4_20260612,kafka,sb-events-s3_s2sf12j2_kafka_rep4_20260612,ac1f6adf-b947-4def-8356-a26808cfdd55,3895060,431,8878459300,8878459800
s3_s2sf12j2_kafka_rep4_20260612,kafka,sb-events-s3_s2sf12j2_kafka_rep4_20260612,9354de97-1691-4640-b8dc-a3a4aac7f3f2,3895060,431,8880321800,8880322100
s3_s2sf12j2_kafka_rep4_20260612,kafka,sb-events-s3_s2sf12j2_kafka_rep4_20260612,e3014085-76db-4cd3-996c-114a6765ff2b,3895060,431,8882542700,8882543200
s3_s2sf12j2_kafka_rep4_20260612,kafka,sb-events-s3_s2sf12j2_kafka_rep4_20260612,e3632c7d-6f54-4e9e-9d94-3e205aa61725,3895060,431,8884302800,8884303000
s3_s2sf12j2_kafka_rep4_20260612,kafka,sb-events-s3_s2sf12j2_kafka_rep4_20260612,54cc941c-73bd-49d2-96ac-b1524e6e9c73,3895067,431,8887070500,8887070900
s3_s2sf12j2_kafka_rep4_20260612,kafka,sb-events-s3_s2sf12j2_kafka_rep4_20260612,e3632c7d-6f54-4e9e-9d94-3e205aa61725__rev2,3895060,431,8887109500,8887109700
s3_s2sf12j2_kafka_rep4_20260612,kafka,sb-events-s3_s2sf12j2_kafka_rep4_20260612,4479164d-0996-42af-9f05-6b6463406836,3895107,431,8889092700,8889093100
s3_s2sf12j2_kafka_rep4_20260612,kafka,sb-events-s3_s2sf12j2_kafka_rep4_20260612,e8d5b618-cd87-489d-ba58-f5bc4dc905f4,3895107,431,8890670300,8890670600
s3_s2sf12j2_kafka_rep4_20260612,kafka,sb-events-s3_s2sf12j2_kafka_rep4_20260612,8676e2f7-a190-45a5-811d-d2ec168d652b,3895107,431,8892879700,8892880000
s3_s2sf12j2_kafka_rep4_20260612,kafka,sb-events-s3_s2sf12j2_kafka_rep4_20260612,f2705ddd-761e-4696-add2-9450c946b2d2,3895107,431,8894756900,8894757100
s3_s2sf12j2_kafka_rep4_20260612,kafka,sb-events-s3_s2sf12j2_kafka_rep4_20260612,8fa44da0-9f33-4997-a61a-cd790ade4ac0,3895107,431,8896304500,8896304800
s3_s2sf12j2_kafka_rep4_20260612,kafka,sb-events-s3_s2sf12j2_kafka_rep4_20260612,5ac3b939-8489-44ae-8196-d90c071a4e2b,3895113,431,8898186700,8898187000
s3_s2sf12j2_kafka_rep4_20260612,kafka,sb-events-s3_s2sf12j2_kafka_rep4_20260612,b3e61b06-ad2b-4430-b01f-2bae1332dc42,3895113,431,8899717700,8899718000
s3_s2sf12j2_kafka_rep4_20260612,kafka,sb-events-s3_s2sf12j2_kafka_rep4_20260612,96005594-9251-40b6-8a5a-9336a35101e4,3895113,431,8901313400,8901313700
s3_s2sf12j2_kafka_rep4_20260612,kafka,sb-events-s3_s2sf12j2_kafka_rep4_20260612,88d4aea8-b87a-4fd2-b153-f3537ba33b68,3895095,432,8902856800,8902857100
s3_s2sf12j2_kafka_rep4_20260612,kafka,sb-events-s3_s2sf12j2_kafka_rep4_20260612,c1fa473a-9e1c-4633-a285-8c1741fb4574,3895095,432,8904813100,8904813400
s3_s2sf12j2_kafka_rep4_20260612,kafka,sb-events-s3_s2sf12j2_kafka_rep4_20260612,9bbddf36-ac73-4aa3-a031-94e75138231f,3895095,432,8907114000,8907114300
s3_s2sf12j2_kafka_rep4_20260612,kafka,sb-events-s3_s2sf12j2_kafka_rep4_20260612,c7dde75e-004e-46b4-a795-8a30d801b6bb,3895060,432,8909383400,8909383700
s3_s2sf12j2_kafka_rep4_20260612,kafka,sb-events-s3_s2sf12j2_kafka_rep4_20260612,df18bfeb-46df-479c-a423-b135de585619,3895060,432,8911062100,8911062400
s3_s2sf12j2_kafka_rep4_20260612,kafka,sb-events-s3_s2sf12j2_kafka_rep4_20260612,129db130-d09b-4e91-a358-7ac06bac952e,3895067,432,8912724300,8912724600
s3_s2sf12j2_kafka_rep4_20260612,kafka,sb-events-s3_s2sf12j2_kafka_rep4_20260612,48add514-4b91-4a5b-94f3-9870629eb0aa,3895113,432,8914360800,8914361200
s3_s2sf12j2_kafka_rep4_20260612,kafka,sb-events-s3_s2sf12j2_kafka_rep4_20260612,493545a5-6aa4-4023-9420-46007b1a3ce8,3895095,433,8916003300,8916003700
s3_s2sf12j2_kafka_rep4_20260612,kafka,sb-events-s3_s2sf12j2_kafka_rep4_20260612,b1ab7cf7-adff-4370-914b-ba4be232fd2e,3895095,433,8917837800,8917838200
s3_s2sf12j2_kafka_rep4_20260612,kafka,sb-events-s3_s2sf12j2_kafka_rep4_20260612,b49dcd3c-6f29-40c3-87a1-111f4b10edcc,3895067,433,8919535400,8919535600
s3_s2sf12j2_kafka_rep4_20260612,kafka,sb-events-s3_s2sf12j2_kafka_rep4_20260612,b7adec60-6c24-4fa4-85f1-e8d69d928fc4,3895067,433,8921343000,8921343400
s3_s2sf12j2_kafka_rep4_20260612,kafka,sb-events-s3_s2sf12j2_kafka_rep4_20260612,5dc3eb73-6e81-4402-903c-91723503a97b,3895113,433,8923044700,8923045000
s3_s2sf12j2_kafka_rep4_20260612,kafka,sb-events-s3_s2sf12j2_kafka_rep4_20260612,848557c8-e3b0-4304-8e75-0f092d5f538b,3895113,433,8924910500,8924910800
s3_s2sf12j2_kafka_rep4_20260612,kafka,sb-events-s3_s2sf12j2_kafka_rep4_20260612,b96fac13-833d-4317-bdd8-27039d4efe4c,3895121,434,8926735400,8926735800
s3_s2sf12j2_kafka_rep4_20260612,kafka,sb-events-s3_s2sf12j2_kafka_rep4_20260612,2785f3be-29b1-4860-9818-3d324c7c8513,3895067,434,8928432900,8928433300
s3_s2sf12j2_kafka_rep4_20260612,kafka,sb-events-s3_s2sf12j2_kafka_rep4_20260612,7411ec5f-a392-46c2-b39a-a6ce300040ce,3895134,434,8930219500,8930219700
s3_s2sf12j2_kafka_rep4_20260612,kafka,sb-events-s3_s2sf12j2_kafka_rep4_20260612,355b84ac-ece7-446f-8ebd-0c8ed6bdef6b,3895095,435,8931830800,8931831000
s3_s2sf12j2_kafka_rep4_20260612,kafka,sb-events-s3_s2sf12j2_kafka_rep4_20260612,d69457d5-e8ea-465a-b7bd-fb5f43c24a86,3895121,435,8934117400,8934117900
s3_s2sf12j2_kafka_rep4_20260612,kafka,sb-events-s3_s2sf12j2_kafka_rep4_20260612,4b2ad3a7-763e-40ec-920b-ecc3295c0b46,3895121,435,8936061800,8936062200
s3_s2sf12j2_kafka_rep4_20260612,kafka,sb-events-s3_s2sf12j2_kafka_rep4_20260612,094fe689-aadc-4af2-ae32-ef2095f0332c,3895060,435,8938304100,8938304600
s3_s2sf12j2_kafka_rep4_20260612,kafka,sb-events-s3_s2sf12j2_kafka_rep4_20260612,d9c29d58-b124-4bfd-ab19-425feb9af87e,3895067,435,8939956000,8939956400
s3_s2sf12j2_kafka_rep4_20260612,kafka,sb-events-s3_s2sf12j2_kafka_rep4_20260612,727c58ca-fe98-4f29-ab91-bc46259c9b71,3895067,435,8941389300,8941389600
s3_s2sf12j2_kafka_rep4_20260612,kafka,sb-events-s3_s2sf12j2_kafka_rep4_20260612,ed0b9f44-e15b-427c-8d2b-d97f55fdc7c7,3895086,435,8943045700,8943046100
s3_s2sf12j2_kafka_rep4_20260612,kafka,sb-events-s3_s2sf12j2_kafka_rep4_20260612,16a56046-af8d-4ba3-b3dc-43de66273854,3895113,435,8945043800,8945044100
s3_s2sf12j2_kafka_rep4_20260612,kafka,sb-events-s3_s2sf12j2_kafka_rep4_20260612,475b1c6c-47d5-4a80-9b4c-72f2fcb41fd7,3895095,436,8946501100,8946501400
s3_s2sf12j2_kafka_rep4_20260612,kafka,sb-events-s3_s2sf12j2_kafka_rep4_20260612,16e5ad03-7768-454a-804c-08564ee079f7,3895060,436,8949045400,8949045800
s3_s2sf12j2_kafka_rep4_20260612,kafka,sb-events-s3_s2sf12j2_kafka_rep4_20260612,3bd62e95-05b6-4e65-9231-39e838eb8842,3895060,436,8950497300,8950497600
s3_s2sf12j2_kafka_rep4_20260612,kafka,sb-events-s3_s2sf12j2_kafka_rep4_20260612,f44ae8ce-cef1-43b4-9e4a-4b72af18ec99,3895134,436,8952231300,8952231600
s3_s2sf12j2_kafka_rep4_20260612,kafka,sb-events-s3_s2sf12j2_kafka_rep4_20260612,ef287494-52f4-4aca-906e-c1edce19b58f,3895086,436,8953865100,8953865400
s3_s2sf12j2_kafka_rep4_20260612,kafka,sb-events-s3_s2sf12j2_kafka_rep4_20260612,5c4bb60c-b1ec-43bd-859f-01a372519ccf,3895086,436,8955507600,8955507900
s3_s2sf12j2_kafka_rep4_20260612,kafka,sb-events-s3_s2sf12j2_kafka_rep4_20260612,8197e381-d8c3-4fb0-b801-b3ba90fd20c9,3895086,436,8957147400,8957147700
s3_s2sf12j2_kafka_rep4_20260612,kafka,sb-events-s3_s2sf12j2_kafka_rep4_20260612,5dfbc264-25d2-487c-9d6d-f52626ebe7fc,3895113,436,8958782400,8958782700
s3_s2sf12j2_kafka_rep4_20260612,kafka,sb-events-s3_s2sf12j2_kafka_rep4_20260612,0157e06e-c1f4-45e2-a345-3750b06b9a5c,3895113,436,8960627500,8960627700
s3_s2sf12j2_kafka_rep4_20260612,kafka,sb-events-s3_s2sf12j2_kafka_rep4_20260612,1f541b89-a6a6-4c92-ba55-71f3897550dd,3895113,436,8962491300,8962491900
s3_s2sf12j2_kafka_rep4_20260612,kafka,sb-events-s3_s2sf12j2_kafka_rep4_20260612,6498dc6b-e7de-41bf-b7f0-cf3bf49be188,3895113,436,8963821600,8963821900
s3_s2sf12j2_kafka_rep4_20260612,kafka,sb-events-s3_s2sf12j2_kafka_rep4_20260612,4549fc3e-e957-4689-839b-57471879a085,3895113,436,8965709400,8965709700
s3_s2sf12j2_kafka_rep4_20260612,kafka,sb-events-s3_s2sf12j2_kafka_rep4_20260612,da84b5d9-2277-482a-9361-1c1aa276c423,3895095,437,8967193000,8967193200
s3_s2sf12j2_kafka_rep4_20260612,kafka,sb-events-s3_s2sf12j2_kafka_rep4_20260612,a2940536-baaa-4a93-b5f2-41362dd74f23,3895095,437,8968617000,8968617200
s3_s2sf12j2_kafka_rep4_20260612,kafka,sb-events-s3_s2sf12j2_kafka_rep4_20260612,5fc6d303-5356-4b7c-b25a-8710ac89d84c,3895067,437,8970036700,8970036900
s3_s2sf12j2_kafka_rep4_20260612,kafka,sb-events-s3_s2sf12j2_kafka_rep4_20260612,caef0d3c-5341-4407-976e-c3670c999ab1,3895113,437,8971341800,8971342100
s3_s2sf12j2_kafka_rep4_20260612,kafka,sb-events-s3_s2sf12j2_kafka_rep4_20260612,32389334-659a-4a79-afea-97290dcd3df4,3895121,438,8973108200,8973108600
s3_s2sf12j2_kafka_rep4_20260612,kafka,sb-events-s3_s2sf12j2_kafka_rep4_20260612,a12e9638-29c2-4c16-9b05-d506cace3264,3895067,438,8975584800,8975585300
s3_s2sf12j2_kafka_rep4_20260612,kafka,sb-events-s3_s2sf12j2_kafka_rep4_20260612,32389334-659a-4a79-afea-97290dcd3df4__rev2,3895121,438,8975633300,8975633700
s3_s2sf12j2_kafka_rep4_20260612,kafka,sb-events-s3_s2sf12j2_kafka_rep4_20260612,f5ee6a62-e25d-4aa7-af17-199665116373,3895067,438,8977142200,8977142500
s3_s2sf12j2_kafka_rep4_20260612,kafka,sb-events-s3_s2sf12j2_kafka_rep4_20260612,561d6113-04f3-4452-b671-9032cd80905e,3895067,438,8978838100,8978838400
s3_s2sf12j2_kafka_rep4_20260612,kafka,sb-events-s3_s2sf12j2_kafka_rep4_20260612,49dbe2f4-0751-4108-ad6e-e588b879fa5a,3895086,438,8980795400,8980795600
s3_s2sf12j2_kafka_rep4_20260612,kafka,sb-events-s3_s2sf12j2_kafka_rep4_20260612,c0c196e8-3953-48d2-a1f4-b528b36b3bbe,3895086,438,8982323600,8982323800
s3_s2sf12j2_kafka_rep4_20260612,kafka,sb-events-s3_s2sf12j2_kafka_rep4_20260612,b57676ce-ceb6-42b5-b9c8-4c3e8fd7a167,3895086,438,8984273100,8984273600
s3_s2sf12j2_kafka_rep4_20260612,kafka,sb-events-s3_s2sf12j2_kafka_rep4_20260612,15db4ee9-576c-4602-b829-3a8b0029ae3f,3895086,438,8985822800,8985823200
s3_s2sf12j2_kafka_rep4_20260612,kafka,sb-events-s3_s2sf12j2_kafka_rep4_20260612,81ae327d-bfe8-4ecc-9e13-f01f8eb015b5,3895086,438,8987705100,8987705500
s3_s2sf12j2_kafka_rep4_20260612,kafka,sb-events-s3_s2sf12j2_kafka_rep4_20260612,ac0e8f91-6935-42c6-8b8a-415d168f3db6,3895086,438,8989589800,8989590100
s3_s2sf12j2_kafka_rep4_20260612,kafka,sb-events-s3_s2sf12j2_kafka_rep4_20260612,a7c6e74a-6d6c-41a4-ae44-9e7612576432,3895113,438,8991361500,8991361900
s3_s2sf12j2_kafka_rep4_20260612,kafka,sb-events-s3_s2sf12j2_kafka_rep4_20260612,54786c23-e3f1-4fd0-87b7-62544a2c615b,3895113,438,8992751700,8992752100
s3_s2sf12j2_kafka_rep4_20260612,kafka,sb-events-s3_s2sf12j2_kafka_rep4_20260612,58c9c29f-825e-4ae5-adc2-4c56c42203fc,3895113,438,8994159500,8994159800
s3_s2sf12j2_kafka_rep4_20260612,kafka,sb-events-s3_s2sf12j2_kafka_rep4_20260612,eed8e254-afe5-4087-b88b-b654514686d1,3895095,439,8995789800,8995790000
s3_s2sf12j2_kafka_rep4_20260612,kafka,sb-events-s3_s2sf12j2_kafka_rep4_20260612,6c3262eb-6358-4c82-9bc6-d19b80892428,3895134,439,8997495300,8997495800
s3_s2sf12j2_kafka_rep4_20260612,kafka,sb-events-s3_s2sf12j2_kafka_rep4_20260612,b4021d8d-2596-4e17-b9ad-1fce31aa26c1,3895113,439,8999077100,8999077400
s3_s2sf12j2_kafka_rep4_20260612,kafka,sb-events-s3_s2sf12j2_kafka_rep4_20260612,b57a80f6-6577-4585-8c4f-aa9d856fb34c,3895113,439,9000928700,9000928900
s3_s2sf12j2_kafka_rep4_20260612,kafka,sb-events-s3_s2sf12j2_kafka_rep4_20260612,bf0c578a-acae-46b9-86d2-5fe7717aedf5,3895060,440,9002988400,9002988800
s3_s2sf12j2_kafka_rep4_20260612,kafka,sb-events-s3_s2sf12j2_kafka_rep4_20260612,1cac3f24-2470-474a-955f-69cb2e1055e9,3895107,440,9004536300,9004536700
s3_s2sf12j2_kafka_rep4_20260612,kafka,sb-events-s3_s2sf12j2_kafka_rep4_20260612,7f8fbb4a-859a-4498-a068-acc86d0f8856,3895067,440,9006165400,9006165900
s3_s2sf12j2_kafka_rep4_20260612,kafka,sb-events-s3_s2sf12j2_kafka_rep4_20260612,17c63ed8-3b9b-4cc4-a909-7f32a08c6b19,3895134,440,9007487100,9007487400
s3_s2sf12j2_kafka_rep4_20260612,kafka,sb-events-s3_s2sf12j2_kafka_rep4_20260612,573ccd99-4c73-4985-95ff-fc4a86a4537e,3895134,440,9009073700,9009074200
s3_s2sf12j2_kafka_rep4_20260612,kafka,sb-events-s3_s2sf12j2_kafka_rep4_20260612,276b4ddc-bfde-471c-bdd8-a63cbf06dc06,3895086,440,9010840500,9010841000
s3_s2sf12j2_kafka_rep4_20260612,kafka,sb-events-s3_s2sf12j2_kafka_rep4_20260612,155c2683-3f85-4202-b794-c50d7bfa9001,3895095,441,9012730300,9012730600
s3_s2sf12j2_kafka_rep4_20260612,kafka,sb-events-s3_s2sf12j2_kafka_rep4_20260612,7bb6ab27-9e46-4f44-a939-cd2ac5b39d0f,3895095,441,9015009100,9015009500
s3_s2sf12j2_kafka_rep4_20260612,kafka,sb-events-s3_s2sf12j2_kafka_rep4_20260612,debe42e1-fcee-4d18-99c0-f55cb04cda73,3895060,441,9017158600,9017175600
s3_s2sf12j2_kafka_rep4_20260612,kafka,sb-events-s3_s2sf12j2_kafka_rep4_20260612,b095329c-74b5-413f-b09c-1ba29e158ce4,3895060,441,9019192500,9019192800
s3_s2sf12j2_kafka_rep4_20260612,kafka,sb-events-s3_s2sf12j2_kafka_rep4_20260612,10ee04cb-590d-4be1-929a-6e72ad04d538,3895086,441,9021289000,9021289500
s3_s2sf12j2_kafka_rep4_20260612,kafka,sb-events-s3_s2sf12j2_kafka_rep4_20260612,d0793566-ef87-45a9-b8df-39566408c616,3895086,441,9023050500,9023050800
s3_s2sf12j2_kafka_rep4_20260612,kafka,sb-events-s3_s2sf12j2_kafka_rep4_20260612,2603eb58-dc66-440e-80b4-a21ab04676c6,3895086,441,9024763900,9024764400
s3_s2sf12j2_kafka_rep4_20260612,kafka,sb-events-s3_s2sf12j2_kafka_rep4_20260612,f7cdedca-990f-4f4b-b29b-f4848481672b,3895086,441,9027076100,9027076600
s3_s2sf12j2_kafka_rep4_20260612,kafka,sb-events-s3_s2sf12j2_kafka_rep4_20260612,a4fdb17e-ae9b-4d1b-bd4c-96772d2bd8db,3895113,441,9029274000,9029274200
s3_s2sf12j2_kafka_rep4_20260612,kafka,sb-events-s3_s2sf12j2_kafka_rep4_20260612,57655f7e-e071-4ff5-9255-f63989011827,3895060,442,9031303000,9031303300
s3_s2sf12j2_kafka_rep4_20260612,kafka,sb-events-s3_s2sf12j2_kafka_rep4_20260612,e1b42cb7-e3de-4d0a-89d9-228422727114,3895060,442,9033250800,9033251200
s3_s2sf12j2_kafka_rep4_20260612,kafka,sb-events-s3_s2sf12j2_kafka_rep4_20260612,25b4bb1b-a95f-497f-96ee-bb64921c9241,3895060,442,9035050200,9035050400
s3_s2sf12j2_kafka_rep4_20260612,kafka,sb-events-s3_s2sf12j2_kafka_rep4_20260612,3c7cf69a-6dcf-4920-a925-b6747887a9de,3895107,442,9036960500,9036960800
s3_s2sf12j2_kafka_rep4_20260612,kafka,sb-events-s3_s2sf12j2_kafka_rep4_20260612,4d7ee021-7a0f-4d1e-81b4-c422c174a305,3895067,442,9038947800,9038948100
s3_s2sf12j2_kafka_rep4_20260612,kafka,sb-events-s3_s2sf12j2_kafka_rep4_20260612,177f1a1c-3da7-4345-a27b-c65a62441aab,3895067,442,9040901000,9040901200
s3_s2sf12j2_kafka_rep4_20260612,kafka,sb-events-s3_s2sf12j2_kafka_rep4_20260612,1effce85-49bb-4ab0-bcfb-fcd223cba3fc,3895095,443,9042821200,9042821500
s3_s2sf12j2_kafka_rep4_20260612,kafka,sb-events-s3_s2sf12j2_kafka_rep4_20260612,2a0b6c1b-2a44-482b-a32f-4d2fbd509c18,3895107,443,9044650600,9044650900
s3_s2sf12j2_kafka_rep4_20260612,kafka,sb-events-s3_s2sf12j2_kafka_rep4_20260612,ee6ed7de-6d67-46a2-8359-071f55d1ce89,3895067,443,9046362700,9046362900
s3_s2sf12j2_kafka_rep4_20260612,kafka,sb-events-s3_s2sf12j2_kafka_rep4_20260612,f0f3d4a7-55e4-4d2c-862d-0acf8e3da349,3895113,443,9048262100,9048262400
s3_s2sf12j2_kafka_rep4_20260612,kafka,sb-events-s3_s2sf12j2_kafka_rep4_20260612,518de82b-2508-4cef-8269-46b7984156f9,3895113,443,9050450200,9050450400
s3_s2sf12j2_kafka_rep4_20260612,kafka,sb-events-s3_s2sf12j2_kafka_rep4_20260612,0fc33c40-b147-4f24-b714-5f4dbb757486,3895095,444,9052231200,9052231700
s3_s2sf12j2_kafka_rep4_20260612,kafka,sb-events-s3_s2sf12j2_kafka_rep4_20260612,3a7824d3-4c69-41ce-94ee-d85fcf98d6da,3895095,444,9054042100,9054042500
s3_s2sf12j2_kafka_rep4_20260612,kafka,sb-events-s3_s2sf12j2_kafka_rep4_20260612,71576952-6aed-4168-87a4-24973b5e67f0,3895095,444,9055493000,9055493400
s3_s2sf12j2_kafka_rep4_20260612,kafka,sb-events-s3_s2sf12j2_kafka_rep4_20260612,8d259d1b-bd1a-4df7-b250-34e8b7170759,3895095,444,9057222400,9057222900
s3_s2sf12j2_kafka_rep4_20260612,kafka,sb-events-s3_s2sf12j2_kafka_rep4_20260612,bcd3a0d5-2ef8-4d48-8c44-e09faf4294c3,3895060,444,9058870700,9058870900
s3_s2sf12j2_kafka_rep4_20260612,kafka,sb-events-s3_s2sf12j2_kafka_rep4_20260612,c9afc7e1-31a4-42c6-9646-6119671515aa,3895060,444,9060562700,9060563000
s3_s2sf12j2_kafka_rep4_20260612,kafka,sb-events-s3_s2sf12j2_kafka_rep4_20260612,88c91ca2-6f51-434a-8971-ab00ddba38d8,3895060,444,9062254600,9062254900
s3_s2sf12j2_kafka_rep4_20260612,kafka,sb-events-s3_s2sf12j2_kafka_rep4_20260612,d2467e7b-3c5e-4492-a63c-c016097205cc,3895060,444,9063838000,9063838300
s3_s2sf12j2_kafka_rep4_20260612,kafka,sb-events-s3_s2sf12j2_kafka_rep4_20260612,d2467e7b-3c5e-4492-a63c-c016097205cc__rev2,3895060,444,9066104000,9066104300
s3_s2sf12j2_kafka_rep4_20260612,kafka,sb-events-s3_s2sf12j2_kafka_rep4_20260612,09f08457-c39f-419b-8a8b-9c9c7b1ecda2,3895060,444,9066148600,9066149000
s3_s2sf12j2_kafka_rep4_20260612,kafka,sb-events-s3_s2sf12j2_kafka_rep4_20260612,b26de741-6a30-4fdf-98c7-a80234e5975a,3895107,444,9068003300,9068003700
s3_s2sf12j2_kafka_rep4_20260612,kafka,sb-events-s3_s2sf12j2_kafka_rep4_20260612,2f12dc48-365a-4eca-8d94-b275e81ded91,3895107,444,9069614700,9069614900
s3_s2sf12j2_kafka_rep4_20260612,kafka,sb-events-s3_s2sf12j2_kafka_rep4_20260612,6d943e3e-6499-44b7-9cd5-c831c1fa6629,3895067,444,9071108100,9071108400
s3_s2sf12j2_kafka_rep4_20260612,kafka,sb-events-s3_s2sf12j2_kafka_rep4_20260612,a6927531-98e9-40bf-9e33-fa40496a5479,3895067,444,9072881700,9072882200
s3_s2sf12j2_kafka_rep4_20260612,kafka,sb-events-s3_s2sf12j2_kafka_rep4_20260612,a56a5487-a30d-4bce-9d39-e18176eac0c3,3895052,444,9074523600,9074523900
s3_s2sf12j2_kafka_rep4_20260612,kafka,sb-events-s3_s2sf12j2_kafka_rep4_20260612,b02147ff-b3d7-4747-84ef-d7fecc8baeac,3895086,444,9076452000,9076452400
s3_s2sf12j2_kafka_rep4_20260612,kafka,sb-events-s3_s2sf12j2_kafka_rep4_20260612,3cad9bbc-9a2a-4132-8e77-3cf66a96fea8,3895086,444,9078308600,9078309000
s3_s2sf12j2_kafka_rep4_20260612,kafka,sb-events-s3_s2sf12j2_kafka_rep4_20260612,a79b49c8-c067-465b-b890-e50c04066741,3895113,444,9080177400,9080177700
s3_s2sf12j2_kafka_rep4_20260612,kafka,sb-events-s3_s2sf12j2_kafka_rep4_20260612,33573fe4-ca0b-4d01-a4ef-dfd2ce95d02c,3895095,445,9082624000,9082624300
s3_s2sf12j2_kafka_rep4_20260612,kafka,sb-events-s3_s2sf12j2_kafka_rep4_20260612,63e90760-224f-4519-b23e-41e6b13b4aa6,3895095,445,9084466800,9084467100
s3_s2sf12j2_kafka_rep4_20260612,kafka,sb-events-s3_s2sf12j2_kafka_rep4_20260612,e3cfe80e-4ff1-43d7-a56a-fe23b604fb1c,3895107,445,9086148600,9086149100
s3_s2sf12j2_kafka_rep4_20260612,kafka,sb-events-s3_s2sf12j2_kafka_rep4_20260612,67b6eee6-1a6c-414b-859e-e9552b97162f,3895052,445,9087804600,9087804900
s3_s2sf12j2_kafka_rep4_20260612,kafka,sb-events-s3_s2sf12j2_kafka_rep4_20260612,f794a632-b01a-468d-86e1-d5a33b3b317e,3895052,445,9089568300,9089568600
s3_s2sf12j2_kafka_rep4_20260612,kafka,sb-events-s3_s2sf12j2_kafka_rep4_20260612,7e58146c-c2f1-4e76-965e-bde41aea3e81,3895113,445,9091326600,9091327000
s3_s2sf12j2_kafka_rep4_20260612,kafka,sb-events-s3_s2sf12j2_kafka_rep4_20260612,0a504cc0-a156-4160-b8f1-dc7020285481,3895113,445,9092876100,9092876400
s3_s2sf12j2_kafka_rep4_20260612,kafka,sb-events-s3_s2sf12j2_kafka_rep4_20260612,5b9a7afb-6b47-49d5-b840-78c95925ff49,3895107,446,9094844900,9094845400
s3_s2sf12j2_kafka_rep4_20260612,kafka,sb-events-s3_s2sf12j2_kafka_rep4_20260612,c56ec238-7803-47ad-a1d3-83bf87822b02,3895067,446,9096405600,9096406100
s3_s2sf12j2_kafka_rep4_20260612,kafka,sb-events-s3_s2sf12j2_kafka_rep4_20260612,94180027-9028-41f3-a97a-cd3b67ec8efa,3895134,446,9098010400,9098010700
s3_s2sf12j2_kafka_rep4_20260612,kafka,sb-events-s3_s2sf12j2_kafka_rep4_20260612,64846ece-ecc0-49f6-84be-e3a1ace0bbfb,3895067,446,9099761400,9099761900
s3_s2sf12j2_kafka_rep4_20260612,kafka,sb-events-s3_s2sf12j2_kafka_rep4_20260612,e0efa831-1ceb-49cb-9cf9-6589869b1111,3895067,446,9101155000,9101155400
s3_s2sf12j2_kafka_rep4_20260612,kafka,sb-events-s3_s2sf12j2_kafka_rep4_20260612,9e50d3ef-cdb2-497b-818f-60a89ee23984,3895052,446,9102823500,9102823800
s3_s2sf12j2_kafka_rep4_20260612,kafka,sb-events-s3_s2sf12j2_kafka_rep4_20260612,8d218582-118e-4010-aa9f-e2e8613a5855,3895086,446,9104754800,9104755000
s3_s2sf12j2_kafka_rep4_20260612,kafka,sb-events-s3_s2sf12j2_kafka_rep4_20260612,7340cb89-e992-4aef-be64-69a5420c269a,3895095,447,9107161400,9107161800
s3_s2sf12j2_kafka_rep4_20260612,kafka,sb-events-s3_s2sf12j2_kafka_rep4_20260612,7adad092-34df-4101-9529-7d1dd104ad7f,3895052,447,9108871800,9108872000
s3_s2sf12j2_kafka_rep4_20260612,kafka,sb-events-s3_s2sf12j2_kafka_rep4_20260612,cddefb72-3ac3-4f11-8ad2-5963d94d80ea,3895052,447,9110710500,9110710800
s3_s2sf12j2_kafka_rep4_20260612,kafka,sb-events-s3_s2sf12j2_kafka_rep4_20260612,42a9d4e3-706d-44d3-ad3a-6702f506c9e1,3895095,448,9112467400,9112467600
s3_s2sf12j2_kafka_rep4_20260612,kafka,sb-events-s3_s2sf12j2_kafka_rep4_20260612,552cf4d8-4502-453b-89cc-a363d4503b0e,3895095,448,9114168200,9114168600
s3_s2sf12j2_kafka_rep4_20260612,kafka,sb-events-s3_s2sf12j2_kafka_rep4_20260612,f5544cfe-d1ae-4458-9692-70479c5a6bd2,3895060,448,9115396300,9115396700
s3_s2sf12j2_kafka_rep4_20260612,kafka,sb-events-s3_s2sf12j2_kafka_rep4_20260612,88d60541-4798-46d5-911f-a76c449216d1,3895060,448,9117071900,9117072400
s3_s2sf12j2_kafka_rep4_20260612,kafka,sb-events-s3_s2sf12j2_kafka_rep4_20260612,53c7bd50-e63f-4986-92c8-96d46b0bee1e,3895107,448,9118721700,9118722000
s3_s2sf12j2_kafka_rep4_20260612,kafka,sb-events-s3_s2sf12j2_kafka_rep4_20260612,3fef340a-10e5-4aa5-9498-1ee928305247,3895134,448,9120714900,9120715200
s3_s2sf12j2_kafka_rep4_20260612,kafka,sb-events-s3_s2sf12j2_kafka_rep4_20260612,644d5c7c-d1a5-47b6-a392-8d411b65c8f7,3895134,448,9122370500,9122370700
s3_s2sf12j2_kafka_rep4_20260612,kafka,sb-events-s3_s2sf12j2_kafka_rep4_20260612,56af3623-eca9-4c7f-bb3d-d6f6cf090c46,3895095,449,9123975000,9123975200
s3_s2sf12j2_kafka_rep4_20260612,kafka,sb-events-s3_s2sf12j2_kafka_rep4_20260612,4e097fd0-0828-426e-ba77-6229b2827935,3895107,449,9125560000,9125560400
s3_s2sf12j2_kafka_rep4_20260612,kafka,sb-events-s3_s2sf12j2_kafka_rep4_20260612,1e1dff02-7f8b-4fe3-910a-d8a1c77727b2,3895107,449,9127223700,9127224100
s3_s2sf12j2_kafka_rep4_20260612,kafka,sb-events-s3_s2sf12j2_kafka_rep4_20260612,02215165-9da4-4b41-bf1d-63d6acc70a50,3895107,449,9128693300,9128693600
s3_s2sf12j2_kafka_rep4_20260612,kafka,sb-events-s3_s2sf12j2_kafka_rep4_20260612,a0a2797a-8bde-4965-9733-fdbbbe9811e1,3895134,449,9130528800,9130529300
s3_s2sf12j2_kafka_rep4_20260612,kafka,sb-events-s3_s2sf12j2_kafka_rep4_20260612,74edf329-d572-4e4d-936f-b40fbce66eaf,3895134,449,9131935400,9131935700
s3_s2sf12j2_kafka_rep4_20260612,kafka,sb-events-s3_s2sf12j2_kafka_rep4_20260612,36c45fb0-4255-408e-83c0-7e9fc96f4eb6,3895095,450,9133955900,9133956500
s3_s2sf12j2_kafka_rep4_20260612,kafka,sb-events-s3_s2sf12j2_kafka_rep4_20260612,49346d04-d903-4d6f-9b19-ba4d0c15bad9,3895095,450,9135897400,9135897800
s3_s2sf12j2_kafka_rep4_20260612,kafka,sb-events-s3_s2sf12j2_kafka_rep4_20260612,08c08b0f-630c-456b-9807-1f7d2ec90f27,3895060,450,9137845500,9137845700
s3_s2sf12j2_kafka_rep4_20260612,kafka,sb-events-s3_s2sf12j2_kafka_rep4_20260612,9dbcf854-370c-4043-a227-e38e0584c5da,3895060,450,9139440200,9139440500
s3_s2sf12j2_kafka_rep4_20260612,kafka,sb-events-s3_s2sf12j2_kafka_rep4_20260612,1188c5b0-8e22-4da4-bd75-5b22c768cda7,3895113,450,9141434800,9141435200
s3_s2sf12j2_kafka_rep4_20260612,kafka,sb-events-s3_s2sf12j2_kafka_rep4_20260612,fc4349d2-e788-428b-90c0-1e2377a2b7e0,3895095,451,9143422600,9143423100
s3_s2sf12j2_kafka_rep4_20260612,kafka,sb-events-s3_s2sf12j2_kafka_rep4_20260612,bed10191-2c1a-4e39-bdcd-620d7cdad94f,3895095,451,9144866800,9144867200
s3_s2sf12j2_kafka_rep4_20260612,kafka,sb-events-s3_s2sf12j2_kafka_rep4_20260612,de745f07-6097-4825-aa95-2a29ba630c59,3895095,451,9146883500,9146884000
s3_s2sf12j2_kafka_rep4_20260612,kafka,sb-events-s3_s2sf12j2_kafka_rep4_20260612,5ebcc4a3-1ee4-4aa1-b7a5-5afbc8b92bd4,3895060,451,9148819300,9148819600
s3_s2sf12j2_kafka_rep4_20260612,kafka,sb-events-s3_s2sf12j2_kafka_rep4_20260612,059c0a6c-bf54-44ed-8d54-64e34ce75ec7,3895060,451,9151522200,9151522400
s3_s2sf12j2_kafka_rep4_20260612,kafka,sb-events-s3_s2sf12j2_kafka_rep4_20260612,40d656d8-7897-4e5d-8e1b-32e1b6fa4e58,3895060,451,9154076100,9154076600
s3_s2sf12j2_kafka_rep4_20260612,kafka,sb-events-s3_s2sf12j2_kafka_rep4_20260612,6706f68a-0fd9-496d-9e79-95e1fd03802c,3895107,451,9156182300,9156182500
s3_s2sf12j2_kafka_rep4_20260612,kafka,sb-events-s3_s2sf12j2_kafka_rep4_20260612,40d656d8-7897-4e5d-8e1b-32e1b6fa4e58__rev2,3895060,451,9156205900,9156206100
s3_s2sf12j2_kafka_rep4_20260612,kafka,sb-events-s3_s2sf12j2_kafka_rep4_20260612,4f96086a-c6d5-48ae-af92-e337a80f8fba,3895107,451,9157926400,9157926800
s3_s2sf12j2_kafka_rep4_20260612,kafka,sb-events-s3_s2sf12j2_kafka_rep4_20260612,aed875e2-a9c3-4c15-a27f-d91682808df8,3895134,451,9159732500,9159732800
s3_s2sf12j2_kafka_rep4_20260612,kafka,sb-events-s3_s2sf12j2_kafka_rep4_20260612,fd4c2cc6-6ba7-4e63-99f0-836376096ff9,3895134,451,9161475700,9161475900
s3_s2sf12j2_kafka_rep4_20260612,kafka,sb-events-s3_s2sf12j2_kafka_rep4_20260612,34f32635-5565-4445-a686-f240c391ae22,3895113,451,9163341900,9163342300
s3_s2sf12j2_kafka_rep4_20260612,kafka,sb-events-s3_s2sf12j2_kafka_rep4_20260612,d0985595-3ebf-44b3-b8a1-40f7dc855881,3895095,452,9165175400,9165175900
s3_s2sf12j2_kafka_rep4_20260612,kafka,sb-events-s3_s2sf12j2_kafka_rep4_20260612,562401df-4355-4944-8719-51a612c1a9e4,3895095,452,9166965900,9166966200
s3_s2sf12j2_kafka_rep4_20260612,kafka,sb-events-s3_s2sf12j2_kafka_rep4_20260612,2988f030-9c1f-4b43-a9ef-bb40ccd30baf,3895107,452,9168480600,9168480900
s3_s2sf12j2_kafka_rep4_20260612,kafka,sb-events-s3_s2sf12j2_kafka_rep4_20260612,cdb30149-43dd-46d2-92c4-3dc2397ef658,3895052,452,9170369500,9170369900
s3_s2sf12j2_kafka_rep4_20260612,kafka,sb-events-s3_s2sf12j2_kafka_rep4_20260612,05b640b0-13b9-48c3-b52d-679bc686e685,3895113,452,9172254500,9172254800
s3_s2sf12j2_kafka_rep4_20260612,kafka,sb-events-s3_s2sf12j2_kafka_rep4_20260612,c8ce5549-a9a7-4f14-8b52-b83cc42f3648,3895113,452,9174346500,9174346900
s3_s2sf12j2_kafka_rep4_20260612,kafka,sb-events-s3_s2sf12j2_kafka_rep4_20260612,814fb2d7-1214-492b-a557-424d881a39b9,3895095,453,9176385400,9176385800
s3_s2sf12j2_kafka_rep4_20260612,kafka,sb-events-s3_s2sf12j2_kafka_rep4_20260612,46ffd64a-4a1f-4599-b3e3-8042b4b734fe,3895095,453,9178101800,9178102100
s3_s2sf12j2_kafka_rep4_20260612,kafka,sb-events-s3_s2sf12j2_kafka_rep4_20260612,2d4f6202-ddf8-4c7d-b4c6-7865d1ee2d9a,3895095,453,9179670200,9179670500
s3_s2sf12j2_kafka_rep4_20260612,kafka,sb-events-s3_s2sf12j2_kafka_rep4_20260612,66d6548d-fbc0-4b16-bbf4-d750db45eef9,3895095,453,9181443200,9181443400
s3_s2sf12j2_kafka_rep4_20260612,kafka,sb-events-s3_s2sf12j2_kafka_rep4_20260612,607c5b51-d7ec-438d-93ef-ebf85683ee29,3895074,453,9183702400,9183702900
s3_s2sf12j2_kafka_rep4_20260612,kafka,sb-events-s3_s2sf12j2_kafka_rep4_20260612,c3f11a7d-9340-497b-b55d-694fa591352f,3895052,453,9185774800,9185775300
s3_s2sf12j2_kafka_rep4_20260612,kafka,sb-events-s3_s2sf12j2_kafka_rep4_20260612,9aaf638b-090b-4334-8cb2-e4d9b159468c,3895095,454,9188604500,9188605000
s3_s2sf12j2_kafka_rep4_20260612,kafka,sb-events-s3_s2sf12j2_kafka_rep4_20260612,221fe015-6903-4898-9281-e04ad1b39ff0,3895095,454,9190853200,9190853500
s3_s2sf12j2_kafka_rep4_20260612,kafka,sb-events-s3_s2sf12j2_kafka_rep4_20260612,d7ba7e07-c73e-423b-84f1-70abd62a92b9,3895095,454,9193245200,9193245800
s3_s2sf12j2_kafka_rep4_20260612,kafka,sb-events-s3_s2sf12j2_kafka_rep4_20260612,a939137f-bea7-4c25-b7d4-cbbe6b8a0871,3895074,454,9194955500,9194955800
s3_s2sf12j2_kafka_rep4_20260612,kafka,sb-events-s3_s2sf12j2_kafka_rep4_20260612,a61a8556-cb94-4b66-bd46-faf3a7e21f96,3895074,454,9196966500,9196966800
s3_s2sf12j2_kafka_rep4_20260612,kafka,sb-events-s3_s2sf12j2_kafka_rep4_20260612,55f30dc9-0b28-4fad-a716-611d02ca20f6,3895107,454,9198800200,9198800500
s3_s2sf12j2_kafka_rep4_20260612,kafka,sb-events-s3_s2sf12j2_kafka_rep4_20260612,0b3025ce-3cd4-4898-ad5c-a207b61c6fa0,3895107,454,9200983700,9200984100
s3_s2sf12j2_kafka_rep4_20260612,kafka,sb-events-s3_s2sf12j2_kafka_rep4_20260612,dd4a183d-6153-4d52-8dbf-9478194bba81,3895052,454,9202594900,9202595100
s3_s2sf12j2_kafka_rep4_20260612,kafka,sb-events-s3_s2sf12j2_kafka_rep4_20260612,f2ededc6-6bc7-4ec7-b0e9-c711011e1672,3895052,454,9204396500,9204397000
s3_s2sf12j2_kafka_rep4_20260612,kafka,sb-events-s3_s2sf12j2_kafka_rep4_20260612,a8a72c19-64a7-4275-912e-ef6b5f09a1f7,3895095,455,9205745400,9205745800
s3_s2sf12j2_kafka_rep4_20260612,kafka,sb-events-s3_s2sf12j2_kafka_rep4_20260612,3f500bae-930c-4345-852e-c3aa1f1c4ab2,3895095,455,9207347400,9207347800
s3_s2sf12j2_kafka_rep4_20260612,kafka,sb-events-s3_s2sf12j2_kafka_rep4_20260612,26d91e47-0723-4830-b97b-9df16efd50ec,3895074,455,9208606100,9208606300
s3_s2sf12j2_kafka_rep4_20260612,kafka,sb-events-s3_s2sf12j2_kafka_rep4_20260612,1a555a66-cc7a-4994-a8c7-8aafdaf302f5,3895060,455,9210389600,9210389900
s3_s2sf12j2_kafka_rep4_20260612,kafka,sb-events-s3_s2sf12j2_kafka_rep4_20260612,caef69b5-9e37-4445-b866-fcf687c3e390,3895060,455,9212191300,9212191700
s3_s2sf12j2_kafka_rep4_20260612,kafka,sb-events-s3_s2sf12j2_kafka_rep4_20260612,ea192fda-5da8-47b1-9bfb-0e70fec60b62,3895107,455,9214310600,9214310800
s3_s2sf12j2_kafka_rep4_20260612,kafka,sb-events-s3_s2sf12j2_kafka_rep4_20260612,4da864ef-2e5e-4a17-857e-dff8921feadf,3895052,455,9216198100,9216198400
s3_s2sf12j2_kafka_rep4_20260612,kafka,sb-events-s3_s2sf12j2_kafka_rep4_20260612,4b618b31-6291-411b-b4c1-4aee61c4f5fa,3895052,455,9218125600,9218125900
s3_s2sf12j2_kafka_rep4_20260612,kafka,sb-events-s3_s2sf12j2_kafka_rep4_20260612,e3715e70-0150-4c42-b6f5-5fc67e792b5c,3895095,456,9219733200,9219733500
s3_s2sf12j2_kafka_rep4_20260612,kafka,sb-events-s3_s2sf12j2_kafka_rep4_20260612,df68f0b4-6ffa-4f02-8711-7859862b0ec0,3895095,456,9221505300,9221505700
s3_s2sf12j2_kafka_rep4_20260612,kafka,sb-events-s3_s2sf12j2_kafka_rep4_20260612,e9d549aa-6725-4174-93bf-3d3fa63e74bb,3895095,456,9223436800,9223437200
s3_s2sf12j2_kafka_rep4_20260612,kafka,sb-events-s3_s2sf12j2_kafka_rep4_20260612,d0f4abbd-6eb7-4821-8b4f-d17041acec3b,3895121,456,9224861200,9224861600
s3_s2sf12j2_kafka_rep4_20260612,kafka,sb-events-s3_s2sf12j2_kafka_rep4_20260612,b1d291fe-7aee-4867-a98f-2689070334d8,3895074,456,9227372500,9227372900
s3_s2sf12j2_kafka_rep4_20260612,kafka,sb-events-s3_s2sf12j2_kafka_rep4_20260612,ed5ace9b-d57f-4e11-ab3f-0434c560a8cf,3895074,456,9229248700,9229249000
s3_s2sf12j2_kafka_rep4_20260612,kafka,sb-events-s3_s2sf12j2_kafka_rep4_20260612,6aee31be-f0a9-4a1f-a9d5-0e49c287c868,3895107,456,9231310700,9231311100
s3_s2sf12j2_kafka_rep4_20260612,kafka,sb-events-s3_s2sf12j2_kafka_rep4_20260612,0af350f2-0e16-4edd-8330-da25fb192a18,3895134,456,9232851600,9232851800
s3_s2sf12j2_kafka_rep4_20260612,kafka,sb-events-s3_s2sf12j2_kafka_rep4_20260612,206d1fc9-724f-407b-bd2e-f7229d50f9c2,3895107,456,9234492700,9234493000
s3_s2sf12j2_kafka_rep4_20260612,kafka,sb-events-s3_s2sf12j2_kafka_rep4_20260612,b337407f-efd0-435a-94a6-83a6c2bb3954,3895052,456,9236003400,9236003700
s3_s2sf12j2_kafka_rep4_20260612,kafka,sb-events-s3_s2sf12j2_kafka_rep4_20260612,b56165c6-a538-4491-a5aa-b4fae53fbbd9,3895052,456,9237913200,9237913500
s3_s2sf12j2_kafka_rep4_20260612,kafka,sb-events-s3_s2sf12j2_kafka_rep4_20260612,7b77ded3-e0cc-48e7-8dea-d345a900cc2f,3895095,457,9239906300,9239906700
s3_s2sf12j2_kafka_rep4_20260612,kafka,sb-events-s3_s2sf12j2_kafka_rep4_20260612,8e9297e9-7710-444e-b0a0-d4baedd59a14,3895095,457,9242140900,9242141200
s3_s2sf12j2_kafka_rep4_20260612,kafka,sb-events-s3_s2sf12j2_kafka_rep4_20260612,5327bb35-e325-4f4a-932b-5af3b43aa66b,3895095,457,9244129000,9244129400
s3_s2sf12j2_kafka_rep4_20260612,kafka,sb-events-s3_s2sf12j2_kafka_rep4_20260612,e97f8dff-6503-43fa-9166-9e4d0887fdf9,3895074,457,9245891700,9245891900
s3_s2sf12j2_kafka_rep4_20260612,kafka,sb-events-s3_s2sf12j2_kafka_rep4_20260612,2d15aee8-4df9-4656-af9c-720bf6dfc649,3895052,457,9247546300,9247546600
s3_s2sf12j2_kafka_rep4_20260612,kafka,sb-events-s3_s2sf12j2_kafka_rep4_20260612,2d15aee8-4df9-4656-af9c-720bf6dfc649__rev2,3895052,457,9250074000,9250074300
s3_s2sf12j2_kafka_rep4_20260612,kafka,sb-events-s3_s2sf12j2_kafka_rep4_20260612,62649c3a-5540-4243-8052-9ae849db85f5,3895052,457,9250106200,9250106500
s3_s2sf12j2_kafka_rep4_20260612,kafka,sb-events-s3_s2sf12j2_kafka_rep4_20260612,f10cc719-391f-424d-aae8-efd754f59dd7,3895121,458,9251514800,9251515100
s3_s2sf12j2_kafka_rep4_20260612,kafka,sb-events-s3_s2sf12j2_kafka_rep4_20260612,a4934cc2-8ef4-495c-bc4e-df3cf2b212da,3895074,458,9253692200,9253692600
s3_s2sf12j2_kafka_rep4_20260612,kafka,sb-events-s3_s2sf12j2_kafka_rep4_20260612,c5c5e7b2-54dc-4971-a74c-bd2bdf94793f,3895074,458,9255506500,9255506900
s3_s2sf12j2_kafka_rep4_20260612,kafka,sb-events-s3_s2sf12j2_kafka_rep4_20260612,32f8e637-c16d-4b4c-b85d-fc95990dfa4f,3895134,458,9257281300,9257281800
s3_s2sf12j2_kafka_rep4_20260612,kafka,sb-events-s3_s2sf12j2_kafka_rep4_20260612,a4c7a862-88ed-4f34-9dd8-e1713bb51715,3895107,458,9259098900,9259099200
s3_s2sf12j2_kafka_rep4_20260612,kafka,sb-events-s3_s2sf12j2_kafka_rep4_20260612,8bec23da-7750-41a3-8251-f36c0b885996,3895134,458,9261001800,9261002100
s3_s2sf12j2_kafka_rep4_20260612,kafka,sb-events-s3_s2sf12j2_kafka_rep4_20260612,4a08e193-2786-43e0-9ffe-56c78618f834,3895052,458,9262982900,9262983100
s3_s2sf12j2_kafka_rep4_20260612,kafka,sb-events-s3_s2sf12j2_kafka_rep4_20260612,5d97f886-bb28-4ff2-b012-ebe08e1b7273,3895095,459,9264804500,9264804700
s3_s2sf12j2_kafka_rep4_20260612,kafka,sb-events-s3_s2sf12j2_kafka_rep4_20260612,92a75d72-f624-4425-90b8-1d5e6def39ad,3895095,459,9266923300,9266923600
s3_s2sf12j2_kafka_rep4_20260612,kafka,sb-events-s3_s2sf12j2_kafka_rep4_20260612,238c7763-291c-4d40-9337-187234311381,3895121,459,9268724500,9268724700
s3_s2sf12j2_kafka_rep4_20260612,kafka,sb-events-s3_s2sf12j2_kafka_rep4_20260612,afaf9839-b81b-4a1d-a69b-53fb5b774396,3895060,459,9270889800,9270890000
s3_s2sf12j2_kafka_rep4_20260612,kafka,sb-events-s3_s2sf12j2_kafka_rep4_20260612,88bde0c4-1921-4b8c-b860-2210237f7120,3895095,460,9272442600,9272442800
s3_s2sf12j2_kafka_rep4_20260612,kafka,sb-events-s3_s2sf12j2_kafka_rep4_20260612,2e6acea9-1c64-4bd5-82b4-2fe1bce0b813,3895095,460,9274629700,9274630000
s3_s2sf12j2_kafka_rep4_20260612,kafka,sb-events-s3_s2sf12j2_kafka_rep4_20260612,d523accf-3f1d-43e3-8dcc-a353fe988df8,3895095,460,9276516100,9276516400
s3_s2sf12j2_kafka_rep4_20260612,kafka,sb-events-s3_s2sf12j2_kafka_rep4_20260612,239092b2-14e5-4575-9a63-5bcc238710a3,3895121,460,9278622300,9278622600
s3_s2sf12j2_kafka_rep4_20260612,kafka,sb-events-s3_s2sf12j2_kafka_rep4_20260612,2d762f47-0fa3-4b48-98ec-51f41b3c9354,3895121,460,9280519300,9280519700
s3_s2sf12j2_kafka_rep4_20260612,kafka,sb-events-s3_s2sf12j2_kafka_rep4_20260612,c367e51f-e64a-4726-b766-ec4ff7d2b14a,3895074,460,9282658800,9282659200
s3_s2sf12j2_kafka_rep4_20260612,kafka,sb-events-s3_s2sf12j2_kafka_rep4_20260612,c87070a8-07a6-4fee-983f-aa48d673713a,3895074,460,9284281600,9284281800
s3_s2sf12j2_kafka_rep4_20260612,kafka,sb-events-s3_s2sf12j2_kafka_rep4_20260612,b733fd23-9b01-495b-8bb0-7d1ecd1f931c,3895052,460,9286388100,9286388300
s3_s2sf12j2_kafka_rep4_20260612,kafka,sb-events-s3_s2sf12j2_kafka_rep4_20260612,4c8b961c-84f8-4d34-8a2b-761b7a844729,3895052,460,9288365300,9288365600
s3_s2sf12j2_kafka_rep4_20260612,kafka,sb-events-s3_s2sf12j2_kafka_rep4_20260612,c0fa9213-52b9-498c-9e8c-c1d0dc23e151,3895095,461,9290579400,9290579600
s3_s2sf12j2_kafka_rep4_20260612,kafka,sb-events-s3_s2sf12j2_kafka_rep4_20260612,84185410-7e7a-4bde-9167-c77472da6f02,3895121,461,9293029700,9293030000
s3_s2sf12j2_kafka_rep4_20260612,kafka,sb-events-s3_s2sf12j2_kafka_rep4_20260612,516a4d87-898d-4d5d-b215-ac49cabeefa6,3895121,461,9295166400,9295166700
s3_s2sf12j2_kafka_rep4_20260612,kafka,sb-events-s3_s2sf12j2_kafka_rep4_20260612,2ed079cf-316c-49f9-81e1-3ef4be51a781,3895060,461,9297078400,9297078700
s3_s2sf12j2_kafka_rep4_20260612,kafka,sb-events-s3_s2sf12j2_kafka_rep4_20260612,6f369506-eb4a-44eb-8e9b-1b97d4df5f1e,3895060,461,9299284600,9299284800
s3_s2sf12j2_kafka_rep4_20260612,kafka,sb-events-s3_s2sf12j2_kafka_rep4_20260612,31b4ac75-15c9-4c9c-b364-e3b4249615d8,3895134,461,9301434500,9301434800
s3_s2sf12j2_kafka_rep4_20260612,kafka,sb-events-s3_s2sf12j2_kafka_rep4_20260612,425142a0-9e3d-4c06-bc82-c5251ab9110b,3895052,461,9303423800,9303424200
s3_s2sf12j2_kafka_rep4_20260612,kafka,sb-events-s3_s2sf12j2_kafka_rep4_20260612,7c0caa0a-62f0-4167-9cae-d99bbd90617c,3895052,461,9304985100,9304985500
s3_s2sf12j2_kafka_rep4_20260612,kafka,sb-events-s3_s2sf12j2_kafka_rep4_20260612,efbee4a5-cc43-4c7a-acd9-b8d078139a3c,3895095,462,9307590600,9307591000
s3_s2sf12j2_kafka_rep4_20260612,kafka,sb-events-s3_s2sf12j2_kafka_rep4_20260612,a56f2177-d30d-4033-99e5-8e4fa235d870,3895095,462,9309848200,9309848500
s3_s2sf12j2_kafka_rep4_20260612,kafka,sb-events-s3_s2sf12j2_kafka_rep4_20260612,c707d2c3-2f14-4efb-a685-161f4f1d5ee1,3895134,462,9311063900,9311064300
s3_s2sf12j2_kafka_rep4_20260612,kafka,sb-events-s3_s2sf12j2_kafka_rep4_20260612,95ec2cfc-f259-442a-adce-3f7490b89318,3895134,462,9312632200,9312632600
s3_s2sf12j2_kafka_rep4_20260612,kafka,sb-events-s3_s2sf12j2_kafka_rep4_20260612,195d0d2e-c14e-4d70-ae08-02f9b7131881,3895060,463,9314252300,9314252700
s3_s2sf12j2_kafka_rep4_20260612,kafka,sb-events-s3_s2sf12j2_kafka_rep4_20260612,1598f6b4-5117-4eda-9474-56753863ddc2,3895107,463,9315649200,9315649500
s3_s2sf12j2_kafka_rep4_20260612,kafka,sb-events-s3_s2sf12j2_kafka_rep4_20260612,b8910a8d-b569-46d5-ad56-8aeab8e0839f,3895107,463,9317361500,9317362000
s3_s2sf12j2_kafka_rep4_20260612,kafka,sb-events-s3_s2sf12j2_kafka_rep4_20260612,7f1ca876-71ed-4c9a-b4a6-6922cbbc8a49,3895107,463,9318860300,9318860800
s3_s2sf12j2_kafka_rep4_20260612,kafka,sb-events-s3_s2sf12j2_kafka_rep4_20260612,7ca4fd65-7e82-4736-adf4-1896bf70d78b,3895134,463,9320764500,9320764800
s3_s2sf12j2_kafka_rep4_20260612,kafka,sb-events-s3_s2sf12j2_kafka_rep4_20260612,2d2a9c85-0a00-4122-af37-aefab19aa857,3895121,464,9322597300,9322597600
s3_s2sf12j2_kafka_rep4_20260612,kafka,sb-events-s3_s2sf12j2_kafka_rep4_20260612,1a96bfcb-690c-4dd0-a894-ac96b30fe16b,3895121,464,9324532200,9324532600
s3_s2sf12j2_kafka_rep4_20260612,kafka,sb-events-s3_s2sf12j2_kafka_rep4_20260612,b84ab3e0-39fb-4518-b0ad-68526de7580d,3895121,464,9326358600,9326359100
s3_s2sf12j2_kafka_rep4_20260612,kafka,sb-events-s3_s2sf12j2_kafka_rep4_20260612,deaa61aa-7e2d-476e-a1b3-c29f40339989,3895060,464,9327656600,9327656900
s3_s2sf12j2_kafka_rep4_20260612,kafka,sb-events-s3_s2sf12j2_kafka_rep4_20260612,6431f2ce-702c-4ba2-8db4-37f2bd00ac89,3895060,464,9329080800,9329081100
s3_s2sf12j2_kafka_rep4_20260612,kafka,sb-events-s3_s2sf12j2_kafka_rep4_20260612,61278b66-9180-45e5-bb3e-c71d04dbcef1,3895134,464,9330799400,9330799700
s3_s2sf12j2_kafka_rep4_20260612,kafka,sb-events-s3_s2sf12j2_kafka_rep4_20260612,bb29f3c7-efe6-4b30-9d42-8a14bf33dc2f,3895134,464,9332431300,9332431700
s3_s2sf12j2_kafka_rep4_20260612,kafka,sb-events-s3_s2sf12j2_kafka_rep4_20260612,b61ef879-a5f5-4c92-bd8f-b8e2ad5a36bf,3895052,464,9334225800,9334226100
s3_s2sf12j2_kafka_rep4_20260612,kafka,sb-events-s3_s2sf12j2_kafka_rep4_20260612,1f6af878-619a-4af7-8f43-67c0d2456b67,3895121,465,9335755300,9335755700
s3_s2sf12j2_kafka_rep4_20260612,kafka,sb-events-s3_s2sf12j2_kafka_rep4_20260612,c449a2d1-d78f-4f78-8ab2-c382e1ff6859,3895052,465,9337686900,9337687300
s3_s2sf12j2_kafka_rep4_20260612,kafka,sb-events-s3_s2sf12j2_kafka_rep4_20260612,3551b7d1-4569-4b22-90e3-c6d14cacf651,3895052,465,9339283600,9339283900
s3_s2sf12j2_kafka_rep4_20260612,kafka,sb-events-s3_s2sf12j2_kafka_rep4_20260612,303979a2-5837-4cc5-9ad1-3182030f82ac,3895074,466,9340911900,9340912300
s3_s2sf12j2_kafka_rep4_20260612,kafka,sb-events-s3_s2sf12j2_kafka_rep4_20260612,013d4600-06a8-465f-bb35-4f44f2a423b2,3895074,466,9342891400,9342891800
s3_s2sf12j2_kafka_rep4_20260612,kafka,sb-events-s3_s2sf12j2_kafka_rep4_20260612,303979a2-5837-4cc5-9ad1-3182030f82ac__rev2,3895074,466,9342922600,9342922800
s3_s2sf12j2_kafka_rep4_20260612,kafka,sb-events-s3_s2sf12j2_kafka_rep4_20260612,f028e4d5-c6b7-48a4-9770-794e2dc738cd,3895074,466,9344176500,9344176900
s3_s2sf12j2_kafka_rep4_20260612,kafka,sb-events-s3_s2sf12j2_kafka_rep4_20260612,e364364e-9cac-47ee-9ea2-c7e33822f265,3895060,466,9346137800,9346138000
s3_s2sf12j2_kafka_rep4_20260612,kafka,sb-events-s3_s2sf12j2_kafka_rep4_20260612,4e0fe5a3-8297-4116-b4d7-bf851fd0018c,3895060,466,9347867600,9347868000
s3_s2sf12j2_kafka_rep4_20260612,kafka,sb-events-s3_s2sf12j2_kafka_rep4_20260612,0af34aca-a254-4d7d-8ad5-ca72409977cf,3895060,466,9349499100,9349499400
s3_s2sf12j2_kafka_rep4_20260612,kafka,sb-events-s3_s2sf12j2_kafka_rep4_20260612,b3ad3de4-6d68-4620-8f9d-18471494634b,3895060,466,9350922400,9350922600
s3_s2sf12j2_kafka_rep4_20260612,kafka,sb-events-s3_s2sf12j2_kafka_rep4_20260612,63e6fa05-2c2d-470c-8275-6b8ceb496a4a,3895134,466,9352408700,9352409100
s3_s2sf12j2_kafka_rep4_20260612,kafka,sb-events-s3_s2sf12j2_kafka_rep4_20260612,1b98f1a5-d346-455f-9529-27247914498c,3895134,466,9353975600,9353975800
s3_s2sf12j2_kafka_rep4_20260612,kafka,sb-events-s3_s2sf12j2_kafka_rep4_20260612,0ee4dc5e-490f-44ef-9c59-4a579a982af0,3895086,466,9355477300,9355477500
s3_s2sf12j2_kafka_rep4_20260612,kafka,sb-events-s3_s2sf12j2_kafka_rep4_20260612,a43c9bfe-f0d8-48d5-b593-c35fbbaa8d07,3895052,466,9357129400,9357129700
s3_s2sf12j2_kafka_rep4_20260612,kafka,sb-events-s3_s2sf12j2_kafka_rep4_20260612,ac957123-6287-4181-9ddf-f91054f88fca,3895052,466,9358775200,9358775400
s3_s2sf12j2_kafka_rep4_20260612,kafka,sb-events-s3_s2sf12j2_kafka_rep4_20260612,409b6135-4860-4196-a410-db4c43ac388a,3895052,466,9360603600,9360603900
s3_s2sf12j2_kafka_rep4_20260612,kafka,sb-events-s3_s2sf12j2_kafka_rep4_20260612,ae6fca84-8fba-476a-a300-aa9d23f581cf,3895134,467,9362234600,9362235100
s3_s2sf12j2_kafka_rep4_20260612,kafka,sb-events-s3_s2sf12j2_kafka_rep4_20260612,ae87be5f-b4b9-4fcf-b6d4-db27833ed71e,3895134,467,9363940300,9363940600
s3_s2sf12j2_kafka_rep4_20260612,kafka,sb-events-s3_s2sf12j2_kafka_rep4_20260612,645b5472-b788-45fa-8455-62ba983607bb,3895134,467,9365287900,9365288300
s3_s2sf12j2_kafka_rep4_20260612,kafka,sb-events-s3_s2sf12j2_kafka_rep4_20260612,84e1b20c-faa3-4218-bb1a-d82a46ce45a4,3895086,467,9367033300,9367033800
s3_s2sf12j2_kafka_rep4_20260612,kafka,sb-events-s3_s2sf12j2_kafka_rep4_20260612,4c2acb78-bee3-4df6-bbcb-7a2df1dc374a,3895052,467,9368544100,9368544500
s3_s2sf12j2_kafka_rep4_20260612,kafka,sb-events-s3_s2sf12j2_kafka_rep4_20260612,bd3bb747-07a6-41e7-a9e0-9b8907f415aa,3895074,468,9370305000,9370305300
s3_s2sf12j2_kafka_rep4_20260612,kafka,sb-events-s3_s2sf12j2_kafka_rep4_20260612,d37e9558-faa8-4cce-8bcb-fbd8c48cf9cf,3895060,468,9371912400,9371912900
s3_s2sf12j2_kafka_rep4_20260612,kafka,sb-events-s3_s2sf12j2_kafka_rep4_20260612,5409a951-4b20-4108-a97a-36a24c36cb89,3895060,468,9373921800,9373922100
s3_s2sf12j2_kafka_rep4_20260612,kafka,sb-events-s3_s2sf12j2_kafka_rep4_20260612,30ef8b1c-6588-4e1e-bcf4-0d3c0a45c139,3895060,468,9375736800,9375737100
s3_s2sf12j2_kafka_rep4_20260612,kafka,sb-events-s3_s2sf12j2_kafka_rep4_20260612,275defc8-f603-4d1d-b38a-f7b1899bdca9,3895086,468,9377171200,9377171700
s3_s2sf12j2_kafka_rep4_20260612,kafka,sb-events-s3_s2sf12j2_kafka_rep4_20260612,16426f2c-7c8e-441a-a259-6347e0334371,3895086,468,9378788100,9378788400
s3_s2sf12j2_kafka_rep4_20260612,kafka,sb-events-s3_s2sf12j2_kafka_rep4_20260612,bba80fb6-c872-411c-a2d2-d1c418948a2e,3895052,468,9380411400,9380412000
s3_s2sf12j2_kafka_rep4_20260612,kafka,sb-events-s3_s2sf12j2_kafka_rep4_20260612,ce7e48a5-3f4f-4e84-a140-2689cd1f7712,3895052,468,9381773700,9381773900
s3_s2sf12j2_kafka_rep4_20260612,kafka,sb-events-s3_s2sf12j2_kafka_rep4_20260612,a9def167-8157-42a4-96f3-e4b278ed2525,3895121,469,9383518300,9383518600
s3_s2sf12j2_kafka_rep4_20260612,kafka,sb-events-s3_s2sf12j2_kafka_rep4_20260612,fa568f8a-62e2-45cb-b62c-69e3b2cacda4,3895121,469,9384945000,9384945300
s3_s2sf12j2_kafka_rep4_20260612,kafka,sb-events-s3_s2sf12j2_kafka_rep4_20260612,ebfd9584-3fec-4468-b6c9-2b135766992e,3895121,469,9387479600,9387480000
s3_s2sf12j2_kafka_rep4_20260612,kafka,sb-events-s3_s2sf12j2_kafka_rep4_20260612,80e8922d-98e3-4bc8-bcaf-156829157039,3895060,469,9389411000,9389411300
s3_s2sf12j2_kafka_rep4_20260612,kafka,sb-events-s3_s2sf12j2_kafka_rep4_20260612,c9b74997-4a4f-4774-a1af-bf540a8a9b8b,3895060,469,9391379000,9391379300
s3_s2sf12j2_kafka_rep4_20260612,kafka,sb-events-s3_s2sf12j2_kafka_rep4_20260612,68ee32a6-8016-4c53-b5a2-6df329c71f4c,3895134,469,9392717500,9392717900
s3_s2sf12j2_kafka_rep4_20260612,kafka,sb-events-s3_s2sf12j2_kafka_rep4_20260612,b434c3de-f024-4a7b-9f87-a737b201d788,3895086,469,9394429200,9394429500
s3_s2sf12j2_kafka_rep4_20260612,kafka,sb-events-s3_s2sf12j2_kafka_rep4_20260612,7f21e78e-001c-4e28-b353-a1175416b591,3895052,469,9396451200,9396451400
s3_s2sf12j2_kafka_rep4_20260612,kafka,sb-events-s3_s2sf12j2_kafka_rep4_20260612,df41d240-b258-46b6-9a06-bb7dd255ee20,3895052,469,9398313000,9398313400
s3_s2sf12j2_kafka_rep4_20260612,kafka,sb-events-s3_s2sf12j2_kafka_rep4_20260612,96c175b8-81bc-4f63-b47d-ee2fe7c7e8ff,3895121,470,9400168700,9400169000
s3_s2sf12j2_kafka_rep4_20260612,kafka,sb-events-s3_s2sf12j2_kafka_rep4_20260612,4b0b32e6-dd8d-41ea-8863-b654c344fa3d,3895121,470,9402042900,9402043200
s3_s2sf12j2_kafka_rep4_20260612,kafka,sb-events-s3_s2sf12j2_kafka_rep4_20260612,5362354e-6dbb-40e7-9ae8-6d34557bd7c7,3895121,470,9403772100,9403772400
s3_s2sf12j2_kafka_rep4_20260612,kafka,sb-events-s3_s2sf12j2_kafka_rep4_20260612,f1a74c60-c0cd-467b-ac77-18a6169d4b7b,3895074,470,9406044500,9406044800
s3_s2sf12j2_kafka_rep4_20260612,kafka,sb-events-s3_s2sf12j2_kafka_rep4_20260612,ed2e75e9-5843-4f97-b711-64b6bf43ecda,3895074,470,9408010500,9408011100
s3_s2sf12j2_kafka_rep4_20260612,kafka,sb-events-s3_s2sf12j2_kafka_rep4_20260612,5292885e-2105-49ba-91e7-7f6279241aa9,3895074,470,9409932300,9409932700
s3_s2sf12j2_kafka_rep4_20260612,kafka,sb-events-s3_s2sf12j2_kafka_rep4_20260612,a795d859-ddcc-42d7-9ce1-dd700c073a65,3895067,470,9411910500,9411910700
s3_s2sf12j2_kafka_rep4_20260612,kafka,sb-events-s3_s2sf12j2_kafka_rep4_20260612,1d0a36b8-9678-4f8f-b24a-c000fa11ba73,3895067,470,9414007300,9414007800
s3_s2sf12j2_kafka_rep4_20260612,kafka,sb-events-s3_s2sf12j2_kafka_rep4_20260612,af95cc8d-e342-4dc0-9da9-bb69cc894f5d,3895067,470,9415732400,9415732700
s3_s2sf12j2_kafka_rep4_20260612,kafka,sb-events-s3_s2sf12j2_kafka_rep4_20260612,143e3880-b96d-4361-9887-8cea825d687d,3895086,470,9418094800,9418095100
s3_s2sf12j2_kafka_rep4_20260612,kafka,sb-events-s3_s2sf12j2_kafka_rep4_20260612,83e68a0d-c4c4-4fc7-97dc-eb7f181765b9,3895086,470,9420227500,9420227900
s3_s2sf12j2_kafka_rep4_20260612,kafka,sb-events-s3_s2sf12j2_kafka_rep4_20260612,b28f6401-5433-4435-b1f4-17cf164072f7,3895052,470,9422006800,9422007100
s3_s2sf12j2_kafka_rep4_20260612,kafka,sb-events-s3_s2sf12j2_kafka_rep4_20260612,3fd1b5d6-f4a7-405d-be71-58f35782e15c,3895052,470,9423919900,9423920200
s3_s2sf12j2_kafka_rep4_20260612,kafka,sb-events-s3_s2sf12j2_kafka_rep4_20260612,f23fcdfa-3dcf-4322-8d2e-f19f1e6c8d62,3895121,471,9425828600,9425829000
s3_s2sf12j2_kafka_rep4_20260612,kafka,sb-events-s3_s2sf12j2_kafka_rep4_20260612,a26597e5-95eb-4963-a281-76f61140468d,3895121,471,9427556900,9427557200
s3_s2sf12j2_kafka_rep4_20260612,kafka,sb-events-s3_s2sf12j2_kafka_rep4_20260612,2ad11371-a3df-4044-86dd-dc92f137f9f8,3895074,471,9430047000,9430047400
s3_s2sf12j2_kafka_rep4_20260612,kafka,sb-events-s3_s2sf12j2_kafka_rep4_20260612,d89e977a-5af4-45cb-a248-6144e037ff02,3895067,471,9431829900,9431830200
s3_s2sf12j2_kafka_rep4_20260612,kafka,sb-events-s3_s2sf12j2_kafka_rep4_20260612,2ad11371-a3df-4044-86dd-dc92f137f9f8__rev2,3895074,471,9431865900,9431866200
s3_s2sf12j2_kafka_rep4_20260612,kafka,sb-events-s3_s2sf12j2_kafka_rep4_20260612,70544f47-c38c-43dc-a3c3-d5811c80fe81,3895134,471,9434194700,9434195100
s3_s2sf12j2_kafka_rep4_20260612,kafka,sb-events-s3_s2sf12j2_kafka_rep4_20260612,0628e032-a67c-461e-81b6-eb7ad1ca851f,3895134,471,9436279200,9436279700
s3_s2sf12j2_kafka_rep4_20260612,kafka,sb-events-s3_s2sf12j2_kafka_rep4_20260612,f31a81ec-4289-4c9e-a352-8a8ecf402f40,3895134,471,9438384500,9438384800
s3_s2sf12j2_kafka_rep4_20260612,kafka,sb-events-s3_s2sf12j2_kafka_rep4_20260612,564b992f-a93b-47e2-a3c8-58f58a03c64c,3895086,471,9440794500,9440794800
s3_s2sf12j2_kafka_rep4_20260612,kafka,sb-events-s3_s2sf12j2_kafka_rep4_20260612,0e75662f-3fdf-48d0-80d9-e67fcfafc207,3895052,471,9443055300,9443055800
s3_s2sf12j2_kafka_rep4_20260612,kafka,sb-events-s3_s2sf12j2_kafka_rep4_20260612,98b78ad0-eb59-4eb0-8829-c9320b3eebae,3895067,472,9444750300,9444750700
s3_s2sf12j2_kafka_rep4_20260612,kafka,sb-events-s3_s2sf12j2_kafka_rep4_20260612,ea660348-9477-44af-a655-fcaed91d91f8,3895067,472,9446722000,9446722400
s3_s2sf12j2_kafka_rep4_20260612,kafka,sb-events-s3_s2sf12j2_kafka_rep4_20260612,5438d909-eb08-4a8c-9503-c7bdd8f341b0,3895086,472,9448249800,9448250300
s3_s2sf12j2_kafka_rep4_20260612,kafka,sb-events-s3_s2sf12j2_kafka_rep4_20260612,5a1224f9-cee7-481f-b467-6d6c61240bd0,3895074,473,9449982700,9449983000
s3_s2sf12j2_kafka_rep4_20260612,kafka,sb-events-s3_s2sf12j2_kafka_rep4_20260612,736ddb9b-44e9-4a00-b625-037a699bbbda,3895074,473,9451790500,9451790700
s3_s2sf12j2_kafka_rep4_20260612,kafka,sb-events-s3_s2sf12j2_kafka_rep4_20260612,033ce2f9-2f53-430a-ba21-b9765bb014d3,3895134,473,9453729800,9453730100
s3_s2sf12j2_kafka_rep4_20260612,kafka,sb-events-s3_s2sf12j2_kafka_rep4_20260612,9c22693c-1a75-479c-a62b-ad9b8d7102f5,3895134,473,9455244800,9455245100
s3_s2sf12j2_kafka_rep4_20260612,kafka,sb-events-s3_s2sf12j2_kafka_rep4_20260612,f4eea71a-2476-4f0c-8802-c9fe7503a3eb,3895086,473,9457024100,9457024400
s3_s2sf12j2_kafka_rep4_20260612,kafka,sb-events-s3_s2sf12j2_kafka_rep4_20260612,96e8d159-a7c9-4e88-8221-cc6182130e2c,3895086,473,9458832600,9458833000
s3_s2sf12j2_kafka_rep4_20260612,kafka,sb-events-s3_s2sf12j2_kafka_rep4_20260612,763d58f2-630f-42e6-84f6-858bc0a94324,3895067,474,9460831100,9460831400
s3_s2sf12j2_kafka_rep4_20260612,kafka,sb-events-s3_s2sf12j2_kafka_rep4_20260612,0744fba3-56cb-428d-bf40-a354a2b63441,3895067,474,9462225100,9462225400
s3_s2sf12j2_kafka_rep4_20260612,kafka,sb-events-s3_s2sf12j2_kafka_rep4_20260612,916a9bb1-597a-466a-a634-35a877e27113,3895067,474,9463867700,9463867900
s3_s2sf12j2_kafka_rep4_20260612,kafka,sb-events-s3_s2sf12j2_kafka_rep4_20260612,fc654822-aa94-435d-a06c-7894b15c0bde,3895086,474,9465690500,9465690700
s3_s2sf12j2_kafka_rep4_20260612,kafka,sb-events-s3_s2sf12j2_kafka_rep4_20260612,832afd0b-9588-4cc4-8963-9ecc26783b76,3895086,474,9467703800,9467704100
s3_s2sf12j2_kafka_rep4_20260612,kafka,sb-events-s3_s2sf12j2_kafka_rep4_20260612,2cc8e083-9ca4-42e3-99e5-e3a2ee2ee57e,3895060,475,9469587700,9469587900
s3_s2sf12j2_kafka_rep4_20260612,kafka,sb-events-s3_s2sf12j2_kafka_rep4_20260612,b7aa1457-1911-4c54-86d1-eeba7711879a,3895067,475,9471240600,9471240900
s3_s2sf12j2_kafka_rep4_20260612,kafka,sb-events-s3_s2sf12j2_kafka_rep4_20260612,90c97a83-0af0-422d-bb6b-ac616a0e970c,3895067,475,9472803200,9472803400
s3_s2sf12j2_kafka_rep4_20260612,kafka,sb-events-s3_s2sf12j2_kafka_rep4_20260612,f6e716c5-a169-4919-9d7e-ed4c2e6999f6,3895134,475,9474369600,9474370100
s3_s2sf12j2_kafka_rep4_20260612,kafka,sb-events-s3_s2sf12j2_kafka_rep4_20260612,d09e1dad-7cbf-4ef4-b81e-5bfe0b54a46c,3895060,476,9475999500,9476000000
s3_s2sf12j2_kafka_rep4_20260612,kafka,sb-events-s3_s2sf12j2_kafka_rep4_20260612,14c258e3-87a9-4477-8737-28fe88293009,3895060,476,9477484000,9477484200
s3_s2sf12j2_kafka_rep4_20260612,kafka,sb-events-s3_s2sf12j2_kafka_rep4_20260612,8974c6d2-f53a-48ed-9034-774ad8eb6a0d,3895060,476,9479389800,9479390100
s3_s2sf12j2_kafka_rep4_20260612,kafka,sb-events-s3_s2sf12j2_kafka_rep4_20260612,8848ed44-1708-4b22-9b9a-65f860954a94,3895067,476,9481459600,9481460000
s3_s2sf12j2_kafka_rep4_20260612,kafka,sb-events-s3_s2sf12j2_kafka_rep4_20260612,a8ae1297-c18b-48d8-8655-2179adf257c6,3895134,476,9483248800,9483249400
s3_s2sf12j2_kafka_rep4_20260612,kafka,sb-events-s3_s2sf12j2_kafka_rep4_20260612,117e1f76-6ab5-43de-9ce6-aed027465ea8,3895086,476,9484811000,9484811300
s3_s2sf12j2_kafka_rep4_20260612,kafka,sb-events-s3_s2sf12j2_kafka_rep4_20260612,972ab2c7-5124-4546-881b-68c14ae1221e,3895060,477,9486296000,9486296300
s3_s2sf12j2_kafka_rep4_20260612,kafka,sb-events-s3_s2sf12j2_kafka_rep4_20260612,ae535027-1a9b-460d-afb7-ca950e5f6454,3895060,477,9487953300,9487953800
s3_s2sf12j2_kafka_rep4_20260612,kafka,sb-events-s3_s2sf12j2_kafka_rep4_20260612,8532b186-9a6a-4a44-a560-98874af82849,3895060,477,9489558600,9489558900
s3_s2sf12j2_kafka_rep4_20260612,kafka,sb-events-s3_s2sf12j2_kafka_rep4_20260612,244dfe20-6f6e-4563-bb81-bd9571da46cc,3895067,477,9491054200,9491054700
s3_s2sf12j2_kafka_rep4_20260612,kafka,sb-events-s3_s2sf12j2_kafka_rep4_20260612,8be3754f-352d-4b91-bea2-1ee0c8bcfee6,3895067,477,9492974600,9492974900
s3_s2sf12j2_kafka_rep4_20260612,kafka,sb-events-s3_s2sf12j2_kafka_rep4_20260612,373dc7bd-d13d-460b-9ad3-78036b35a08c,3895134,477,9495400800,9495401000
s3_s2sf12j2_kafka_rep4_20260612,kafka,sb-events-s3_s2sf12j2_kafka_rep4_20260612,6b49f0b1-0667-49fc-9bd5-b77c657d113e,3895134,477,9497086800,9497087100
s3_s2sf12j2_kafka_rep4_20260612,kafka,sb-events-s3_s2sf12j2_kafka_rep4_20260612,953250cd-ee87-42f7-8410-b94cce63746a,3895134,477,9498495200,9498495500
s3_s2sf12j2_kafka_rep4_20260612,kafka,sb-events-s3_s2sf12j2_kafka_rep4_20260612,7d4c9d22-2c9b-41d1-94c9-5a0adeb7353e,3895086,477,9500141400,9500141600
s3_s2sf12j2_kafka_rep4_20260612,kafka,sb-events-s3_s2sf12j2_kafka_rep4_20260612,d2a3b47f-7400-4125-a313-daa4691f910e,3895086,477,9501613700,9501613900
s3_s2sf12j2_kafka_rep4_20260612,kafka,sb-events-s3_s2sf12j2_kafka_rep4_20260612,ddde6ce4-3882-4c5f-8ff4-ec7aad5e9cea,3895060,478,9502933700,9502933900
s3_s2sf12j2_kafka_rep4_20260612,kafka,sb-events-s3_s2sf12j2_kafka_rep4_20260612,370792a4-6940-42de-99a4-331696d204f2,3895060,478,9504527100,9504527400
s3_s2sf12j2_kafka_rep4_20260612,kafka,sb-events-s3_s2sf12j2_kafka_rep4_20260612,f7ee8391-8962-4fd7-a136-65b296f2d8cf,3895134,478,9506729400,9506729900
s3_s2sf12j2_kafka_rep4_20260612,kafka,sb-events-s3_s2sf12j2_kafka_rep4_20260612,8a1a4c5a-cfb0-428e-b323-174a4864193c,3895134,478,9508438200,9508438600
s3_s2sf12j2_kafka_rep4_20260612,kafka,sb-events-s3_s2sf12j2_kafka_rep4_20260612,53f7dfa9-747e-4181-82ac-41ca2bc3822c,3895121,479,9510202900,9510203300
s3_s2sf12j2_kafka_rep4_20260612,kafka,sb-events-s3_s2sf12j2_kafka_rep4_20260612,aedad7e5-5109-43e5-9b0d-81cfdf493ec6,3895107,479,9511700100,9511700400
s3_s2sf12j2_kafka_rep4_20260612,kafka,sb-events-s3_s2sf12j2_kafka_rep4_20260612,16f91cec-0a01-42f4-8808-b253d5027be9,3895134,479,9513789300,9513789600
s3_s2sf12j2_kafka_rep4_20260612,kafka,sb-events-s3_s2sf12j2_kafka_rep4_20260612,908f0f79-14ce-4dc5-ac04-dc1ce7df95c4,3895134,479,9515839900,9515840300
s3_s2sf12j2_kafka_rep4_20260612,kafka,sb-events-s3_s2sf12j2_kafka_rep4_20260612,29b69ac5-f3de-4f44-8a84-890f758f85d5,3895134,479,9517762100,9517762500
s3_s2sf12j2_kafka_rep4_20260612,kafka,sb-events-s3_s2sf12j2_kafka_rep4_20260612,89a798fc-4ca8-4ef3-b77b-b4067a3072e7,3895074,480,9519896100,9519896700
s3_s2sf12j2_kafka_rep4_20260612,kafka,sb-events-s3_s2sf12j2_kafka_rep4_20260612,89a798fc-4ca8-4ef3-b77b-b4067a3072e7__rev2,3895074,480,9522255800,9522256200
s3_s2sf12j2_kafka_rep4_20260612,kafka,sb-events-s3_s2sf12j2_kafka_rep4_20260612,c6d9a786-6fdb-4837-b172-c7206bc135b3,3895086,480,9522290600,9522290800
s3_s2sf12j2_kafka_rep4_20260612,kafka,sb-events-s3_s2sf12j2_kafka_rep4_20260612,24b86b4b-a054-4249-b219-ee01b5b9c20d,3895086,480,9523655400,9523655900
s3_s2sf12j2_kafka_rep4_20260612,kafka,sb-events-s3_s2sf12j2_kafka_rep4_20260612,c42ddc13-8e10-4684-99d7-5725503214d8,3895086,480,9525763900,9525764200
s3_s2sf12j2_kafka_rep4_20260612,kafka,sb-events-s3_s2sf12j2_kafka_rep4_20260612,7ef27699-3aca-4001-a41e-b73a91fafcfd,3895113,480,9527798200,9527798700
s3_s2sf12j2_kafka_rep4_20260612,kafka,sb-events-s3_s2sf12j2_kafka_rep4_20260612,dbeb1fe3-ad84-404e-9f8d-0c1b827c1318,3895121,481,9530003900,9530004200
s3_s2sf12j2_kafka_rep4_20260612,kafka,sb-events-s3_s2sf12j2_kafka_rep4_20260612,74ec5700-b779-47b1-85cd-96b1b98339f2,3895121,481,9531697100,9531697500
s3_s2sf12j2_kafka_rep4_20260612,kafka,sb-events-s3_s2sf12j2_kafka_rep4_20260612,13b8dcbe-a434-4e86-971f-b214f2ea3e2e,3895134,481,9533616800,9533617000
s3_s2sf12j2_kafka_rep4_20260612,kafka,sb-events-s3_s2sf12j2_kafka_rep4_20260612,4aacddba-d73e-4d40-ab6b-a9f793127492,3895134,481,9535514100,9535514500
s3_s2sf12j2_kafka_rep4_20260612,kafka,sb-events-s3_s2sf12j2_kafka_rep4_20260612,3f5ddab5-27ce-47e8-af7e-336e770db44f,3895074,482,9537249900,9537250200
s3_s2sf12j2_kafka_rep4_20260612,kafka,sb-events-s3_s2sf12j2_kafka_rep4_20260612,e2642e4c-ef25-4f71-9c1d-41ca3d90afb0,3895074,482,9538742100,9538742300
s3_s2sf12j2_kafka_rep4_20260612,kafka,sb-events-s3_s2sf12j2_kafka_rep4_20260612,f4bf9f3e-fa6e-47a3-ad62-2932f0db7659,3895060,482,9540141600,9540141900
s3_s2sf12j2_kafka_rep4_20260612,kafka,sb-events-s3_s2sf12j2_kafka_rep4_20260612,285cf6ae-4c95-4012-99f8-f22d78055627,3895060,482,9542096700,9542097000
s3_s2sf12j2_kafka_rep4_20260612,kafka,sb-events-s3_s2sf12j2_kafka_rep4_20260612,837fea5f-21ea-4230-bbbd-6453627b552d,3895060,482,9543967800,9543968100
s3_s2sf12j2_kafka_rep4_20260612,kafka,sb-events-s3_s2sf12j2_kafka_rep4_20260612,95238892-450f-4835-8948-5655fb7d2a1d,3895107,482,9546066900,9546067200
s3_s2sf12j2_kafka_rep4_20260612,kafka,sb-events-s3_s2sf12j2_kafka_rep4_20260612,8993f7b5-53ef-4450-abf1-fc158962b361,3895107,482,9548070000,9548070200
s3_s2sf12j2_kafka_rep4_20260612,kafka,sb-events-s3_s2sf12j2_kafka_rep4_20260612,0adc0c81-8baf-494a-95bc-290b2e78c770,3895113,482,9550072300,9550072500
s3_s2sf12j2_kafka_rep4_20260612,kafka,sb-events-s3_s2sf12j2_kafka_rep4_20260612,b76bd532-c731-40f2-a89d-54e54004daa3,3895113,482,9552563800,9552564100
s3_s2sf12j2_kafka_rep4_20260612,kafka,sb-events-s3_s2sf12j2_kafka_rep4_20260612,ceb3caa1-56d5-4fed-a5f7-845b5dfabc79,3895113,482,9554767500,9554767900
s3_s2sf12j2_kafka_rep4_20260612,kafka,sb-events-s3_s2sf12j2_kafka_rep4_20260612,ca7748eb-3897-4456-b2ef-1f825740617b,3895121,483,9556501600,9556501900
s3_s2sf12j2_kafka_rep4_20260612,kafka,sb-events-s3_s2sf12j2_kafka_rep4_20260612,8da412b2-81d6-413b-8752-bb248389a056,3895107,483,9558644400,9558644800
s3_s2sf12j2_kafka_rep4_20260612,kafka,sb-events-s3_s2sf12j2_kafka_rep4_20260612,664c8602-ba21-44c4-a57e-03ca8bfbd2a3,3895086,483,9560630100,9560630500
s3_s2sf12j2_kafka_rep4_20260612,kafka,sb-events-s3_s2sf12j2_kafka_rep4_20260612,92836f1b-71fd-43d3-aa9a-0311e4a62d38,3895113,483,9562433900,9562434100
s3_s2sf12j2_kafka_rep4_20260612,kafka,sb-events-s3_s2sf12j2_kafka_rep4_20260612,047e3d1d-965e-451e-9e8d-46e9bfcf3e56,3895121,484,9563815800,9563816000
s3_s2sf12j2_kafka_rep4_20260612,kafka,sb-events-s3_s2sf12j2_kafka_rep4_20260612,87d38202-5915-49d4-86be-09ae2f7ab10b,3895121,484,9565778800,9565779300
s3_s2sf12j2_kafka_rep4_20260612,kafka,sb-events-s3_s2sf12j2_kafka_rep4_20260612,c3bfecfb-e856-4a3c-ba74-a055a8619542,3895074,484,9567162300,9567162600
s3_s2sf12j2_kafka_rep4_20260612,kafka,sb-events-s3_s2sf12j2_kafka_rep4_20260612,a76d4db8-b7c8-4e40-bdf5-cf6c0cb201b4,3895060,484,9568997000,9568997300
s3_s2sf12j2_kafka_rep4_20260612,kafka,sb-events-s3_s2sf12j2_kafka_rep4_20260612,951e7ac9-28e8-49ac-b093-c767b98fe62f,3895134,484,9571161300,9571161600
s3_s2sf12j2_kafka_rep4_20260612,kafka,sb-events-s3_s2sf12j2_kafka_rep4_20260612,c778d902-0701-4e35-a2a4-5948422bd79f,3895121,485,9573457600,9573457900
s3_s2sf12j2_kafka_rep4_20260612,kafka,sb-events-s3_s2sf12j2_kafka_rep4_20260612,b1af8396-df2a-4b40-ae2c-691eea7b965b,3895074,485,9575461900,9575462400
s3_s2sf12j2_kafka_rep4_20260612,kafka,sb-events-s3_s2sf12j2_kafka_rep4_20260612,7d16a773-01d1-473b-812c-282c1e6890d5,3895074,485,9577252700,9577253000
s3_s2sf12j2_kafka_rep4_20260612,kafka,sb-events-s3_s2sf12j2_kafka_rep4_20260612,8383a687-f70b-42dd-a2dd-22641f5009aa,3895060,485,9578863600,9578863900
s3_s2sf12j2_kafka_rep4_20260612,kafka,sb-events-s3_s2sf12j2_kafka_rep4_20260612,85b77830-bcf8-4e34-bca8-468c92c6ef32,3895107,485,9580669200,9580669600
s3_s2sf12j2_kafka_rep4_20260612,kafka,sb-events-s3_s2sf12j2_kafka_rep4_20260612,ed1633a7-5f8b-4e48-979f-8d47a597c0d4,3895107,485,9582276300,9582276600
s3_s2sf12j2_kafka_rep4_20260612,kafka,sb-events-s3_s2sf12j2_kafka_rep4_20260612,7f90e39a-649d-4fca-98a8-b4d30215a07b,3895107,485,9584142500,9584142800
s3_s2sf12j2_kafka_rep4_20260612,kafka,sb-events-s3_s2sf12j2_kafka_rep4_20260612,cd3fa78f-9ef8-4cab-bd96-c2ccf13db744,3895134,485,9585700600,9585700900
s3_s2sf12j2_kafka_rep4_20260612,kafka,sb-events-s3_s2sf12j2_kafka_rep4_20260612,46b6748a-b45c-4b63-bd26-53c289b17e67,3895134,485,9587554300,9587554500
s3_s2sf12j2_kafka_rep4_20260612,kafka,sb-events-s3_s2sf12j2_kafka_rep4_20260612,957393b2-53ad-4a4a-bfad-aa5fd3b4ca34,3895134,485,9589448300,9589448600
s3_s2sf12j2_kafka_rep4_20260612,kafka,sb-events-s3_s2sf12j2_kafka_rep4_20260612,f0404473-617c-4442-b678-ffd5a3faec6d,3895086,485,9591030900,9591031200
s3_s2sf12j2_kafka_rep4_20260612,kafka,sb-events-s3_s2sf12j2_kafka_rep4_20260612,be06b608-79e3-4e92-90c3-da7c46624e3c,3895086,485,9592723900,9592724200
s3_s2sf12j2_kafka_rep4_20260612,kafka,sb-events-s3_s2sf12j2_kafka_rep4_20260612,43f04a8e-de91-457b-9151-2d6a0b0048f0,3895121,486,9594252900,9594253200
s3_s2sf12j2_kafka_rep4_20260612,kafka,sb-events-s3_s2sf12j2_kafka_rep4_20260612,58d93f50-8b43-438f-8a71-654ba72953a2,3895121,486,9595760400,9595760700
s3_s2sf12j2_kafka_rep4_20260612,kafka,sb-events-s3_s2sf12j2_kafka_rep4_20260612,a942d413-8e18-478c-b604-5b6c6e4da504,3895121,486,9597236100,9597236400
s3_s2sf12j2_kafka_rep4_20260612,kafka,sb-events-s3_s2sf12j2_kafka_rep4_20260612,6b3565f7-be6c-4ed4-850f-cabf2e1cc00b,3895060,486,9598800200,9598800500
s3_s2sf12j2_kafka_rep4_20260612,kafka,sb-events-s3_s2sf12j2_kafka_rep4_20260612,b303f39f-bb13-42dd-90fb-37542c2aa67c,3895060,486,9600780300,9600780800
s3_s2sf12j2_kafka_rep4_20260612,kafka,sb-events-s3_s2sf12j2_kafka_rep4_20260612,6b555d33-1201-491e-b05a-daf424748369,3895107,486,9602353200,9602353500
s3_s2sf12j2_kafka_rep4_20260612,kafka,sb-events-s3_s2sf12j2_kafka_rep4_20260612,c93be192-605a-420c-827a-3cfd01facaa6,3895134,486,9604232100,9604232500
s3_s2sf12j2_kafka_rep4_20260612,kafka,sb-events-s3_s2sf12j2_kafka_rep4_20260612,a12affa9-0528-43ab-ba6c-bcf1e75acc94,3895113,486,9605716000,9605716400
s3_s2sf12j2_kafka_rep4_20260612,kafka,sb-events-s3_s2sf12j2_kafka_rep4_20260612,e2ea1f32-6183-4d41-ad14-3eed7e69de60,3895121,487,9607236000,9607236300
s3_s2sf12j2_kafka_rep4_20260612,kafka,sb-events-s3_s2sf12j2_kafka_rep4_20260612,d966ad98-cfbf-4352-9296-7184ce8dd5cf,3895121,487,9608850500,9608851000
s3_s2sf12j2_kafka_rep4_20260612,kafka,sb-events-s3_s2sf12j2_kafka_rep4_20260612,05222980-8d38-4f2b-afc6-771c792f2ebd,3895074,487,9610457600,9610457900
s3_s2sf12j2_kafka_rep4_20260612,kafka,sb-events-s3_s2sf12j2_kafka_rep4_20260612,2af02957-ad76-4bfb-8e72-dd95237e58ff,3895134,487,9612616700,9612617100
s3_s2sf12j2_kafka_rep4_20260612,kafka,sb-events-s3_s2sf12j2_kafka_rep4_20260612,05222980-8d38-4f2b-afc6-771c792f2ebd__rev2,3895074,487,9612649200,9612649300
s3_s2sf12j2_kafka_rep4_20260612,kafka,sb-events-s3_s2sf12j2_kafka_rep4_20260612,08f7eb42-654b-48d2-bb70-c124ee425bca,3895134,487,9614695500,9614695800
s3_s2sf12j2_kafka_rep4_20260612,kafka,sb-events-s3_s2sf12j2_kafka_rep4_20260612,0e05c17a-6a6a-4714-b16c-2683603d2d25,3895134,487,9616490300,9616490600
s3_s2sf12j2_kafka_rep4_20260612,kafka,sb-events-s3_s2sf12j2_kafka_rep4_20260612,ecf56765-45f3-4939-b7c7-80aae2e885f3,3895121,488,9618384700,9618385100
s3_s2sf12j2_kafka_rep4_20260612,kafka,sb-events-s3_s2sf12j2_kafka_rep4_20260612,e6ecb80c-31c6-4993-80fd-fc4563512816,3895074,488,9619855100,9619855300
s3_s2sf12j2_kafka_rep4_20260612,kafka,sb-events-s3_s2sf12j2_kafka_rep4_20260612,a5e5a83b-7802-41aa-b6d3-bdc3d89ef467,3895074,488,9621325100,9621325500
s3_s2sf12j2_kafka_rep4_20260612,kafka,sb-events-s3_s2sf12j2_kafka_rep4_20260612,7c1ae576-43b9-4809-96a2-8d75d120bdf9,3895060,488,9622945200,9622945500
s3_s2sf12j2_kafka_rep4_20260612,kafka,sb-events-s3_s2sf12j2_kafka_rep4_20260612,b4caad63-e87c-4d16-91e6-0713c3e66d8a,3895134,488,9624332000,9624332200
s3_s2sf12j2_kafka_rep4_20260612,kafka,sb-events-s3_s2sf12j2_kafka_rep4_20260612,ce9bd9f3-7328-4fb6-8ce2-001279f6baca,3895134,488,9625862900,9625863200
s3_s2sf12j2_kafka_rep4_20260612,kafka,sb-events-s3_s2sf12j2_kafka_rep4_20260612,3cecaa4c-ea18-46a7-af6f-8f5648494858,3895134,488,9627728700,9627729000
s3_s2sf12j2_kafka_rep4_20260612,kafka,sb-events-s3_s2sf12j2_kafka_rep4_20260612,03cdcd5c-a767-497e-812a-1d9073e0c4a2,3895121,489,9629586300,9629586900
s3_s2sf12j2_kafka_rep4_20260612,kafka,sb-events-s3_s2sf12j2_kafka_rep4_20260612,9117a504-f88b-4845-b57d-cf05f5639246,3895121,489,9631133800,9631134200
s3_s2sf12j2_kafka_rep4_20260612,kafka,sb-events-s3_s2sf12j2_kafka_rep4_20260612,366f016f-4ca0-4933-82f3-1298e240909e,3895121,489,9632398900,9632399100
s3_s2sf12j2_kafka_rep4_20260612,kafka,sb-events-s3_s2sf12j2_kafka_rep4_20260612,07808a67-ad47-47bc-a238-346452e54263,3895060,489,9634545600,9634546000
s3_s2sf12j2_kafka_rep4_20260612,kafka,sb-events-s3_s2sf12j2_kafka_rep4_20260612,000f35a9-2b85-41c6-abac-a626f2441789,3895060,489,9636753600,9636754000
s3_s2sf12j2_kafka_rep4_20260612,kafka,sb-events-s3_s2sf12j2_kafka_rep4_20260612,2bdddfbd-053f-4a97-8498-95abdc1c7dc4,3895107,489,9638515600,9638516000
s3_s2sf12j2_kafka_rep4_20260612,kafka,sb-events-s3_s2sf12j2_kafka_rep4_20260612,98d06e2c-ae92-4556-a4f8-81378b516de0,3895107,489,9640845500,9640845800
s3_s2sf12j2_kafka_rep4_20260612,kafka,sb-events-s3_s2sf12j2_kafka_rep4_20260612,06595666-fba3-4a30-8c54-cca4a3cbbaec,3895107,489,9642500600,9642500800
s3_s2sf12j2_kafka_rep4_20260612,kafka,sb-events-s3_s2sf12j2_kafka_rep4_20260612,682d7033-38f1-439b-b78a-3d274b907f1f,3895121,490,9644126500,9644126900
s3_s2sf12j2_kafka_rep4_20260612,kafka,sb-events-s3_s2sf12j2_kafka_rep4_20260612,a353dfdb-141a-410a-b45c-e1cb9388a566,3895121,490,9646085100,9646085400
s3_s2sf12j2_kafka_rep4_20260612,kafka,sb-events-s3_s2sf12j2_kafka_rep4_20260612,2a543699-da87-4c42-89d1-1ea6ddb38055,3895074,490,9647512200,9647512500
s3_s2sf12j2_kafka_rep4_20260612,kafka,sb-events-s3_s2sf12j2_kafka_rep4_20260612,56076b76-7d56-462c-a75f-447aa1a0bd14,3895107,490,9648910400,9648911000
s3_s2sf12j2_kafka_rep4_20260612,kafka,sb-events-s3_s2sf12j2_kafka_rep4_20260612,99081fb6-b69d-4338-8f1f-922438e3783b,3895107,490,9650200800,9650201100
s3_s2sf12j2_kafka_rep4_20260612,kafka,sb-events-s3_s2sf12j2_kafka_rep4_20260612,88bb115f-67ab-40f6-b4c7-766b19e452be,3895134,490,9652530700,9652531000
s3_s2sf12j2_kafka_rep4_20260612,kafka,sb-events-s3_s2sf12j2_kafka_rep4_20260612,1d6db182-b7b7-4cab-968b-31ddf57127ab,3895134,490,9654969500,9654970000
s3_s2sf12j2_kafka_rep4_20260612,kafka,sb-events-s3_s2sf12j2_kafka_rep4_20260612,ec6ea184-6d2d-4f2c-bab8-9ae0e7a5fb6f,3895134,490,9657095900,9657096300
s3_s2sf12j2_kafka_rep4_20260612,kafka,sb-events-s3_s2sf12j2_kafka_rep4_20260612,7aa0cc37-69ea-4786-9980-3519c3255674,3895134,490,9658998800,9658999000
s3_s2sf12j2_kafka_rep4_20260612,kafka,sb-events-s3_s2sf12j2_kafka_rep4_20260612,e06ad83e-9048-4b32-b1f7-ee0724959468,3895086,490,9660710300,9660710600
s3_s2sf12j2_kafka_rep4_20260612,kafka,sb-events-s3_s2sf12j2_kafka_rep4_20260612,cdb3c3ca-1548-4619-a5c0-53922bd51131,3895121,491,9662461500,9662461800
s3_s2sf12j2_kafka_rep4_20260612,kafka,sb-events-s3_s2sf12j2_kafka_rep4_20260612,bb930c94-f48c-4f37-9c5b-00ced40855ca,3895074,491,9664462100,9664462600
s3_s2sf12j2_kafka_rep4_20260612,kafka,sb-events-s3_s2sf12j2_kafka_rep4_20260612,dd2f4e5f-d8ce-426b-9066-8df201864e61,3895074,491,9666450200,9666450500
s3_s2sf12j2_kafka_rep4_20260612,kafka,sb-events-s3_s2sf12j2_kafka_rep4_20260612,304eb7ff-0921-45ca-b358-ab14cceba575,3895086,491,9668315100,9668315400
s3_s2sf12j2_kafka_rep4_20260612,kafka,sb-events-s3_s2sf12j2_kafka_rep4_20260612,706e234a-813a-4d60-94c4-c9c4e0e5445d,3895086,491,9670434800,9670435200
s3_s2sf12j2_kafka_rep4_20260612,kafka,sb-events-s3_s2sf12j2_kafka_rep4_20260612,21fdfd11-c287-40e0-acfb-4f3413472b55,3895113,491,9672399500,9672400100
s3_s2sf12j2_kafka_rep4_20260612,kafka,sb-events-s3_s2sf12j2_kafka_rep4_20260612,8cf7a06e-4aa1-4d99-a448-2869a8267604,3895113,491,9674348600,9674349000
s3_s2sf12j2_kafka_rep4_20260612,kafka,sb-events-s3_s2sf12j2_kafka_rep4_20260612,9c189581-25f5-452f-a479-b63e47e7a926,3895121,492,9675857800,9675858100
s3_s2sf12j2_kafka_rep4_20260612,kafka,sb-events-s3_s2sf12j2_kafka_rep4_20260612,dbf5f764-0435-4902-a430-cdd06ae7e0b3,3895121,492,9677564000,9677564300
s3_s2sf12j2_kafka_rep4_20260612,kafka,sb-events-s3_s2sf12j2_kafka_rep4_20260612,66f10fb4-e68e-4fc6-a501-501875d01502,3895134,492,9679129000,9679129500
s3_s2sf12j2_kafka_rep4_20260612,kafka,sb-events-s3_s2sf12j2_kafka_rep4_20260612,c5834c0a-d01f-476c-859e-fa64401e82fa,3895060,493,9681269900,9681270200
s3_s2sf12j2_kafka_rep4_20260612,kafka,sb-events-s3_s2sf12j2_kafka_rep4_20260612,e499c4aa-5490-4f72-90bd-747c7f989f5f,3895086,493,9683441100,9683441400
s3_s2sf12j2_kafka_rep4_20260612,kafka,sb-events-s3_s2sf12j2_kafka_rep4_20260612,5e503645-a8a4-44f8-a69e-f410f81694b0,3895121,494,9685044000,9685044400
s3_s2sf12j2_kafka_rep4_20260612,kafka,sb-events-s3_s2sf12j2_kafka_rep4_20260612,aa291908-f334-4120-ab4d-0d58856b1b06,3895060,494,9686932600,9686933000
s3_s2sf12j2_kafka_rep4_20260612,kafka,sb-events-s3_s2sf12j2_kafka_rep4_20260612,9fd12bc1-c51b-440b-9dcb-07af878748e5,3895060,494,9688795200,9688795700
s3_s2sf12j2_kafka_rep4_20260612,kafka,sb-events-s3_s2sf12j2_kafka_rep4_20260612,79bfca80-3bb9-428e-afd3-b10dcdfab364,3895107,494,9690352800,9690353200
s3_s2sf12j2_kafka_rep4_20260612,kafka,sb-events-s3_s2sf12j2_kafka_rep4_20260612,282ccc6d-03c7-4a39-9b17-6c21b9d68061,3895134,494,9691992000,9691992300
s3_s2sf12j2_kafka_rep4_20260612,kafka,sb-events-s3_s2sf12j2_kafka_rep4_20260612,f28a1fce-5c9a-4f7d-a147-140be4739f19,3895134,494,9694089900,9694090300
s3_s2sf12j2_kafka_rep4_20260612,kafka,sb-events-s3_s2sf12j2_kafka_rep4_20260612,bc5cf701-66a0-4bbf-a349-b178a8999ebb,3895134,494,9695903000,9695903500
s3_s2sf12j2_kafka_rep4_20260612,kafka,sb-events-s3_s2sf12j2_kafka_rep4_20260612,df02b885-6e54-4fa9-aa9c-3dea7d1f3e8c,3895086,494,9697687000,9697687400
s3_s2sf12j2_kafka_rep4_20260612,kafka,sb-events-s3_s2sf12j2_kafka_rep4_20260612,38beb407-8de7-45aa-b363-9e9400b06786,3895086,494,9699176000,9699176500
s3_s2sf12j2_kafka_rep4_20260612,kafka,sb-events-s3_s2sf12j2_kafka_rep4_20260612,fb16a882-9345-4f62-b3c2-b77deeb293cd,3895086,494,9700649000,9700649300
s3_s2sf12j2_kafka_rep4_20260612,kafka,sb-events-s3_s2sf12j2_kafka_rep4_20260612,7f355249-a363-4945-8de6-0960fc538c4b,3895121,495,9702728100,9702728400
s3_s2sf12j2_kafka_rep4_20260612,kafka,sb-events-s3_s2sf12j2_kafka_rep4_20260612,fb16a882-9345-4f62-b3c2-b77deeb293cd__rev2,3895086,494,9702757800,9702758000
s3_s2sf12j2_kafka_rep4_20260612,kafka,sb-events-s3_s2sf12j2_kafka_rep4_20260612,79b4d10f-cbf0-47c1-824f-6698d5e4edac,3895121,495,9704237300,9704237700
s3_s2sf12j2_kafka_rep4_20260612,kafka,sb-events-s3_s2sf12j2_kafka_rep4_20260612,83eff5a7-d12d-45ef-ad82-77def160ad9a,3895107,495,9705863700,9705864000
s3_s2sf12j2_kafka_rep4_20260612,kafka,sb-events-s3_s2sf12j2_kafka_rep4_20260612,a198c926-b88b-47aa-8e41-0e5e248b3b3c,3895107,495,9707935300,9707935700
s3_s2sf12j2_kafka_rep4_20260612,kafka,sb-events-s3_s2sf12j2_kafka_rep4_20260612,4e9e9d9f-cdf5-43b2-a5f2-beb488fbcb19,3895134,495,9709758200,9709758500
s3_s2sf12j2_kafka_rep4_20260612,kafka,sb-events-s3_s2sf12j2_kafka_rep4_20260612,95e4ada0-2e61-43c6-be13-450cc214cac9,3895052,495,9711496400,9711496800
s3_s2sf12j2_kafka_rep4_20260612,kafka,sb-events-s3_s2sf12j2_kafka_rep4_20260612,36b81839-40f5-4f32-9b4c-dd3e73fb49c0,3895052,495,9713139600,9713139800
s3_s2sf12j2_kafka_rep4_20260612,kafka,sb-events-s3_s2sf12j2_kafka_rep4_20260612,fb6fbf54-77ce-4f8e-b591-1c3957b2a36a,3895052,495,9714944800,9714945300
s3_s2sf12j2_kafka_rep4_20260612,kafka,sb-events-s3_s2sf12j2_kafka_rep4_20260612,36d51267-1035-4ac7-bb14-68d6af0a1cd8,3895086,495,9716561800,9716562100
s3_s2sf12j2_kafka_rep4_20260612,kafka,sb-events-s3_s2sf12j2_kafka_rep4_20260612,fa22a2ec-1760-4ad3-9e83-53154656b246,3895086,495,9718043700,9718044000
s3_s2sf12j2_kafka_rep4_20260612,kafka,sb-events-s3_s2sf12j2_kafka_rep4_20260612,ae71ab01-5c07-4ff3-9c80-c8fd97b5bcf6,3895074,496,9719844300,9719844600
s3_s2sf12j2_kafka_rep4_20260612,kafka,sb-events-s3_s2sf12j2_kafka_rep4_20260612,46528eab-fa59-442f-822e-3a79553c021d,3895060,496,9721609700,9721610000
s3_s2sf12j2_kafka_rep4_20260612,kafka,sb-events-s3_s2sf12j2_kafka_rep4_20260612,23ccb833-f6d6-486d-b197-093b12a3b022,3895052,496,9723177200,9723177500
s3_s2sf12j2_kafka_rep4_20260612,kafka,sb-events-s3_s2sf12j2_kafka_rep4_20260612,6e9c8830-ae8d-4c87-a2df-ea2f4e761a31,3895113,496,9724844100,9724844400
s3_s2sf12j2_kafka_rep4_20260612,kafka,sb-events-s3_s2sf12j2_kafka_rep4_20260612,349c860b-0f6f-4a48-a3a4-82754df57b17,3895121,497,9726920600,9726921000
s3_s2sf12j2_kafka_rep4_20260612,kafka,sb-events-s3_s2sf12j2_kafka_rep4_20260612,097d985b-dd53-44cd-aefd-f855260f26cd,3895121,497,9728398300,9728398600
s3_s2sf12j2_kafka_rep4_20260612,kafka,sb-events-s3_s2sf12j2_kafka_rep4_20260612,2374f137-bec8-49e5-9330-16563a8a81d6,3895074,497,9730378000,9730378300
s3_s2sf12j2_kafka_rep4_20260612,kafka,sb-events-s3_s2sf12j2_kafka_rep4_20260612,d469a9d6-e82d-4892-a8fe-b0d1e9aa81e9,3895121,497,9731840600,9731840900
s3_s2sf12j2_kafka_rep4_20260612,kafka,sb-events-s3_s2sf12j2_kafka_rep4_20260612,ab2777c0-bfb8-4da2-8a20-10a2c3e3a93d,3895074,497,9733758000,9733758400
s3_s2sf12j2_kafka_rep4_20260612,kafka,sb-events-s3_s2sf12j2_kafka_rep4_20260612,8d5f6a0f-1357-41f8-8bd9-68c2dc7442ee,3895121,497,9735525100,9735525500
s3_s2sf12j2_kafka_rep4_20260612,kafka,sb-events-s3_s2sf12j2_kafka_rep4_20260612,00fa6196-4063-45d8-956c-06c3ea90ed18,3895060,497,9737365100,9737365300
s3_s2sf12j2_kafka_rep4_20260612,kafka,sb-events-s3_s2sf12j2_kafka_rep4_20260612,b509255f-5ce8-4e0f-b9af-227898104cc3,3895052,497,9739574200,9739574600
s3_s2sf12j2_kafka_rep4_20260612,kafka,sb-events-s3_s2sf12j2_kafka_rep4_20260612,94631ed6-f06b-4d80-bca3-78f4d71c9f63,3895052,497,9741765200,9741765700
s3_s2sf12j2_kafka_rep4_20260612,kafka,sb-events-s3_s2sf12j2_kafka_rep4_20260612,a9527b6b-0623-4bab-bf54-aefec2fec1f9,3895052,497,9743722200,9743722400
s3_s2sf12j2_kafka_rep4_20260612,kafka,sb-events-s3_s2sf12j2_kafka_rep4_20260612,31975108-41b0-4ba2-8378-59b33016cf30,3895121,498,9745245900,9745246200
s3_s2sf12j2_kafka_rep4_20260612,kafka,sb-events-s3_s2sf12j2_kafka_rep4_20260612,cc427fbe-f6e8-4e63-952a-6b9e470993d8,3895121,498,9747216300,9747216600
s3_s2sf12j2_kafka_rep4_20260612,kafka,sb-events-s3_s2sf12j2_kafka_rep4_20260612,d20b19c3-a48a-4459-bd05-f6f213cec7c4,3895107,498,9749228400,9749228900
s3_s2sf12j2_kafka_rep4_20260612,kafka,sb-events-s3_s2sf12j2_kafka_rep4_20260612,8489e4af-e8a2-4a05-9209-57c43e56c29a,3895107,498,9750729200,9750729400
s3_s2sf12j2_kafka_rep4_20260612,kafka,sb-events-s3_s2sf12j2_kafka_rep4_20260612,23f81b42-468f-482f-9fba-fd5a759ece05,3895052,498,9752688700,9752689100
s3_s2sf12j2_kafka_rep4_20260612,kafka,sb-events-s3_s2sf12j2_kafka_rep4_20260612,4fa1ad05-9e3e-4aec-8aaa-ad45ae06e6f7,3895074,499,9754337200,9754337500
s3_s2sf12j2_kafka_rep4_20260612,kafka,sb-events-s3_s2sf12j2_kafka_rep4_20260612,e9c3a5da-9830-40b2-9364-64162b43b582,3895086,499,9755998600,9755999000
s3_s2sf12j2_kafka_rep4_20260612,kafka,sb-events-s3_s2sf12j2_kafka_rep4_20260612,feab16e4-3ce0-4fab-84a2-777868a3816a,3895052,499,9757727100,9757727600
s3_s2sf12j2_kafka_rep4_20260612,kafka,sb-events-s3_s2sf12j2_kafka_rep4_20260612,62929983-b83d-42b8-b2e7-a9cb86bf9a51,3895052,499,9759501000,9759501400
s3_s2sf12j2_kafka_rep4_20260612,kafka,sb-events-s3_s2sf12j2_kafka_rep4_20260612,9ac39e85-58a9-41c2-a2d7-2aecc4fbb2b3,3895052,499,9761818900,9761819200
s3_s2sf12j2_kafka_rep4_20260612,kafka,sb-events-s3_s2sf12j2_kafka_rep4_20260612,b01f8464-7bf3-438a-8574-56324d3b599d,3895052,499,9763714400,9763714700
s3_s2sf12j2_kafka_rep4_20260612,kafka,sb-events-s3_s2sf12j2_kafka_rep4_20260612,a4d8d068-2e7d-40c7-9473-b3a2519fcf1b,3895060,500,9765785600,9765785900
s3_s2sf12j2_kafka_rep4_20260612,kafka,sb-events-s3_s2sf12j2_kafka_rep4_20260612,26f59fd2-69a8-42de-8dc6-df08ee3bdb3c,3895060,500,9767581800,9767582100
s3_s2sf12j2_kafka_rep4_20260612,kafka,sb-events-s3_s2sf12j2_kafka_rep4_20260612,1b200e19-bcae-4e89-bbaf-519116e651e0,3895060,500,9769562500,9769562900
s3_s2sf12j2_kafka_rep4_20260612,kafka,sb-events-s3_s2sf12j2_kafka_rep4_20260612,769c59c8-d90f-41d6-b6c9-c1084a76dd4c,3895052,500,9771281100,9771281400
s3_s2sf12j2_kafka_rep4_20260612,kafka,sb-events-s3_s2sf12j2_kafka_rep4_20260612,dad1eb75-e6bd-46d1-8462-fa306e58eb98,3895052,500,9773371300,9773371500
s3_s2sf12j2_kafka_rep4_20260612,kafka,sb-events-s3_s2sf12j2_kafka_rep4_20260612,01858249-1519-44d6-bb45-0aba8780753c,3895074,501,9775424800,9775425100
s3_s2sf12j2_kafka_rep4_20260612,kafka,sb-events-s3_s2sf12j2_kafka_rep4_20260612,ef3a2a56-3dd3-458e-9803-1d23bab9927c,3895074,501,9777394400,9777394800
s3_s2sf12j2_kafka_rep4_20260612,kafka,sb-events-s3_s2sf12j2_kafka_rep4_20260612,0eea2dd4-63e5-477d-89c8-11a6f2bc7cc3,3895121,501,9779078500,9779078900
s3_s2sf12j2_kafka_rep4_20260612,kafka,sb-events-s3_s2sf12j2_kafka_rep4_20260612,4689ee5d-a165-41b9-9765-54cf26b89974,3895074,502,9780566900,9780567300
s3_s2sf12j2_kafka_rep4_20260612,kafka,sb-events-s3_s2sf12j2_kafka_rep4_20260612,5e582e3c-1ad1-415a-b7bc-2f176f4c9446,3895121,502,9781927100,9781927500
s3_s2sf12j2_kafka_rep4_20260612,kafka,sb-events-s3_s2sf12j2_kafka_rep4_20260612,5cdac360-9d16-49d3-9ffd-1919de2da36b,3895074,502,9784038500,9784038800
s3_s2sf12j2_kafka_rep4_20260612,kafka,sb-events-s3_s2sf12j2_kafka_rep4_20260612,befe82b8-5c71-4a55-a5b4-02af982c82d8,3895121,502,9786013000,9786013300
s3_s2sf12j2_kafka_rep4_20260612,kafka,sb-events-s3_s2sf12j2_kafka_rep4_20260612,b2197139-ab0d-4a33-a3ba-54116a30f7bb,3895121,502,9788546600,9788546900
s3_s2sf12j2_kafka_rep4_20260612,kafka,sb-events-s3_s2sf12j2_kafka_rep4_20260612,b012221e-4a45-4aeb-9c92-fd453c3300f0,3895086,502,9790493000,9790493700
s3_s2sf12j2_kafka_rep4_20260612,kafka,sb-events-s3_s2sf12j2_kafka_rep4_20260612,f318531c-c8ed-4a7e-97cd-55840d34acba,3895086,502,9791917800,9791918100
s3_s2sf12j2_kafka_rep4_20260612,kafka,sb-events-s3_s2sf12j2_kafka_rep4_20260612,f318531c-c8ed-4a7e-97cd-55840d34acba__rev2,3895086,502,9794395400,9794395700
s3_s2sf12j2_kafka_rep4_20260612,kafka,sb-events-s3_s2sf12j2_kafka_rep4_20260612,5c45bd25-de47-443a-8ed9-786514ebef57,3895086,502,9794430300,9794430800
s3_s2sf12j2_kafka_rep4_20260612,kafka,sb-events-s3_s2sf12j2_kafka_rep4_20260612,6b55c7b4-0df3-495c-a316-e9d30d9d7cbf,3895121,503,9796326900,9796327400
s3_s2sf12j2_kafka_rep4_20260612,kafka,sb-events-s3_s2sf12j2_kafka_rep4_20260612,67b8807d-e89c-444e-80ff-9af9f9fb413a,3895121,503,9798042800,9798043100
s3_s2sf12j2_kafka_rep4_20260612,kafka,sb-events-s3_s2sf12j2_kafka_rep4_20260612,c36319b4-340c-4aa6-a301-87f79b484a51,3895121,503,9800015600,9800015900
s3_s2sf12j2_kafka_rep4_20260612,kafka,sb-events-s3_s2sf12j2_kafka_rep4_20260612,50f1847f-5a57-4784-959a-1723f2df29b1,3895113,503,9801947100,9801947400
s3_s2sf12j2_kafka_rep4_20260612,kafka,sb-events-s3_s2sf12j2_kafka_rep4_20260612,fbcb9f5a-d91a-47d4-afe2-3c2aa23dc067,3895121,504,9803372100,9803372500
s3_s2sf12j2_kafka_rep4_20260612,kafka,sb-events-s3_s2sf12j2_kafka_rep4_20260612,60b55915-d435-48fd-898e-04f288d4b2c3,3895086,504,9805403100,9805403500
s3_s2sf12j2_kafka_rep4_20260612,kafka,sb-events-s3_s2sf12j2_kafka_rep4_20260612,6e98b601-c611-457d-9593-f8d157c7f801,3895074,505,9806903200,9806903600
s3_s2sf12j2_kafka_rep4_20260612,kafka,sb-events-s3_s2sf12j2_kafka_rep4_20260612,fb7d3b90-692d-43e5-a65d-8e61f6e5b040,3895074,505,9808587700,9808588100
s3_s2sf12j2_kafka_rep4_20260612,kafka,sb-events-s3_s2sf12j2_kafka_rep4_20260612,a3cfd6b0-d711-4f55-84cc-be15bced671a,3895121,505,9810230500,9810230800
s3_s2sf12j2_kafka_rep4_20260612,kafka,sb-events-s3_s2sf12j2_kafka_rep4_20260612,1da2d822-cce2-4126-8882-a2d996fd1656,3895121,505,9811767500,9811768000
s3_s2sf12j2_kafka_rep4_20260612,kafka,sb-events-s3_s2sf12j2_kafka_rep4_20260612,df472239-e889-4914-beb3-d6285b5ce491,3895067,505,9813803500,9813803700
s3_s2sf12j2_kafka_rep4_20260612,kafka,sb-events-s3_s2sf12j2_kafka_rep4_20260612,f57fccfc-218e-4f67-bc86-a0d2d3fe8f66,3895086,505,9816079800,9816080100
s3_s2sf12j2_kafka_rep4_20260612,kafka,sb-events-s3_s2sf12j2_kafka_rep4_20260612,c856534a-3c18-4142-b38d-920963780018,3895086,505,9817984800,9817985200
s3_s2sf12j2_kafka_rep4_20260612,kafka,sb-events-s3_s2sf12j2_kafka_rep4_20260612,61080830-9dbb-47f1-ac2e-01fc991446bf,3895113,505,9819557800,9819558000
s3_s2sf12j2_kafka_rep4_20260612,kafka,sb-events-s3_s2sf12j2_kafka_rep4_20260612,ab45e3b1-1285-406a-a7df-f419271eb959,3895121,506,9821309000,9821309300
s3_s2sf12j2_kafka_rep4_20260612,kafka,sb-events-s3_s2sf12j2_kafka_rep4_20260612,cd48420d-0319-4e1e-a89d-cb381910cea7,3895107,506,9822654400,9822654700
s3_s2sf12j2_kafka_rep4_20260612,kafka,sb-events-s3_s2sf12j2_kafka_rep4_20260612,d376b111-5b18-48ea-b576-bc1d36938281,3895052,506,9824226400,9824226700
s3_s2sf12j2_kafka_rep4_20260612,kafka,sb-events-s3_s2sf12j2_kafka_rep4_20260612,889c4db8-e13a-48e3-8db5-cee44aba727a,3895113,506,9826222800,9826223100
s3_s2sf12j2_kafka_rep4_20260612,kafka,sb-events-s3_s2sf12j2_kafka_rep4_20260612,5908c90f-a5c7-482a-9a85-a6598518aca0,3895067,507,9828224300,9828224800
s3_s2sf12j2_kafka_rep4_20260612,kafka,sb-events-s3_s2sf12j2_kafka_rep4_20260612,3a0f5619-1db6-4faa-9444-0b8c80f39327,3895067,507,9830017400,9830017900
s3_s2sf12j2_kafka_rep4_20260612,kafka,sb-events-s3_s2sf12j2_kafka_rep4_20260612,52986c02-91fb-42f4-b028-11b2249bc4c3,3895067,507,9831491900,9831492200
s3_s2sf12j2_kafka_rep4_20260612,kafka,sb-events-s3_s2sf12j2_kafka_rep4_20260612,cc0b3883-e667-4f14-b40b-0e23e63619f2,3895086,507,9832791400,9832791800
s3_s2sf12j2_kafka_rep4_20260612,kafka,sb-events-s3_s2sf12j2_kafka_rep4_20260612,e6ec7ece-a735-482f-b3d2-ec79ecb4c08e,3895052,507,9834158400,9834158700
s3_s2sf12j2_kafka_rep4_20260612,kafka,sb-events-s3_s2sf12j2_kafka_rep4_20260612,09901199-98b3-40fa-ac48-d43fed28f1ed,3895052,507,9835602400,9835602700
s3_s2sf12j2_kafka_rep4_20260612,kafka,sb-events-s3_s2sf12j2_kafka_rep4_20260612,421e9071-e8f9-4792-9f29-d0723762e664,3895074,508,9837340200,9837340500
s3_s2sf12j2_kafka_rep4_20260612,kafka,sb-events-s3_s2sf12j2_kafka_rep4_20260612,bbf627c7-85ce-4949-90b9-67bcb2cb9202,3895121,508,9839315800,9839316200
s3_s2sf12j2_kafka_rep4_20260612,kafka,sb-events-s3_s2sf12j2_kafka_rep4_20260612,b1037ea4-9196-425b-98aa-8134344efb9d,3895121,508,9841200500,9841200800
s3_s2sf12j2_kafka_rep4_20260612,kafka,sb-events-s3_s2sf12j2_kafka_rep4_20260612,d5b86ee5-b761-4e83-b57d-5220091344ad,3895060,508,9843198600,9843199000
s3_s2sf12j2_kafka_rep4_20260612,kafka,sb-events-s3_s2sf12j2_kafka_rep4_20260612,a03e16dd-44d2-4881-ab44-489c1fdf20cb,3895107,508,9845168400,9845168800
s3_s2sf12j2_kafka_rep4_20260612,kafka,sb-events-s3_s2sf12j2_kafka_rep4_20260612,4d025bbb-e591-4758-9a46-7fe0820c3bee,3895107,508,9846570000,9846570200
s3_s2sf12j2_kafka_rep4_20260612,kafka,sb-events-s3_s2sf12j2_kafka_rep4_20260612,bca2b7a8-07ec-4b21-81e1-b4b6a784d816,3895086,508,9848497400,9848497700
s3_s2sf12j2_kafka_rep4_20260612,kafka,sb-events-s3_s2sf12j2_kafka_rep4_20260612,083dd0fc-6b14-40c4-acda-73bcc04ee37c,3895086,508,9850207200,9850207500
s3_s2sf12j2_kafka_rep4_20260612,kafka,sb-events-s3_s2sf12j2_kafka_rep4_20260612,b081d47f-920b-4fc7-8af2-cf60be8fd02e,3895052,508,9851915200,9851915600
s3_s2sf12j2_kafka_rep4_20260612,kafka,sb-events-s3_s2sf12j2_kafka_rep4_20260612,2c0c5d4c-1c85-4581-83f5-49800846ca35,3895113,508,9854155700,9854156000
s3_s2sf12j2_kafka_rep4_20260612,kafka,sb-events-s3_s2sf12j2_kafka_rep4_20260612,b14a1d3e-db7a-43da-b79c-401f7287dce6,3895113,508,9855805500,9855805900
s3_s2sf12j2_kafka_rep4_20260612,kafka,sb-events-s3_s2sf12j2_kafka_rep4_20260612,c9563460-cbf2-424f-b83f-65b8d0e4d551,3895074,509,9857265700,9857266000
s3_s2sf12j2_kafka_rep4_20260612,kafka,sb-events-s3_s2sf12j2_kafka_rep4_20260612,bd1a2f63-624a-4be7-a2c2-5f3708bcd61a,3895074,509,9859168900,9859169200
s3_s2sf12j2_kafka_rep4_20260612,kafka,sb-events-s3_s2sf12j2_kafka_rep4_20260612,d812dcc3-393c-4ae3-8a6b-6035c319fca8,3895074,509,9861241000,9861241300
s3_s2sf12j2_kafka_rep4_20260612,kafka,sb-events-s3_s2sf12j2_kafka_rep4_20260612,43f2530a-b5e4-4824-904d-7bcd7a452fb3,3895060,509,9862724300,9862724500
s3_s2sf12j2_kafka_rep4_20260612,kafka,sb-events-s3_s2sf12j2_kafka_rep4_20260612,0e71b093-1f11-4790-9d02-3d5cba62b88e,3895060,509,9864106400,9864106700
s3_s2sf12j2_kafka_rep4_20260612,kafka,sb-events-s3_s2sf12j2_kafka_rep4_20260612,1777e72e-d9a0-432d-a526-b44383537534,3895086,509,9865740600,9865740900
s3_s2sf12j2_kafka_rep4_20260612,kafka,sb-events-s3_s2sf12j2_kafka_rep4_20260612,8a1cf37c-7492-4977-84f4-907948223c58,3895052,509,9868262500,9868262900
s3_s2sf12j2_kafka_rep4_20260612,kafka,sb-events-s3_s2sf12j2_kafka_rep4_20260612,8d95c8b0-773f-44fd-9ed5-ce557f0b98c3,3895052,509,9869883800,9869884100
s3_s2sf12j2_kafka_rep4_20260612,kafka,sb-events-s3_s2sf12j2_kafka_rep4_20260612,6f41d8bd-52f1-4795-8953-ea9e6b1ca541,3895074,510,9871900600,9871900900
s3_s2sf12j2_kafka_rep4_20260612,kafka,sb-events-s3_s2sf12j2_kafka_rep4_20260612,707e2712-d8d0-4b39-93ac-3647b978fd93,3895067,510,9873755400,9873755600
s3_s2sf12j2_kafka_rep4_20260612,kafka,sb-events-s3_s2sf12j2_kafka_rep4_20260612,a5cc2446-04a8-4eb1-82f0-358ed4234e3c,3895107,510,9875630800,9875631000
s3_s2sf12j2_kafka_rep4_20260612,kafka,sb-events-s3_s2sf12j2_kafka_rep4_20260612,2feeace9-9f8b-42be-9d66-ffe05617788d,3895086,510,9877603400,9877603700
s3_s2sf12j2_kafka_rep4_20260612,kafka,sb-events-s3_s2sf12j2_kafka_rep4_20260612,8b399507-b4f2-43ae-bfdf-92b3748cbe95,3895086,510,9879737700,9879738000
s3_s2sf12j2_kafka_rep4_20260612,kafka,sb-events-s3_s2sf12j2_kafka_rep4_20260612,4814d196-9529-4781-a9e5-3d2bd2da645b,3895052,510,9881938100,9881938500
s3_s2sf12j2_kafka_rep4_20260612,kafka,sb-events-s3_s2sf12j2_kafka_rep4_20260612,4814d196-9529-4781-a9e5-3d2bd2da645b__rev2,3895052,510,9884730000,9884730400
s3_s2sf12j2_kafka_rep4_20260612,kafka,sb-events-s3_s2sf12j2_kafka_rep4_20260612,9e9bbbe9-6657-45a4-b8b2-5d9b0eb39bdc,3895086,510,9884768200,9884768500
s3_s2sf12j2_kafka_rep4_20260612,kafka,sb-events-s3_s2sf12j2_kafka_rep4_20260612,bf565494-7169-456a-86fd-2b61f2002349,3895052,510,9886150000,9886150400
s3_s2sf12j2_kafka_rep4_20260612,kafka,sb-events-s3_s2sf12j2_kafka_rep4_20260612,364b48ed-28a1-4f92-bb6b-2d50b7f8ab60,3895052,510,9888087800,9888088100
s3_s2sf12j2_kafka_rep4_20260612,kafka,sb-events-s3_s2sf12j2_kafka_rep4_20260612,e4baa967-37f7-4f11-a846-e4b7de57a137,3895052,510,9889968100,9889968600
s3_s2sf12j2_kafka_rep4_20260612,kafka,sb-events-s3_s2sf12j2_kafka_rep4_20260612,9aa4d688-5d3b-4354-b6f0-bde65819e05a,3895121,511,9891575800,9891576200
s3_s2sf12j2_kafka_rep4_20260612,kafka,sb-events-s3_s2sf12j2_kafka_rep4_20260612,2c3e0b08-b58b-4293-b275-9542c9b9cfe8,3895086,511,9892802400,9892802600
s3_s2sf12j2_kafka_rep4_20260612,kafka,sb-events-s3_s2sf12j2_kafka_rep4_20260612,41ec44b0-09af-4a1a-b648-2a5bbdcdaacc,3895113,511,9894649600,9894650100
s3_s2sf12j2_kafka_rep4_20260612,kafka,sb-events-s3_s2sf12j2_kafka_rep4_20260612,95be481e-b01f-48a2-a7ee-8e5a9988246f,3895086,511,9896258800,9896259100
s3_s2sf12j2_kafka_rep4_20260612,kafka,sb-events-s3_s2sf12j2_kafka_rep4_20260612,c69ec7ea-eade-4613-8dfb-b85ac6d7b245,3895113,511,9898107500,9898107900
s3_s2sf12j2_kafka_rep4_20260612,kafka,sb-events-s3_s2sf12j2_kafka_rep4_20260612,8018154e-2201-424b-92e6-af940af71af8,3895086,511,9900075200,9900075600
s3_s2sf12j2_kafka_rep4_20260612,kafka,sb-events-s3_s2sf12j2_kafka_rep4_20260612,d86d0853-7e38-4685-83e6-c970b529ed64,3895113,511,9901614900,9901615200
s3_s2sf12j2_kafka_rep4_20260612,kafka,sb-events-s3_s2sf12j2_kafka_rep4_20260612,9c4dda21-6b09-4161-965f-cff7fb4f7695,3895074,512,9903027500,9903027800
s3_s2sf12j2_kafka_rep4_20260612,kafka,sb-events-s3_s2sf12j2_kafka_rep4_20260612,a51bbcc1-1642-44dd-98df-d6d896639873,3895074,512,9904603500,9904603800
s3_s2sf12j2_kafka_rep4_20260612,kafka,sb-events-s3_s2sf12j2_kafka_rep4_20260612,ea039a3e-36b4-4423-8123-4acdbfee6222,3895121,512,9906360200,9906360500
s3_s2sf12j2_kafka_rep4_20260612,kafka,sb-events-s3_s2sf12j2_kafka_rep4_20260612,61d6b03d-09cb-4971-85d4-bf79b2d16af9,3895121,512,9908100500,9908101000
s3_s2sf12j2_kafka_rep4_20260612,kafka,sb-events-s3_s2sf12j2_kafka_rep4_20260612,a44f6845-53e0-4746-8124-ef0bcef725ed,3895060,512,9909965300,9909965800
s3_s2sf12j2_kafka_rep4_20260612,kafka,sb-events-s3_s2sf12j2_kafka_rep4_20260612,576e8524-ca4d-43b2-b2c0-4a99781138d8,3895060,512,9911592400,9911592800
s3_s2sf12j2_kafka_rep4_20260612,kafka,sb-events-s3_s2sf12j2_kafka_rep4_20260612,7bae91e0-3b0a-4e74-9db6-4ee7415f29ed,3895060,512,9913883000,9913883300
s3_s2sf12j2_kafka_rep4_20260612,kafka,sb-events-s3_s2sf12j2_kafka_rep4_20260612,7741a524-b265-4a90-8936-6f5c55318a03,3895060,512,9916182100,9916182300
s3_s2sf12j2_kafka_rep4_20260612,kafka,sb-events-s3_s2sf12j2_kafka_rep4_20260612,bccf15ca-7a9c-4b7a-aa80-f9e4253e58c3,3895067,512,9918035500,9918035900
s3_s2sf12j2_kafka_rep4_20260612,kafka,sb-events-s3_s2sf12j2_kafka_rep4_20260612,396ca39c-5519-4ba0-bcac-f6a1c1b47742,3895067,512,9919984500,9919984800
s3_s2sf12j2_kafka_rep4_20260612,kafka,sb-events-s3_s2sf12j2_kafka_rep4_20260612,08c1a3ee-c054-4508-a673-b6383c63e127,3895086,512,9922642100,9922642500
s3_s2sf12j2_kafka_rep4_20260612,kafka,sb-events-s3_s2sf12j2_kafka_rep4_20260612,74bd4e36-7331-453b-a774-836d5d02f062,3895086,512,9924625600,9924625900
s3_s2sf12j2_kafka_rep4_20260612,kafka,sb-events-s3_s2sf12j2_kafka_rep4_20260612,1f254274-d98b-4654-98b1-be07e18b05d4,3895060,513,9926654000,9926654300
s3_s2sf12j2_kafka_rep4_20260612,kafka,sb-events-s3_s2sf12j2_kafka_rep4_20260612,947c902c-d4cd-4cca-8b89-f3f14eaa36b3,3895060,513,9928848700,9928849100
s3_s2sf12j2_kafka_rep4_20260612,kafka,sb-events-s3_s2sf12j2_kafka_rep4_20260612,7cfac252-e778-42f1-8ed0-2a05aa353412,3895067,513,9931078600,9931079000
s3_s2sf12j2_kafka_rep4_20260612,kafka,sb-events-s3_s2sf12j2_kafka_rep4_20260612,c8531bb0-c0a2-44f4-89aa-d2eb333d62fd,3895107,513,9933804000,9933804500
s3_s2sf12j2_kafka_rep4_20260612,kafka,sb-events-s3_s2sf12j2_kafka_rep4_20260612,c2325458-b1ce-4b61-9f06-8ee8b0899067,3895107,513,9935556000,9935556300
s3_s2sf12j2_kafka_rep4_20260612,kafka,sb-events-s3_s2sf12j2_kafka_rep4_20260612,01330f1c-f49f-4233-ba26-d4cf784ad678,3895113,513,9937373700,9937374000
s3_s2sf12j2_kafka_rep4_20260612,kafka,sb-events-s3_s2sf12j2_kafka_rep4_20260612,9bf24c58-941f-463e-b36b-dc42bb422bbb,3895113,513,9939149100,9939149400
s3_s2sf12j2_kafka_rep4_20260612,kafka,sb-events-s3_s2sf12j2_kafka_rep4_20260612,2a47eb4b-6dd4-4358-9917-a409d773dc6c,3895086,513,9941320800,9941321200
s3_s2sf12j2_kafka_rep4_20260612,kafka,sb-events-s3_s2sf12j2_kafka_rep4_20260612,f1f6da62-face-4e8d-8b7d-0215b1d54d6a,3895113,513,9942828800,9942829100
s3_s2sf12j2_kafka_rep4_20260612,kafka,sb-events-s3_s2sf12j2_kafka_rep4_20260612,40d4ee39-20cc-4ade-ab81-5727e8e8af1b,3895121,514,9944724900,9944725200
s3_s2sf12j2_kafka_rep4_20260612,kafka,sb-events-s3_s2sf12j2_kafka_rep4_20260612,dd61f0d7-af6d-4711-9660-e7285c960fdf,3895060,514,9946404700,9946405100
s3_s2sf12j2_kafka_rep4_20260612,kafka,sb-events-s3_s2sf12j2_kafka_rep4_20260612,5edd7501-8186-468e-9079-ef1ca338755b,3895067,514,9948272300,9948272600
s3_s2sf12j2_kafka_rep4_20260612,kafka,sb-events-s3_s2sf12j2_kafka_rep4_20260612,496c4c3c-7e45-459a-932d-d369e14648f3,3895067,514,9949987400,9949987600
s3_s2sf12j2_kafka_rep4_20260612,kafka,sb-events-s3_s2sf12j2_kafka_rep4_20260612,6662b85c-bea2-4814-b738-e1395a763d9f,3895107,514,9951573100,9951573400
s3_s2sf12j2_kafka_rep4_20260612,kafka,sb-events-s3_s2sf12j2_kafka_rep4_20260612,2752e67d-a614-4b54-a16f-900c27e20f16,3895113,514,9953256000,9953256400
s3_s2sf12j2_kafka_rep4_20260612,kafka,sb-events-s3_s2sf12j2_kafka_rep4_20260612,16db44e3-3b0b-4fc9-8685-5018808a2372,3895060,515,9955099700,9955100100
s3_s2sf12j2_kafka_rep4_20260612,kafka,sb-events-s3_s2sf12j2_kafka_rep4_20260612,ba454c0b-0cfe-411e-961e-b2b838c135d1,3895060,515,9956842000,9956842300
s3_s2sf12j2_kafka_rep4_20260612,kafka,sb-events-s3_s2sf12j2_kafka_rep4_20260612,d2e0289b-8116-4401-a890-c839d2722444,3895067,515,9958906400,9958906800
s3_s2sf12j2_kafka_rep4_20260612,kafka,sb-events-s3_s2sf12j2_kafka_rep4_20260612,618cf053-2206-4420-9615-011d1be96fa1,3895067,515,9961406100,9961406500
s3_s2sf12j2_kafka_rep4_20260612,kafka,sb-events-s3_s2sf12j2_kafka_rep4_20260612,b186773d-0c6b-412a-a9ff-b024f91ff8d6,3895067,515,9963463900,9963464200
s3_s2sf12j2_kafka_rep4_20260612,kafka,sb-events-s3_s2sf12j2_kafka_rep4_20260612,468426b8-5dca-4583-a16f-e7fc65e45f2d,3895107,515,9965214500,9965214800
s3_s2sf12j2_kafka_rep4_20260612,kafka,sb-events-s3_s2sf12j2_kafka_rep4_20260612,a9c5212e-15a6-4280-873b-daf7dd3dd77d,3895107,515,9967122200,9967122600
s3_s2sf12j2_kafka_rep4_20260612,kafka,sb-events-s3_s2sf12j2_kafka_rep4_20260612,11a33591-e999-4cd2-95ba-6988f22811d4,3895107,515,9968970400,9968970800
s3_s2sf12j2_kafka_rep4_20260612,kafka,sb-events-s3_s2sf12j2_kafka_rep4_20260612,25a355bc-eb29-409d-b376-f40b1ddd60a5,3895113,515,9970555100,9970555500
s3_s2sf12j2_kafka_rep4_20260612,kafka,sb-events-s3_s2sf12j2_kafka_rep4_20260612,11700670-0e62-42b1-b9bf-6b86fdc6e57a,3895113,515,9972115000,9972115300
s3_s2sf12j2_kafka_rep4_20260612,kafka,sb-events-s3_s2sf12j2_kafka_rep4_20260612,9dee56a9-9275-4b4f-b3b4-f9461e40c061,3895074,516,9974408100,9974408500
s3_s2sf12j2_kafka_rep4_20260612,kafka,sb-events-s3_s2sf12j2_kafka_rep4_20260612,d4a4b6ec-9625-438e-a709-e9c4038d7379,3895121,516,9976677000,9976677400
s3_s2sf12j2_kafka_rep4_20260612,kafka,sb-events-s3_s2sf12j2_kafka_rep4_20260612,3da791bb-390e-4ccb-9344-bfef4fd966c3,3895121,516,9979672800,9979673200
s3_s2sf12j2_kafka_rep4_20260612,kafka,sb-events-s3_s2sf12j2_kafka_rep4_20260612,d4a4b6ec-9625-438e-a709-e9c4038d7379__rev2,3895121,516,9979722100,9979722300
s3_s2sf12j2_kafka_rep4_20260612,kafka,sb-events-s3_s2sf12j2_kafka_rep4_20260612,e7ba2c84-9b71-4424-ae10-390ccc364bd0,3895060,516,9982051100,9982051500
s3_s2sf12j2_kafka_rep4_20260612,kafka,sb-events-s3_s2sf12j2_kafka_rep4_20260612,e1900452-ba67-4981-a631-d7d973843a53,3895067,516,9984595100,9984595400
s3_s2sf12j2_kafka_rep4_20260612,kafka,sb-events-s3_s2sf12j2_kafka_rep4_20260612,d1799f25-3a6d-44b7-b8e2-13ae58b02b31,3895107,516,9986553100,9986553400
s3_s2sf12j2_kafka_rep4_20260612,kafka,sb-events-s3_s2sf12j2_kafka_rep4_20260612,bb2ec522-c94f-4d37-9104-3eac011aab1e,3895107,516,9988598300,9988598800
s3_s2sf12j2_kafka_rep4_20260612,kafka,sb-events-s3_s2sf12j2_kafka_rep4_20260612,80342f59-095a-46c5-960c-d33edb58e89d,3895074,517,9990902300,9990902600
s3_s2sf12j2_kafka_rep4_20260612,kafka,sb-events-s3_s2sf12j2_kafka_rep4_20260612,44fb2aca-0b6d-4a21-bc37-60141d9958a2,3895074,517,9992793300,9992793700
s3_s2sf12j2_kafka_rep4_20260612,kafka,sb-events-s3_s2sf12j2_kafka_rep4_20260612,cb1133fe-2b8c-47f1-87ca-6822ee962229,3895060,517,9994678600,9994678900
s3_s2sf12j2_kafka_rep4_20260612,kafka,sb-events-s3_s2sf12j2_kafka_rep4_20260612,ce594660-7c58-4437-bce3-46bda6f43677,3895060,517,9996301100,9996301500
s3_s2sf12j2_kafka_rep4_20260612,kafka,sb-events-s3_s2sf12j2_kafka_rep4_20260612,307fb41d-a8e4-4032-aac3-61ac29190dc3,3895060,517,9998202300,9998202600
s3_s2sf12j2_kafka_rep4_20260612,kafka,sb-events-s3_s2sf12j2_kafka_rep4_20260612,15f38ad4-b80e-49c0-b797-58fc2e508726,3895060,517,10000106200,10000106600
s3_s2sf12j2_kafka_rep4_20260612,kafka,sb-events-s3_s2sf12j2_kafka_rep4_20260612,987af024-d57c-4ed6-a13e-78e2fcdaba0d,3895067,517,10001859000,10001859300
s3_s2sf12j2_kafka_rep4_20260612,kafka,sb-events-s3_s2sf12j2_kafka_rep4_20260612,54ea6238-1075-455d-8f7b-20002c1a72dc,3895067,517,10004154600,10004155100
s3_s2sf12j2_kafka_rep4_20260612,kafka,sb-events-s3_s2sf12j2_kafka_rep4_20260612,0c1f2874-e5d3-484f-8dd1-fe32faedeb29,3895113,517,10005866800,10005867200
s3_s2sf12j2_kafka_rep4_20260612,kafka,sb-events-s3_s2sf12j2_kafka_rep4_20260612,2a25cb31-5e32-4c2b-8d68-23edf14c8a48,3895060,518,10007406300,10007406700
s3_s2sf12j2_kafka_rep4_20260612,kafka,sb-events-s3_s2sf12j2_kafka_rep4_20260612,d7d9bb2e-61cf-458a-bddb-607b06f62208,3895060,518,10009417800,10009418100
s3_s2sf12j2_kafka_rep4_20260612,kafka,sb-events-s3_s2sf12j2_kafka_rep4_20260612,01732720-50cd-4d38-8262-17749ccb1ad1,3895060,518,10011531000,10011531400
s3_s2sf12j2_kafka_rep4_20260612,kafka,sb-events-s3_s2sf12j2_kafka_rep4_20260612,1918e176-5d63-4eff-b5b7-5836540fdac9,3895107,518,10013919000,10013919300
s3_s2sf12j2_kafka_rep4_20260612,kafka,sb-events-s3_s2sf12j2_kafka_rep4_20260612,49d14939-2450-4ab8-b09d-76753d13cc23,3895067,519,10015642200,10015642400
s3_s2sf12j2_kafka_rep4_20260612,kafka,sb-events-s3_s2sf12j2_kafka_rep4_20260612,f9f6ce8c-80f1-4bb7-b6cd-53a1629a771b,3895060,519,10017904000,10017904300
s3_s2sf12j2_kafka_rep4_20260612,kafka,sb-events-s3_s2sf12j2_kafka_rep4_20260612,ef422be2-d385-4919-9e4c-4b4228eae971,3895067,519,10019483400,10019483700
s3_s2sf12j2_kafka_rep4_20260612,kafka,sb-events-s3_s2sf12j2_kafka_rep4_20260612,b8f9bd6b-9a37-4794-a85d-6f812ad4e301,3895067,519,10021334600,10021335000
s3_s2sf12j2_kafka_rep4_20260612,kafka,sb-events-s3_s2sf12j2_kafka_rep4_20260612,98e7f20a-28db-49e7-a4f9-88c516782a38,3895067,519,10023407400,10023407800
s3_s2sf12j2_kafka_rep4_20260612,kafka,sb-events-s3_s2sf12j2_kafka_rep4_20260612,1b30f7b4-a2f4-40c0-9335-1edaa3de5712,3895107,519,10025492300,10025492700
s3_s2sf12j2_kafka_rep4_20260612,kafka,sb-events-s3_s2sf12j2_kafka_rep4_20260612,e72dc9b5-9f93-4650-9995-76d13c4c57d1,3895107,519,10028006500,10028007100
s3_s2sf12j2_kafka_rep4_20260612,kafka,sb-events-s3_s2sf12j2_kafka_rep4_20260612,a2ee9a83-1908-4f93-94dd-384a2f5307fb,3895074,520,10030161200,10030161600
s3_s2sf12j2_kafka_rep4_20260612,kafka,sb-events-s3_s2sf12j2_kafka_rep4_20260612,97fad311-53da-45b1-9717-a2093f668ed8,3895121,520,10032104700,10032104900
s3_s2sf12j2_kafka_rep4_20260612,kafka,sb-events-s3_s2sf12j2_kafka_rep4_20260612,6384539d-b3da-405b-a218-c451b8266af7,3895060,520,10034215600,10034216000
s3_s2sf12j2_kafka_rep4_20260612,kafka,sb-events-s3_s2sf12j2_kafka_rep4_20260612,55ba4e9b-a045-4940-86fd-798ea3f396f0,3895060,520,10035830300,10035830900
s3_s2sf12j2_kafka_rep4_20260612,kafka,sb-events-s3_s2sf12j2_kafka_rep4_20260612,b9414508-e2ef-431a-a120-12b5df982604,3895060,520,10036967500,10036967700
s3_s2sf12j2_kafka_rep4_20260612,kafka,sb-events-s3_s2sf12j2_kafka_rep4_20260612,f9715d9b-f136-405f-9c3a-37d9e1c7f7ec,3895107,520,10038929600,10038929900
s3_s2sf12j2_kafka_rep4_20260612,kafka,sb-events-s3_s2sf12j2_kafka_rep4_20260612,427f23e2-9f1d-4bf8-8f85-c861ade4c627,3895113,520,10041424600,10041425000
s3_s2sf12j2_kafka_rep4_20260612,kafka,sb-events-s3_s2sf12j2_kafka_rep4_20260612,59e64ca6-6769-446c-9659-93e6adee6c3a,3895113,520,10043485300,10043485700
s3_s2sf12j2_kafka_rep4_20260612,kafka,sb-events-s3_s2sf12j2_kafka_rep4_20260612,6863a428-b5a4-4564-b24d-d5f89a670a56,3895074,521,10045352900,10045353300
s3_s2sf12j2_kafka_rep4_20260612,kafka,sb-events-s3_s2sf12j2_kafka_rep4_20260612,8f79565a-a90d-4d26-909d-bbcdeaccba2d,3895074,521,10047044200,10047044600
s3_s2sf12j2_kafka_rep4_20260612,kafka,sb-events-s3_s2sf12j2_kafka_rep4_20260612,0a04a0e3-695a-44fb-bd5c-ad69c331d69f,3895074,521,10049004700,10049005100
s3_s2sf12j2_kafka_rep4_20260612,kafka,sb-events-s3_s2sf12j2_kafka_rep4_20260612,100ca139-0417-4dc3-859a-dfc70383e14e,3895121,521,10050572700,10050573100
s3_s2sf12j2_kafka_rep4_20260612,kafka,sb-events-s3_s2sf12j2_kafka_rep4_20260612,6bb0889f-9c99-43b3-8e1b-2ee506e1152b,3895121,521,10052328200,10052328500
s3_s2sf12j2_kafka_rep4_20260612,kafka,sb-events-s3_s2sf12j2_kafka_rep4_20260612,d04d92f0-9341-4805-aa5e-860c0f597675,3895067,521,10054732100,10054732500
s3_s2sf12j2_kafka_rep4_20260612,kafka,sb-events-s3_s2sf12j2_kafka_rep4_20260612,81db2ad5-3ed7-4089-afc5-f6110181b19b,3895060,521,10056381200,10056381500
s3_s2sf12j2_kafka_rep4_20260612,kafka,sb-events-s3_s2sf12j2_kafka_rep4_20260612,3c13745a-2a7f-4c59-8e84-f53e76666ec1,3895067,521,10057980900,10057981200
s3_s2sf12j2_kafka_rep4_20260612,kafka,sb-events-s3_s2sf12j2_kafka_rep4_20260612,e900863b-6a63-498e-a44a-fc911d66d242,3895060,521,10059855800,10059856100
s3_s2sf12j2_kafka_rep4_20260612,kafka,sb-events-s3_s2sf12j2_kafka_rep4_20260612,16f54a3a-428e-4f0c-aadb-ce44890fd041,3895067,521,10061170300,10061170600
s3_s2sf12j2_kafka_rep4_20260612,kafka,sb-events-s3_s2sf12j2_kafka_rep4_20260612,1c7ef114-f32e-4af6-bb53-0123d788159f,3895060,521,10062650700,10062651200
s3_s2sf12j2_kafka_rep4_20260612,kafka,sb-events-s3_s2sf12j2_kafka_rep4_20260612,925eaa91-afdb-45d5-b9f3-0e05080ddba1,3895107,521,10064064600,10064064900
s3_s2sf12j2_kafka_rep4_20260612,kafka,sb-events-s3_s2sf12j2_kafka_rep4_20260612,384ddab3-0b7c-488d-8e9d-9ee9c937d8d5,3895107,521,10065776000,10065776400
s3_s2sf12j2_kafka_rep4_20260612,kafka,sb-events-s3_s2sf12j2_kafka_rep4_20260612,0bbb1280-45ac-457c-95da-2864bd579cec,3895113,521,10067570500,10067570800
s3_s2sf12j2_kafka_rep4_20260612,kafka,sb-events-s3_s2sf12j2_kafka_rep4_20260612,7a582bf1-dd75-4e0c-ba5f-9351d2fc8da7,3895060,522,10069750800,10069751200
s3_s2sf12j2_kafka_rep4_20260612,kafka,sb-events-s3_s2sf12j2_kafka_rep4_20260612,93707c41-6647-4824-96c6-c5c05465b9b4,3895060,522,10071788400,10071788700
s3_s2sf12j2_kafka_rep4_20260612,kafka,sb-events-s3_s2sf12j2_kafka_rep4_20260612,afa3ae87-cc2d-4200-9123-f20dfb05a1b6,3895107,522,10073516100,10073516400
s3_s2sf12j2_kafka_rep4_20260612,kafka,sb-events-s3_s2sf12j2_kafka_rep4_20260612,afa3ae87-cc2d-4200-9123-f20dfb05a1b6__rev2,3895107,522,10075529000,10075529300
s3_s2sf12j2_kafka_rep4_20260612,kafka,sb-events-s3_s2sf12j2_kafka_rep4_20260612,d0468067-11cd-402a-9c58-31fc1975d03f,3895107,522,10075550300,10075550500
s3_s2sf12j2_kafka_rep4_20260612,kafka,sb-events-s3_s2sf12j2_kafka_rep4_20260612,8c60e9aa-b5a2-4ad4-9a48-881f24cada96,3895107,522,10077250000,10077250500
s3_s2sf12j2_kafka_rep4_20260612,kafka,sb-events-s3_s2sf12j2_kafka_rep4_20260612,b36b7db0-bb9e-4a24-b075-f591e5ae57d7,3895107,522,10079164000,10079164300
s3_s2sf12j2_kafka_rep4_20260612,kafka,sb-events-s3_s2sf12j2_kafka_rep4_20260612,a40624b3-bfad-4c10-b540-5d7afb11569f,3895113,522,10081217800,10081218300
s3_s2sf12j2_kafka_rep4_20260612,kafka,sb-events-s3_s2sf12j2_kafka_rep4_20260612,323f6d53-5da4-4be9-9de0-c6a5ad6e8bdc,3895113,522,10082846900,10082847200
s3_s2sf12j2_kafka_rep4_20260612,kafka,sb-events-s3_s2sf12j2_kafka_rep4_20260612,1db19b5b-fff8-4b33-aa5a-375f8827004d,3895121,523,10084910300,10084910600
s3_s2sf12j2_kafka_rep4_20260612,kafka,sb-events-s3_s2sf12j2_kafka_rep4_20260612,c04c1057-5911-4a54-abca-1e0470cac6c9,3895107,523,10086911800,10086912100
s3_s2sf12j2_kafka_rep4_20260612,kafka,sb-events-s3_s2sf12j2_kafka_rep4_20260612,3fbcf76b-4681-4e0a-863b-de9c7a8cb3b2,3895107,523,10088544100,10088544600
s3_s2sf12j2_kafka_rep4_20260612,kafka,sb-events-s3_s2sf12j2_kafka_rep4_20260612,f0b960f6-595f-4c51-b6ca-764db484988c,3895113,523,10090488200,10090488500
s3_s2sf12j2_kafka_rep4_20260612,kafka,sb-events-s3_s2sf12j2_kafka_rep4_20260612,ea053585-687d-4d7b-8ede-317fd787b930,3895074,524,10092379300,10092379600
s3_s2sf12j2_kafka_rep4_20260612,kafka,sb-events-s3_s2sf12j2_kafka_rep4_20260612,6ec67334-6443-449b-9dd4-2101103fae8e,3895121,524,10094208300,10094208500
s3_s2sf12j2_kafka_rep4_20260612,kafka,sb-events-s3_s2sf12j2_kafka_rep4_20260612,6f968e3c-e7ae-4e31-a433-c1291d40addc,3895121,524,10096042400,10096042600
s3_s2sf12j2_kafka_rep4_20260612,kafka,sb-events-s3_s2sf12j2_kafka_rep4_20260612,70dd6be1-f1a4-4d16-a7aa-a3b03f355375,3895107,524,10097939400,10097939800
s3_s2sf12j2_kafka_rep4_20260612,kafka,sb-events-s3_s2sf12j2_kafka_rep4_20260612,1fc02a37-540b-47ff-acb8-22ade5c1808a,3895107,524,10100009200,10100009600
s3_s2sf12j2_kafka_rep4_20260612,kafka,sb-events-s3_s2sf12j2_kafka_rep4_20260612,d5d42c02-ad64-49fc-a51b-b65f26c9fd72,3895074,525,10102276000,10102276600
s3_s2sf12j2_kafka_rep4_20260612,kafka,sb-events-s3_s2sf12j2_kafka_rep4_20260612,4cc5777a-4670-4e70-8819-1d9d1b95f36b,3895074,525,10103920700,10103921100
s3_s2sf12j2_kafka_rep4_20260612,kafka,sb-events-s3_s2sf12j2_kafka_rep4_20260612,4668001f-8001-484b-a362-a7c6f02060d5,3895060,525,10106074700,10106075100
s3_s2sf12j2_kafka_rep4_20260612,kafka,sb-events-s3_s2sf12j2_kafka_rep4_20260612,20eb3f50-409c-4c6c-b18e-8114b26de7ce,3895113,525,10108227500,10108227800
s3_s2sf12j2_kafka_rep4_20260612,kafka,sb-events-s3_s2sf12j2_kafka_rep4_20260612,0ac6d9ef-7559-48e2-a503-f553badb78e5,3895113,525,10110336700,10110337000
s3_s2sf12j2_kafka_rep4_20260612,kafka,sb-events-s3_s2sf12j2_kafka_rep4_20260612,8acbf3dc-91e8-4fce-b107-0d55d4e7e86e,3895074,526,10111944200,10111944600
s3_s2sf12j2_kafka_rep4_20260612,kafka,sb-events-s3_s2sf12j2_kafka_rep4_20260612,38daa8b4-9905-4022-85b4-45b82d6d7d25,3895074,526,10113638700,10113639000
s3_s2sf12j2_kafka_rep4_20260612,kafka,sb-events-s3_s2sf12j2_kafka_rep4_20260612,b0e8ae72-248f-4087-ae40-c9f006d93a78,3895060,526,10115130200,10115130500
s3_s2sf12j2_kafka_rep4_20260612,kafka,sb-events-s3_s2sf12j2_kafka_rep4_20260612,9163276e-2a34-4c52-8291-2a46db09c9af,3895060,526,10116938600,10116939000
s3_s2sf12j2_kafka_rep4_20260612,kafka,sb-events-s3_s2sf12j2_kafka_rep4_20260612,20f95845-0afb-4666-9204-584035a84896,3895113,526,10118318000,10118318200
s3_s2sf12j2_kafka_rep4_20260612,kafka,sb-events-s3_s2sf12j2_kafka_rep4_20260612,50d5f2fb-6a21-4b16-a1de-e3a095e7b9c7,3895074,527,10120027900,10120028200
s3_s2sf12j2_kafka_rep4_20260612,kafka,sb-events-s3_s2sf12j2_kafka_rep4_20260612,20430d39-2dd0-4b2b-a895-b2462cd22a01,3895074,527,10122324200,10122324500
s3_s2sf12j2_kafka_rep4_20260612,kafka,sb-events-s3_s2sf12j2_kafka_rep4_20260612,0586e00d-dfec-4211-9411-cb219db4edb9,3895121,527,10123822200,10123822500
s3_s2sf12j2_kafka_rep4_20260612,kafka,sb-events-s3_s2sf12j2_kafka_rep4_20260612,88fd2d06-fd20-40f3-a233-29ee82e4be59,3895107,527,10125480800,10125481300
s3_s2sf12j2_kafka_rep4_20260612,kafka,sb-events-s3_s2sf12j2_kafka_rep4_20260612,3c1237a2-1e6b-4e7e-892f-8ea18799c544,3895107,527,10127143800,10127144200
s3_s2sf12j2_kafka_rep4_20260612,kafka,sb-events-s3_s2sf12j2_kafka_rep4_20260612,2dd81da3-006b-4909-b0d4-6c3468d474c4,3895107,527,10128289200,10128289600
s3_s2sf12j2_kafka_rep4_20260612,kafka,sb-events-s3_s2sf12j2_kafka_rep4_20260612,b61d5bec-03f0-44eb-a8cf-0e53b1986f2a,3895113,527,10129587500,10129587800
s3_s2sf12j2_kafka_rep4_20260612,kafka,sb-events-s3_s2sf12j2_kafka_rep4_20260612,7de78a3e-57f7-4e9a-8978-4776114f764e,3895113,527,10131268700,10131269100
s3_s2sf12j2_kafka_rep4_20260612,kafka,sb-events-s3_s2sf12j2_kafka_rep4_20260612,a8f4416a-3223-4b2b-8803-7c50dc6524db,3895113,527,10133005100,10133005500
s3_s2sf12j2_kafka_rep4_20260612,kafka,sb-events-s3_s2sf12j2_kafka_rep4_20260612,1c7e1733-2224-46bc-a9c7-8ad2228cc8da,3895113,527,10135152200,10135152600
s3_s2sf12j2_kafka_rep4_20260612,kafka,sb-events-s3_s2sf12j2_kafka_rep4_20260612,e2076223-02eb-472d-a936-fbb5cdd986dc,3895121,528,10136844400,10136844900
s3_s2sf12j2_kafka_rep4_20260612,kafka,sb-events-s3_s2sf12j2_kafka_rep4_20260612,514d79ad-cba0-4ef5-be08-cbce1ba32532,3895121,528,10138352900,10138353200
s3_s2sf12j2_kafka_rep4_20260612,kafka,sb-events-s3_s2sf12j2_kafka_rep4_20260612,5fe2d08b-ff8c-490e-a3a1-cdcc36200b52,3895113,528,10139979200,10139979500
s3_s2sf12j2_kafka_rep4_20260612,kafka,sb-events-s3_s2sf12j2_kafka_rep4_20260612,0d44ff91-9591-424e-816c-8b915d80daf7,3895113,528,10141572100,10141572300
s3_s2sf12j2_kafka_rep4_20260612,kafka,sb-events-s3_s2sf12j2_kafka_rep4_20260612,3ff5ec17-6825-4c77-8e7b-f189cb6ccc31,3895113,528,10142928500,10142928900
s3_s2sf12j2_kafka_rep4_20260612,kafka,sb-events-s3_s2sf12j2_kafka_rep4_20260612,88a70e2b-aa99-407a-aa6d-9df6e46201fd,3895113,528,10144696400,10144696900
s3_s2sf12j2_kafka_rep4_20260612,kafka,sb-events-s3_s2sf12j2_kafka_rep4_20260612,426d47f2-1048-4e8d-9436-9cab0f3615e1,3895113,528,10146368100,10146368400
s3_s2sf12j2_kafka_rep4_20260612,kafka,sb-events-s3_s2sf12j2_kafka_rep4_20260612,40e298c8-d5ab-4313-93d4-027ecac8abd8,3895113,528,10148721400,10148721800
s3_s2sf12j2_kafka_rep4_20260612,kafka,sb-events-s3_s2sf12j2_kafka_rep4_20260612,47c30f1f-12b0-44fc-a75f-05995691d7f6,3895074,529,10151043200,10151043500
s3_s2sf12j2_kafka_rep4_20260612,kafka,sb-events-s3_s2sf12j2_kafka_rep4_20260612,76536861-eeb2-425f-874f-b20b0a3fa013,3895074,529,10152777900,10152778500
s3_s2sf12j2_kafka_rep4_20260612,kafka,sb-events-s3_s2sf12j2_kafka_rep4_20260612,fc85387d-38fe-4e36-af03-f6285d524b11,3895060,529,10154184200,10154184500
s3_s2sf12j2_kafka_rep4_20260612,kafka,sb-events-s3_s2sf12j2_kafka_rep4_20260612,4a87053e-de71-4a38-b614-bfa386590bf7,3895060,529,10155894000,10155894300
s3_s2sf12j2_kafka_rep4_20260612,kafka,sb-events-s3_s2sf12j2_kafka_rep4_20260612,2d1556d4-e7e8-4782-9b7d-9993c28e6f09,3895060,529,10157354200,10157354600
s3_s2sf12j2_kafka_rep4_20260612,kafka,sb-events-s3_s2sf12j2_kafka_rep4_20260612,b2eaa0f5-b277-4aff-ad6d-22048f042d0b,3895107,529,10159217300,10159217500
s3_s2sf12j2_kafka_rep4_20260612,kafka,sb-events-s3_s2sf12j2_kafka_rep4_20260612,6b4603ff-7dd4-4c70-ab6a-48f688a7fbd4,3895107,529,10161269700,10161270000
s3_s2sf12j2_kafka_rep4_20260612,kafka,sb-events-s3_s2sf12j2_kafka_rep4_20260612,78163599-662a-4bd1-9dc5-2e67086e5c6a,3895107,529,10163148200,10163148500
s3_s2sf12j2_kafka_rep4_20260612,kafka,sb-events-s3_s2sf12j2_kafka_rep4_20260612,78163599-662a-4bd1-9dc5-2e67086e5c6a__rev2,3895107,529,10165874900,10165875200
s3_s2sf12j2_kafka_rep4_20260612,kafka,sb-events-s3_s2sf12j2_kafka_rep4_20260612,1a606b94-ccd9-4617-89e4-29166ea76203,3895107,529,10165904800,10165905000
s3_s2sf12j2_kafka_rep4_20260612,kafka,sb-events-s3_s2sf12j2_kafka_rep4_20260612,f87fad46-6903-4223-bfb4-aa69c8c966cf,3895121,530,10167379700,10167380200
s3_s2sf12j2_kafka_rep4_20260612,kafka,sb-events-s3_s2sf12j2_kafka_rep4_20260612,679988f1-cad3-4221-ab60-1a56bb0f620f,3895060,530,10168685900,10168686100
s3_s2sf12j2_kafka_rep4_20260612,kafka,sb-events-s3_s2sf12j2_kafka_rep4_20260612,7130de76-79b4-4847-829f-e93dac87d18e,3895060,530,10169992500,10169992800
s3_s2sf12j2_kafka_rep4_20260612,kafka,sb-events-s3_s2sf12j2_kafka_rep4_20260612,a2344659-ee5e-4d27-8515-ee8dbb044828,3895060,530,10171443600,10171443800
s3_s2sf12j2_kafka_rep4_20260612,kafka,sb-events-s3_s2sf12j2_kafka_rep4_20260612,c0a666df-6a6f-4185-8b75-361e7541087e,3895060,531,10173143100,10173143500
s3_s2sf12j2_kafka_rep4_20260612,kafka,sb-events-s3_s2sf12j2_kafka_rep4_20260612,5ab52d01-14bc-4c14-868c-b48aab97be67,3895113,531,10175166500,10175166700
s3_s2sf12j2_kafka_rep4_20260612,kafka,sb-events-s3_s2sf12j2_kafka_rep4_20260612,b3d47cba-9dc5-47de-93b1-84861d275008,3895074,532,10176615500,10176615900
s3_s2sf12j2_kafka_rep4_20260612,kafka,sb-events-s3_s2sf12j2_kafka_rep4_20260612,69f9209e-3c7a-451b-b126-174f4360c8d4,3895074,532,10178237400,10178237700
s3_s2sf12j2_kafka_rep4_20260612,kafka,sb-events-s3_s2sf12j2_kafka_rep4_20260612,18dd411d-85f0-4136-b3e7-c5902b8a208e,3895121,532,10179754700,10179754900
s3_s2sf12j2_kafka_rep4_20260612,kafka,sb-events-s3_s2sf12j2_kafka_rep4_20260612,98a0e1f1-d198-470d-a431-5502797ce25c,3895074,532,10181298700,10181299300
s3_s2sf12j2_kafka_rep4_20260612,kafka,sb-events-s3_s2sf12j2_kafka_rep4_20260612,76565dde-1d43-48fb-b342-6892a1965454,3895121,532,10182969300,10182969700
s3_s2sf12j2_kafka_rep4_20260612,kafka,sb-events-s3_s2sf12j2_kafka_rep4_20260612,1dbba64f-83de-49a3-a064-d640469697c6,3895060,532,10184654400,10184654700
s3_s2sf12j2_kafka_rep4_20260612,kafka,sb-events-s3_s2sf12j2_kafka_rep4_20260612,22c0ff40-4176-40d2-822f-e4e1bf865c2f,3895060,532,10186368200,10186368500
s3_s2sf12j2_kafka_rep4_20260612,kafka,sb-events-s3_s2sf12j2_kafka_rep4_20260612,fa03ef74-4b46-403d-98ea-0574bfa2f274,3895121,533,10188436900,10188437300
s3_s2sf12j2_kafka_rep4_20260612,kafka,sb-events-s3_s2sf12j2_kafka_rep4_20260612,bd9d976c-88bf-43b4-bb61-670fec26ee77,3895060,533,10190044400,10190044700
s3_s2sf12j2_kafka_rep4_20260612,kafka,sb-events-s3_s2sf12j2_kafka_rep4_20260612,3b1c82ae-32b8-466f-ac10-2a4a759923a7,3895060,533,10192172400,10192173000
s3_s2sf12j2_kafka_rep4_20260612,kafka,sb-events-s3_s2sf12j2_kafka_rep4_20260612,a9aeffde-608f-479a-8195-c6cff7363b53,3895060,533,10193780900,10193781300
s3_s2sf12j2_kafka_rep4_20260612,kafka,sb-events-s3_s2sf12j2_kafka_rep4_20260612,c2ceda69-a891-4f75-bd3a-82ce65de4e03,3895113,533,10196377400,10196377800
s3_s2sf12j2_kafka_rep4_20260612,kafka,sb-events-s3_s2sf12j2_kafka_rep4_20260612,72210159-6177-452d-b763-5093adc3a0f7,3895113,533,10198501100,10198501500
s3_s2sf12j2_kafka_rep4_20260612,kafka,sb-events-s3_s2sf12j2_kafka_rep4_20260612,23d76782-ae92-476d-b67f-e83c05ae4f3c,3895074,534,10200888800,10200889400
s3_s2sf12j2_kafka_rep4_20260612,kafka,sb-events-s3_s2sf12j2_kafka_rep4_20260612,3ae1883b-49e4-4cae-96e1-ebe9f8b86fa4,3895074,534,10202680000,10202680400
s3_s2sf12j2_kafka_rep4_20260612,kafka,sb-events-s3_s2sf12j2_kafka_rep4_20260612,20793f16-5045-4628-b937-903bd9ddd8b1,3895121,534,10204658500,10204658900
s3_s2sf12j2_kafka_rep4_20260612,kafka,sb-events-s3_s2sf12j2_kafka_rep4_20260612,5206fdc4-e834-4926-8e17-6a35c6efe19b,3895121,534,10206928300,10206928700
s3_s2sf12j2_kafka_rep4_20260612,kafka,sb-events-s3_s2sf12j2_kafka_rep4_20260612,b42b431a-7f87-4841-a26c-d062b50fa91c,3895060,534,10209274900,10209275100
s3_s2sf12j2_kafka_rep4_20260612,kafka,sb-events-s3_s2sf12j2_kafka_rep4_20260612,60ded7c9-9ca6-4c1a-908e-190e034e9b4d,3895060,534,10211035300,10211035600
s3_s2sf12j2_kafka_rep4_20260612,kafka,sb-events-s3_s2sf12j2_kafka_rep4_20260612,888d4d11-95dc-4569-956a-909e5f4f0c9b,3895113,534,10212978000,10212978300
s3_s2sf12j2_kafka_rep4_20260612,kafka,sb-events-s3_s2sf12j2_kafka_rep4_20260612,86e59ab8-52a5-47b9-b233-c51919874314,3895074,535,10215065900,10215066300
s3_s2sf12j2_kafka_rep4_20260612,kafka,sb-events-s3_s2sf12j2_kafka_rep4_20260612,34087afe-8b11-4b18-8077-75d7bf487ab5,3895074,535,10217050400,10217050600
s3_s2sf12j2_kafka_rep4_20260612,kafka,sb-events-s3_s2sf12j2_kafka_rep4_20260612,1b1f1874-5deb-48ed-a8cc-694f8ef41f93,3895074,535,10219165800,10219166200
s3_s2sf12j2_kafka_rep4_20260612,kafka,sb-events-s3_s2sf12j2_kafka_rep4_20260612,e3a7ef47-1c6d-43f8-b980-2e76fe84fca6,3895074,535,10220705800,10220706000
s3_s2sf12j2_kafka_rep4_20260612,kafka,sb-events-s3_s2sf12j2_kafka_rep4_20260612,9243ad22-ffe5-487a-883a-00ca2426cbc6,3895113,535,10222223500,10222223700
s3_s2sf12j2_kafka_rep4_20260612,kafka,sb-events-s3_s2sf12j2_kafka_rep4_20260612,558471da-7f0c-4323-a8cd-45ac26e02493,3895074,537,10223807300,10223807600
s3_s2sf12j2_kafka_rep4_20260612,kafka,sb-events-s3_s2sf12j2_kafka_rep4_20260612,37769987-c623-49bd-982f-457e7c2c54c6,3895074,537,10225967700,10225968000
s3_s2sf12j2_kafka_rep4_20260612,kafka,sb-events-s3_s2sf12j2_kafka_rep4_20260612,97bd1984-aa8c-4314-b0aa-49e019abba86,3895113,537,10228297100,10228297400
s3_s2sf12j2_kafka_rep4_20260612,kafka,sb-events-s3_s2sf12j2_kafka_rep4_20260612,4ad2f10b-6c5f-4bf4-bd0f-6c774204bbab,3895113,537,10230118500,10230118700
s3_s2sf12j2_kafka_rep4_20260612,kafka,sb-events-s3_s2sf12j2_kafka_rep4_20260612,e14c881c-eaf5-4fd3-a7cc-fe51d1c61611,3895113,537,10231833000,10231833400
s3_s2sf12j2_kafka_rep4_20260612,kafka,sb-events-s3_s2sf12j2_kafka_rep4_20260612,eef66377-b49e-423f-a41e-49421e57bb42,3895121,538,10233250700,10233251000
s3_s2sf12j2_kafka_rep4_20260612,kafka,sb-events-s3_s2sf12j2_kafka_rep4_20260612,86ae382d-4941-4bda-a330-9fe50b114248,3895121,539,10234721800,10234722100
s3_s2sf12j2_kafka_rep4_20260612,kafka,sb-events-s3_s2sf12j2_kafka_rep4_20260612,0d012ec4-81c4-4764-a774-c4536052a186,3895121,539,10236301200,10236301500
s3_s2sf12j2_kafka_rep4_20260612,kafka,sb-events-s3_s2sf12j2_kafka_rep4_20260612,28c9e517-2569-4fbc-853a-f074119c9788,3895074,540,10237783800,10237784100
s3_s2sf12j2_kafka_rep4_20260612,kafka,sb-events-s3_s2sf12j2_kafka_rep4_20260612,e0ca184a-d196-4de5-b7ce-9a4c6e2e2f24,3895113,540,10239402500,10239402800
s3_s2sf12j2_kafka_rep4_20260612,kafka,sb-events-s3_s2sf12j2_kafka_rep4_20260612,dac6bba1-3eab-4824-b9a3-3f4f36a8eb1e,3895121,541,10241325000,10241325300
s3_s2sf12j2_kafka_rep4_20260612,kafka,sb-events-s3_s2sf12j2_kafka_rep4_20260612,c31b9cc9-3b1a-44a0-a6f2-be48997538e8,3895113,541,10243256600,10243256900
s3_s2sf12j2_kafka_rep4_20260612,kafka,sb-events-s3_s2sf12j2_kafka_rep4_20260612,00552043-304e-41f3-bb44-8e748409e117,3895074,542,10244989200,10244989600
s3_s2sf12j2_kafka_rep4_20260612,kafka,sb-events-s3_s2sf12j2_kafka_rep4_20260612,8edb264a-dc4f-4342-8072-84d76719426f,3895074,542,10246633500,10246633900
s3_s2sf12j2_kafka_rep4_20260612,kafka,sb-events-s3_s2sf12j2_kafka_rep4_20260612,114a796c-5924-4003-ac98-472f7ece84b0,3895121,543,10248407200,10248407500
s3_s2sf12j2_kafka_rep4_20260612,kafka,sb-events-s3_s2sf12j2_kafka_rep4_20260612,08a83dc4-fe12-4653-b91c-c46acb3aa1c8,3895121,543,10249890300,10249890800
s3_s2sf12j2_kafka_rep4_20260612,kafka,sb-events-s3_s2sf12j2_kafka_rep4_20260612,5fc48371-8960-48e0-90bb-39206df20f0e,3895067,543,10251422500,10251422800
s3_s2sf12j2_kafka_rep4_20260612,kafka,sb-events-s3_s2sf12j2_kafka_rep4_20260612,4ca56301-fb5e-4ff6-87a9-187fd9acd073,3895067,544,10253319300,10253319600
s3_s2sf12j2_kafka_rep4_20260612,kafka,sb-events-s3_s2sf12j2_kafka_rep4_20260612,195e62ed-d797-42dd-a6a9-d2da586e28e9,3895067,544,10255547500,10255547900
s3_s2sf12j2_kafka_rep4_20260612,kafka,sb-events-s3_s2sf12j2_kafka_rep4_20260612,4ca56301-fb5e-4ff6-87a9-187fd9acd073__rev2,3895067,544,10255585500,10255585800
s3_s2sf12j2_kafka_rep4_20260612,kafka,sb-events-s3_s2sf12j2_kafka_rep4_20260612,c2aaa4f8-586e-4123-a563-f51f104fcb4c,3895067,544,10257058500,10257058700
s3_s2sf12j2_kafka_rep4_20260612,kafka,sb-events-s3_s2sf12j2_kafka_rep4_20260612,724ad51f-37a2-4fcc-82e3-5343ba152abe,3895067,545,10258788700,10258788900
s3_s2sf12j2_kafka_rep4_20260612,kafka,sb-events-s3_s2sf12j2_kafka_rep4_20260612,a52b067b-b6ab-4c29-b6aa-3051f76118d3,3895067,545,10260313800,10260314200
s3_s2sf12j2_kafka_rep4_20260612,kafka,sb-events-s3_s2sf12j2_kafka_rep4_20260612,9be986a7-155e-446d-bf13-33b700facdd7,3895113,545,10261766100,10261766400
s3_s2sf12j2_kafka_rep4_20260612,kafka,sb-events-s3_s2sf12j2_kafka_rep4_20260612,42521cfa-66d0-4cb6-be10-74dabb6621cb,3895121,546,10263253600,10263253800
s3_s2sf12j2_kafka_rep4_20260612,kafka,sb-events-s3_s2sf12j2_kafka_rep4_20260612,50a45666-4bd1-4a0f-bb58-5bce15f0c18d,3895067,546,10265000600,10265000900
s3_s2sf12j2_kafka_rep4_20260612,kafka,sb-events-s3_s2sf12j2_kafka_rep4_20260612,aada797c-0f16-40dd-acda-e63855e0add1,3895052,546,10266950400,10266950800
s3_s2sf12j2_kafka_rep4_20260612,kafka,sb-events-s3_s2sf12j2_kafka_rep4_20260612,917c3cb6-0a99-417e-9d00-2b7464cb3b49,3895121,547,10268655000,10268655400
s3_s2sf12j2_kafka_rep4_20260612,kafka,sb-events-s3_s2sf12j2_kafka_rep4_20260612,107dcccc-f47a-4cf1-be88-4eed5d83cbfc,3895074,547,10270506700,10270506900
s3_s2sf12j2_kafka_rep4_20260612,kafka,sb-events-s3_s2sf12j2_kafka_rep4_20260612,271ca6ca-d5de-4a63-98ee-15a0e2f5ba41,3895121,547,10272263200,10272263500
s3_s2sf12j2_kafka_rep4_20260612,kafka,sb-events-s3_s2sf12j2_kafka_rep4_20260612,f19133a2-dedc-4b1b-adeb-8191b2f723c1,3895067,547,10274212000,10274212400
s3_s2sf12j2_kafka_rep4_20260612,kafka,sb-events-s3_s2sf12j2_kafka_rep4_20260612,0d692cac-82f0-409a-b794-1f98658c9bcc,3895067,547,10275890500,10275890800
s3_s2sf12j2_kafka_rep4_20260612,kafka,sb-events-s3_s2sf12j2_kafka_rep4_20260612,d4293557-ec93-4548-a9b0-018e9870ecae,3895067,547,10277537800,10277538000
s3_s2sf12j2_kafka_rep4_20260612,kafka,sb-events-s3_s2sf12j2_kafka_rep4_20260612,f2648b2a-5801-4fcd-b48e-4a73735afe58,3895052,547,10279381600,10279381900
s3_s2sf12j2_kafka_rep4_20260612,kafka,sb-events-s3_s2sf12j2_kafka_rep4_20260612,9f3456ac-f1d6-4bbc-800b-c67a84d2c90b,3895113,547,10281870800,10281871200
s3_s2sf12j2_kafka_rep4_20260612,kafka,sb-events-s3_s2sf12j2_kafka_rep4_20260612,6e1b36a3-7f86-4ddf-b891-045568d370ff,3895113,547,10283410200,10283410700
s3_s2sf12j2_kafka_rep4_20260612,kafka,sb-events-s3_s2sf12j2_kafka_rep4_20260612,db616ee1-4697-4630-b0d2-adcfa3f122f8,3895074,548,10285149200,10285149700
s3_s2sf12j2_kafka_rep4_20260612,kafka,sb-events-s3_s2sf12j2_kafka_rep4_20260612,5e66e5ea-b1e6-4b23-8035-f7f690628de7,3895074,548,10286724400,10286724700
s3_s2sf12j2_kafka_rep4_20260612,kafka,sb-events-s3_s2sf12j2_kafka_rep4_20260612,35c04d45-7aa6-4dbc-9c71-2236688d2bd9,3895074,548,10288098800,10288099100
s3_s2sf12j2_kafka_rep4_20260612,kafka,sb-events-s3_s2sf12j2_kafka_rep4_20260612,c76abb45-261c-4d0a-a386-c8faa8ede37e,3895067,548,10289731000,10289731300
s3_s2sf12j2_kafka_rep4_20260612,kafka,sb-events-s3_s2sf12j2_kafka_rep4_20260612,96274ec9-d7da-481c-af37-5a870a00e846,3895067,548,10291347400,10291347700
s3_s2sf12j2_kafka_rep4_20260612,kafka,sb-events-s3_s2sf12j2_kafka_rep4_20260612,6aeb0706-ec98-4e40-8b86-5f4a8e50ecda,3895067,548,10292972300,10292972600
s3_s2sf12j2_kafka_rep4_20260612,kafka,sb-events-s3_s2sf12j2_kafka_rep4_20260612,dc353653-50c1-4683-ba8c-307ffe1b7400,3895052,548,10295073300,10295073700
s3_s2sf12j2_kafka_rep4_20260612,kafka,sb-events-s3_s2sf12j2_kafka_rep4_20260612,28af6429-8a64-48bb-98d0-87cb8f9b288a,3895052,548,10297069300,10297069900
s3_s2sf12j2_kafka_rep4_20260612,kafka,sb-events-s3_s2sf12j2_kafka_rep4_20260612,eb3bdb0f-c8c1-472c-9297-4f624735f22d,3895095,549,10298293700,10298294000
s3_s2sf12j2_kafka_rep4_20260612,kafka,sb-events-s3_s2sf12j2_kafka_rep4_20260612,4e5fbf4b-f9e0-498e-94b9-0d444fb51f19,3895067,549,10299749800,10299750100
s3_s2sf12j2_kafka_rep4_20260612,kafka,sb-events-s3_s2sf12j2_kafka_rep4_20260612,a910d314-abc6-4693-bc9b-c1c459d771b2,3895067,549,10301162300,10301162600
s3_s2sf12j2_kafka_rep4_20260612,kafka,sb-events-s3_s2sf12j2_kafka_rep4_20260612,b92da8bd-bffa-4bf9-a7d8-d63457c8bcee,3895095,550,10302476200,10302476600
s3_s2sf12j2_kafka_rep4_20260612,kafka,sb-events-s3_s2sf12j2_kafka_rep4_20260612,ab99dda8-b45f-497a-8fce-f1d7219d9a6b,3895067,550,10304302200,10304302500
s3_s2sf12j2_kafka_rep4_20260612,kafka,sb-events-s3_s2sf12j2_kafka_rep4_20260612,fff26681-b31a-4fe7-ad79-73837c1b9ce6,3895052,550,10306583300,10306583900
s3_s2sf12j2_kafka_rep4_20260612,kafka,sb-events-s3_s2sf12j2_kafka_rep4_20260612,034ad4ab-5822-459a-8e08-0e8ca1983870,3895113,550,10308731800,10308732000
s3_s2sf12j2_kafka_rep4_20260612,kafka,sb-events-s3_s2sf12j2_kafka_rep4_20260612,f3706411-3b40-4d16-8baf-d7bb9dcd9f63,3895121,551,10311238600,10311239100
s3_s2sf12j2_kafka_rep4_20260612,kafka,sb-events-s3_s2sf12j2_kafka_rep4_20260612,d40f3696-86be-4b7b-ae08-82ae999c1c43,3895067,551,10313076700,10313076900
s3_s2sf12j2_kafka_rep4_20260612,kafka,sb-events-s3_s2sf12j2_kafka_rep4_20260612,f17aa964-2944-459b-91aa-eac26dccf3cf,3895067,551,10314935700,10314935900
s3_s2sf12j2_kafka_rep4_20260612,kafka,sb-events-s3_s2sf12j2_kafka_rep4_20260612,d4ab804e-1b50-4172-9f66-77e04ebcfead,3895067,552,10316554200,10316554500
s3_s2sf12j2_kafka_rep4_20260612,kafka,sb-events-s3_s2sf12j2_kafka_rep4_20260612,a6e3aa18-12ab-4dfd-81dd-505d6521a65a,3895113,552,10318384900,10318385300
s3_s2sf12j2_kafka_rep4_20260612,kafka,sb-events-s3_s2sf12j2_kafka_rep4_20260612,827ed3d9-da89-4e4b-af26-3f6df863306c,3895113,552,10320301200,10320301600
s3_s2sf12j2_kafka_rep4_20260612,kafka,sb-events-s3_s2sf12j2_kafka_rep4_20260612,0a606142-7bb7-473a-b6bd-854622f3677b,3895121,553,10322103200,10322103600
s3_s2sf12j2_kafka_rep4_20260612,kafka,sb-events-s3_s2sf12j2_kafka_rep4_20260612,2c4d7a1a-42cd-4a7d-92fa-e70688518c50,3895121,553,10324014700,10324015100
s3_s2sf12j2_kafka_rep4_20260612,kafka,sb-events-s3_s2sf12j2_kafka_rep4_20260612,36e32e50-497d-49b4-85ac-7e59aa279522,3895052,553,10326300600,10326301300
s3_s2sf12j2_kafka_rep4_20260612,kafka,sb-events-s3_s2sf12j2_kafka_rep4_20260612,3ef44783-dd48-4af3-a84a-d13b92371ec4,3895052,553,10328358500,10328358700
s3_s2sf12j2_kafka_rep4_20260612,kafka,sb-events-s3_s2sf12j2_kafka_rep4_20260612,25d4de3e-3e2a-4f3c-b5b4-6896dffcf292,3895113,553,10330583800,10330584300
s3_s2sf12j2_kafka_rep4_20260612,kafka,sb-events-s3_s2sf12j2_kafka_rep4_20260612,d84a6ea0-eb04-49ee-8011-71fbea9094ff,3895113,554,10332248600,10332249100
s3_s2sf12j2_kafka_rep4_20260612,kafka,sb-events-s3_s2sf12j2_kafka_rep4_20260612,459e933b-3a7b-4903-9846-28f8af49f3b8,3895113,554,10334178800,10334179300
s3_s2sf12j2_kafka_rep4_20260612,kafka,sb-events-s3_s2sf12j2_kafka_rep4_20260612,3b170f61-0722-4ef0-9378-98882ff08363,3895121,555,10335897500,10335897800
s3_s2sf12j2_kafka_rep4_20260612,kafka,sb-events-s3_s2sf12j2_kafka_rep4_20260612,d85b4617-fc6b-4613-a6c4-f1b2bf1e83f7,3895121,555,10337478100,10337478300
s3_s2sf12j2_kafka_rep4_20260612,kafka,sb-events-s3_s2sf12j2_kafka_rep4_20260612,7a2e7555-68ea-419c-86aa-bf4dcb78e05c,3895067,555,10339448600,10339448800
s3_s2sf12j2_kafka_rep4_20260612,kafka,sb-events-s3_s2sf12j2_kafka_rep4_20260612,37ad6f42-511c-4a7c-acbf-ffdb05343d00,3895067,555,10341306400,10341306800
s3_s2sf12j2_kafka_rep4_20260612,kafka,sb-events-s3_s2sf12j2_kafka_rep4_20260612,4d65f18f-6c0e-4c7e-a92e-9eddfe918c80,3895113,556,10342697700,10342698000
s3_s2sf12j2_kafka_rep4_20260612,kafka,sb-events-s3_s2sf12j2_kafka_rep4_20260612,3608104d-8c99-4ff1-8776-6f10c9aa16f1,3895067,557,10345091400,10345091900
s3_s2sf12j2_kafka_rep4_20260612,kafka,sb-events-s3_s2sf12j2_kafka_rep4_20260612,4d65f18f-6c0e-4c7e-a92e-9eddfe918c80__rev2,3895113,556,10345137400,10345137700
s3_s2sf12j2_kafka_rep4_20260612,kafka,sb-events-s3_s2sf12j2_kafka_rep4_20260612,6f68b267-cacb-43af-a94a-b86a7b012586,3895067,557,10346615800,10346616100
s3_s2sf12j2_kafka_rep4_20260612,kafka,sb-events-s3_s2sf12j2_kafka_rep4_20260612,960c6c53-3ff0-441f-9839-e525d22ee603,3895067,557,10348439600,10348439900
s3_s2sf12j2_kafka_rep4_20260612,kafka,sb-events-s3_s2sf12j2_kafka_rep4_20260612,771782c4-84a1-45da-9472-a42a4cdac870,3895052,557,10350556100,10350556500
s3_s2sf12j2_kafka_rep4_20260612,kafka,sb-events-s3_s2sf12j2_kafka_rep4_20260612,e4703900-92e0-477e-bb89-4874b45fa1aa,3895121,558,10352190000,10352190400
s3_s2sf12j2_kafka_rep4_20260612,kafka,sb-events-s3_s2sf12j2_kafka_rep4_20260612,f0da8169-c4b7-45fc-8c14-df99f65fa592,3895067,558,10354007100,10354007400
s3_s2sf12j2_kafka_rep4_20260612,kafka,sb-events-s3_s2sf12j2_kafka_rep4_20260612,ec56ac0a-94da-4bf7-9500-8424d742497f,3895113,558,10355769900,10355770200
s3_s2sf12j2_kafka_rep4_20260612,kafka,sb-events-s3_s2sf12j2_kafka_rep4_20260612,7e05c347-4251-406d-894c-81b8c0754146,3895113,558,10357484500,10357484800
s3_s2sf12j2_kafka_rep4_20260612,kafka,sb-events-s3_s2sf12j2_kafka_rep4_20260612,ff7df466-18e4-462c-aca8-68b0b661c050,3895121,559,10358977800,10358978100
s3_s2sf12j2_kafka_rep4_20260612,kafka,sb-events-s3_s2sf12j2_kafka_rep4_20260612,3abb82ea-6b10-4c94-a8c7-018787b8cfac,3895121,559,10361183200,10361183500
s3_s2sf12j2_kafka_rep4_20260612,kafka,sb-events-s3_s2sf12j2_kafka_rep4_20260612,35b0c8d9-a0bc-413a-844c-2ad4f48df2e9,3895067,559,10363066600,10363067000
s3_s2sf12j2_kafka_rep4_20260612,kafka,sb-events-s3_s2sf12j2_kafka_rep4_20260612,00edadfb-d24e-4eda-b463-ec2eb761a863,3895052,559,10364506100,10364506400
s3_s2sf12j2_kafka_rep4_20260612,kafka,sb-events-s3_s2sf12j2_kafka_rep4_20260612,2f30fa17-863e-4982-af77-279928d8bf7d,3895052,559,10366285600,10366286000
s3_s2sf12j2_kafka_rep4_20260612,kafka,sb-events-s3_s2sf12j2_kafka_rep4_20260612,774c27ef-4247-40e0-8ef1-d1c415e50681,3895052,559,10368346900,10368347200
s3_s2sf12j2_kafka_rep4_20260612,kafka,sb-events-s3_s2sf12j2_kafka_rep4_20260612,b1731242-8dfe-4ce0-8f9f-14ea8fab3216,3895113,559,10370438900,10370439100
s3_s2sf12j2_kafka_rep4_20260612,kafka,sb-events-s3_s2sf12j2_kafka_rep4_20260612,1e564b86-97b7-4d25-8679-fa80ce5aaa80,3895113,559,10372084400,10372084700
s3_s2sf12j2_kafka_rep4_20260612,kafka,sb-events-s3_s2sf12j2_kafka_rep4_20260612,750e6cda-3390-4817-83ea-ca66bd967062,3895134,560,10374733500,10374733800
s3_s2sf12j2_kafka_rep4_20260612,kafka,sb-events-s3_s2sf12j2_kafka_rep4_20260612,8b99f53b-121b-43c5-8f44-c9c08aa83bd8,3895134,561,10376712600,10376712900
s3_s2sf12j2_kafka_rep4_20260612,kafka,sb-events-s3_s2sf12j2_kafka_rep4_20260612,9dca34a8-c117-4b0b-a475-102ac8d30665,3895113,561,10378507700,10378507900
s3_s2sf12j2_kafka_rep4_20260612,kafka,sb-events-s3_s2sf12j2_kafka_rep4_20260612,bdf25150-5586-4645-96fc-c8e50cdd82d7,3895113,561,10379818100,10379818400
s3_s2sf12j2_kafka_rep4_20260612,kafka,sb-events-s3_s2sf12j2_kafka_rep4_20260612,33da9109-a7ef-4a4e-a9aa-b0942d42eedb,3895113,561,10381847000,10381847600
s3_s2sf12j2_kafka_rep4_20260612,kafka,sb-events-s3_s2sf12j2_kafka_rep4_20260612,86ce68ca-57a3-4495-8309-d66397796e67,3895052,562,10383874700,10383875000
s3_s2sf12j2_kafka_rep4_20260612,kafka,sb-events-s3_s2sf12j2_kafka_rep4_20260612,f42f73e7-ae7d-4683-bf94-dcf6164d5621,3895113,562,10385785800,10385786200
s3_s2sf12j2_kafka_rep4_20260612,kafka,sb-events-s3_s2sf12j2_kafka_rep4_20260612,b63ba05a-0566-49c9-b015-6bf55a59abb7,3895113,562,10387349200,10387349600
s3_s2sf12j2_kafka_rep4_20260612,kafka,sb-events-s3_s2sf12j2_kafka_rep4_20260612,282e0578-2dfb-424b-aa7f-f27e530978c6,3895113,562,10389366600,10389366900
s3_s2sf12j2_kafka_rep4_20260612,kafka,sb-events-s3_s2sf12j2_kafka_rep4_20260612,bbb0feea-68e0-4535-993c-ac50e15abd87,3895113,562,10391206000,10391206400
s3_s2sf12j2_kafka_rep4_20260612,kafka,sb-events-s3_s2sf12j2_kafka_rep4_20260612,e9972a5d-bd71-4307-8afc-8945594b52b9,3895060,563,10392609900,10392610300
s3_s2sf12j2_kafka_rep4_20260612,kafka,sb-events-s3_s2sf12j2_kafka_rep4_20260612,ecd29e2b-a31e-4693-9112-e61c9b4704fc,3895134,563,10394282600,10394282900
s3_s2sf12j2_kafka_rep4_20260612,kafka,sb-events-s3_s2sf12j2_kafka_rep4_20260612,f524e58e-1159-490f-9fd6-5e3be74f43ce,3895067,563,10396097900,10396098500
s3_s2sf12j2_kafka_rep4_20260612,kafka,sb-events-s3_s2sf12j2_kafka_rep4_20260612,3fb80ec5-a7a4-47b1-ad37-10866e0d0a07,3895067,563,10398083500,10398083800
s3_s2sf12j2_kafka_rep4_20260612,kafka,sb-events-s3_s2sf12j2_kafka_rep4_20260612,d38152a9-beaf-4baa-a20c-7b9ab30bc942,3895067,563,10399693000,10399693300
s3_s2sf12j2_kafka_rep4_20260612,kafka,sb-events-s3_s2sf12j2_kafka_rep4_20260612,06db91e0-abb2-46ee-84eb-7d5d5156a3d5,3895052,563,10401655100,10401655300
s3_s2sf12j2_kafka_rep4_20260612,kafka,sb-events-s3_s2sf12j2_kafka_rep4_20260612,4bd124dd-4b82-4bba-884c-46919b42647d,3895060,564,10403191400,10403191700
s3_s2sf12j2_kafka_rep4_20260612,kafka,sb-events-s3_s2sf12j2_kafka_rep4_20260612,abc73bc5-baf9-498e-96fd-e2db6a0bb05e,3895060,564,10405048800,10405049100
s3_s2sf12j2_kafka_rep4_20260612,kafka,sb-events-s3_s2sf12j2_kafka_rep4_20260612,0c2223f4-cd8c-4528-9ef6-35eaa67cab84,3895067,564,10406600100,10406600300
s3_s2sf12j2_kafka_rep4_20260612,kafka,sb-events-s3_s2sf12j2_kafka_rep4_20260612,609fb6dd-8540-439a-b616-ecabd68f7482,3895113,564,10408344000,10408344400
s3_s2sf12j2_kafka_rep4_20260612,kafka,sb-events-s3_s2sf12j2_kafka_rep4_20260612,ecbea6bc-c576-452e-b9b9-7cd529b60fd7,3895113,564,10409921400,10409921800
s3_s2sf12j2_kafka_rep4_20260612,kafka,sb-events-s3_s2sf12j2_kafka_rep4_20260612,f61244dd-1742-467e-816c-849a144abd5c,3895113,564,10411336300,10411336500
s3_s2sf12j2_kafka_rep4_20260612,kafka,sb-events-s3_s2sf12j2_kafka_rep4_20260612,8a932753-b413-4516-87f0-3dc6ad69a845,3895121,565,10413307100,10413307800
s3_s2sf12j2_kafka_rep4_20260612,kafka,sb-events-s3_s2sf12j2_kafka_rep4_20260612,692e3ebd-8ed8-4bc6-9715-2adb6d32961d,3895134,565,10415633700,10415634000
s3_s2sf12j2_kafka_rep4_20260612,kafka,sb-events-s3_s2sf12j2_kafka_rep4_20260612,bb5ed357-d8b5-44a3-8835-b969dba3555c,3895060,565,10417825300,10417825700
s3_s2sf12j2_kafka_rep4_20260612,kafka,sb-events-s3_s2sf12j2_kafka_rep4_20260612,b317b4ab-591f-4025-b660-69b0b91865c1,3895134,565,10419625100,10419625300
s3_s2sf12j2_kafka_rep4_20260612,kafka,sb-events-s3_s2sf12j2_kafka_rep4_20260612,554b1c6d-9aee-4611-8ed8-38c7c0c7e8fa,3895134,565,10421300300,10421300600
s3_s2sf12j2_kafka_rep4_20260612,kafka,sb-events-s3_s2sf12j2_kafka_rep4_20260612,058d670b-2399-456e-8420-862d0b2cf6a7,3895134,565,10423430100,10423430600
s3_s2sf12j2_kafka_rep4_20260612,kafka,sb-events-s3_s2sf12j2_kafka_rep4_20260612,cf2aab32-f699-444b-b047-595ad92c9e50,3895113,565,10425246900,10425247300
s3_s2sf12j2_kafka_rep4_20260612,kafka,sb-events-s3_s2sf12j2_kafka_rep4_20260612,db9f4659-660c-4da5-af41-197ce1cfbcaf,3895121,566,10427614400,10427614600
s3_s2sf12j2_kafka_rep4_20260612,kafka,sb-events-s3_s2sf12j2_kafka_rep4_20260612,6da8638f-22e2-498a-85c1-05ab2e07b258,3895121,566,10429518200,10429518500
s3_s2sf12j2_kafka_rep4_20260612,kafka,sb-events-s3_s2sf12j2_kafka_rep4_20260612,ae3dc312-e545-4a15-b0bb-235550514b38,3895060,566,10431348500,10431348900
s3_s2sf12j2_kafka_rep4_20260612,kafka,sb-events-s3_s2sf12j2_kafka_rep4_20260612,a9be64a4-16aa-46ad-a2e1-7285994613dc,3895060,566,10433166900,10433167100
s3_s2sf12j2_kafka_rep4_20260612,kafka,sb-events-s3_s2sf12j2_kafka_rep4_20260612,29a763c8-e688-484b-9faf-cd734436e0a7,3895060,566,10434905500,10434905700
s3_s2sf12j2_kafka_rep4_20260612,kafka,sb-events-s3_s2sf12j2_kafka_rep4_20260612,435fe1a6-cf5b-494b-a06d-55317e35e187,3895134,566,10436736000,10436736300
s3_s2sf12j2_kafka_rep4_20260612,kafka,sb-events-s3_s2sf12j2_kafka_rep4_20260612,29a763c8-e688-484b-9faf-cd734436e0a7__rev2,3895060,566,10436764500,10436764800
s3_s2sf12j2_kafka_rep4_20260612,kafka,sb-events-s3_s2sf12j2_kafka_rep4_20260612,49b784a4-5bc8-40cf-8e94-f0a3049b756a,3895134,566,10438434000,10438434400
s3_s2sf12j2_kafka_rep4_20260612,kafka,sb-events-s3_s2sf12j2_kafka_rep4_20260612,add4c52f-bef3-4f9e-9e3a-9f3b12602dc7,3895134,566,10440072000,10440072300
s3_s2sf12j2_kafka_rep4_20260612,kafka,sb-events-s3_s2sf12j2_kafka_rep4_20260612,bbad49fb-71c2-4fbf-901a-1295fa8cba46,3895060,567,10442099400,10442099900
s3_s2sf12j2_kafka_rep4_20260612,kafka,sb-events-s3_s2sf12j2_kafka_rep4_20260612,0d499b61-56d7-444f-b1a1-34ab319882f8,3895067,567,10443718400,10443718700
s3_s2sf12j2_kafka_rep4_20260612,kafka,sb-events-s3_s2sf12j2_kafka_rep4_20260612,9be861d7-d952-440c-9b03-985be6e791fa,3895067,567,10445302100,10445302400
s3_s2sf12j2_kafka_rep4_20260612,kafka,sb-events-s3_s2sf12j2_kafka_rep4_20260612,a23bc1ec-70f0-4cee-ac65-c548c161e34c,3895113,567,10447228700,10447228900
s3_s2sf12j2_kafka_rep4_20260612,kafka,sb-events-s3_s2sf12j2_kafka_rep4_20260612,1acb9806-886f-4bf8-a858-8b2f3b876ab4,3895113,567,10449239700,10449240000
s3_s2sf12j2_kafka_rep4_20260612,kafka,sb-events-s3_s2sf12j2_kafka_rep4_20260612,d6dc199d-fe0f-4dca-873c-666cc4f7580b,3895074,568,10451142000,10451142300
s3_s2sf12j2_kafka_rep4_20260612,kafka,sb-events-s3_s2sf12j2_kafka_rep4_20260612,4207d6a4-0228-4577-b031-4d416166a912,3895121,568,10453029900,10453030200
s3_s2sf12j2_kafka_rep4_20260612,kafka,sb-events-s3_s2sf12j2_kafka_rep4_20260612,b9041f26-493b-437f-a7da-3a6424b43560,3895134,568,10454822500,10454822900
s3_s2sf12j2_kafka_rep4_20260612,kafka,sb-events-s3_s2sf12j2_kafka_rep4_20260612,4143af48-0f1a-438c-a7af-ab6981596e34,3895074,569,10456477400,10456477700
s3_s2sf12j2_kafka_rep4_20260612,kafka,sb-events-s3_s2sf12j2_kafka_rep4_20260612,5ecc44df-780b-422c-ba24-37d2b3e2438f,3895074,569,10458290900,10458291300
s3_s2sf12j2_kafka_rep4_20260612,kafka,sb-events-s3_s2sf12j2_kafka_rep4_20260612,3a16a221-9434-413f-9a6b-0a8fcaac7187,3895074,569,10460061400,10460061700
s3_s2sf12j2_kafka_rep4_20260612,kafka,sb-events-s3_s2sf12j2_kafka_rep4_20260612,ae9ea283-4d1d-4e4e-ab59-748ba8a34e98,3895121,569,10462060500,10462060700
s3_s2sf12j2_kafka_rep4_20260612,kafka,sb-events-s3_s2sf12j2_kafka_rep4_20260612,b69cb150-6add-467e-95f5-373f645aec83,3895121,569,10463663000,10463663300
s3_s2sf12j2_kafka_rep4_20260612,kafka,sb-events-s3_s2sf12j2_kafka_rep4_20260612,e118cc39-f22c-4fd7-8959-0f87ccd83edb,3895121,569,10465161400,10465161600
s3_s2sf12j2_kafka_rep4_20260612,kafka,sb-events-s3_s2sf12j2_kafka_rep4_20260612,ed41f0d9-2fcc-4f3e-b408-3a6332f3ccc2,3895134,569,10466799800,10466800100
s3_s2sf12j2_kafka_rep4_20260612,kafka,sb-events-s3_s2sf12j2_kafka_rep4_20260612,d6277188-5e56-4821-865a-2136185eb9f8,3895134,569,10468497700,10468498100
s3_s2sf12j2_kafka_rep4_20260612,kafka,sb-events-s3_s2sf12j2_kafka_rep4_20260612,62287493-880c-4ed1-8e95-2fc6c48f7406,3895134,569,10469889400,10469889700
s3_s2sf12j2_kafka_rep4_20260612,kafka,sb-events-s3_s2sf12j2_kafka_rep4_20260612,94695ec3-fd04-4e7d-ad92-32a4b4910c85,3895134,569,10471536500,10471536700
s3_s2sf12j2_kafka_rep4_20260612,kafka,sb-events-s3_s2sf12j2_kafka_rep4_20260612,498d3916-efb1-4f24-bf9b-394fcf3fb8aa,3895052,569,10473478900,10473479400
s3_s2sf12j2_kafka_rep4_20260612,kafka,sb-events-s3_s2sf12j2_kafka_rep4_20260612,82a04586-669c-4ea2-99d8-ed5037368a1d,3895113,569,10474844600,10474844800
s3_s2sf12j2_kafka_rep4_20260612,kafka,sb-events-s3_s2sf12j2_kafka_rep4_20260612,0c595cc6-c86d-45aa-90be-80aad494ce6e,3895121,570,10476359900,10476360200
s3_s2sf12j2_kafka_rep4_20260612,kafka,sb-events-s3_s2sf12j2_kafka_rep4_20260612,12e6e67d-9811-4ba0-a908-f5a04b6d09cf,3895067,570,10478450300,10478450600
s3_s2sf12j2_kafka_rep4_20260612,kafka,sb-events-s3_s2sf12j2_kafka_rep4_20260612,ba2fee64-0a6b-4776-95ed-f065ac49eff6,3895134,570,10480414600,10480414900
s3_s2sf12j2_kafka_rep4_20260612,kafka,sb-events-s3_s2sf12j2_kafka_rep4_20260612,aeab8653-2c7c-48d1-8e69-a7f408f6ebe0,3895134,570,10482457300,10482457500
s3_s2sf12j2_kafka_rep4_20260612,kafka,sb-events-s3_s2sf12j2_kafka_rep4_20260612,544cac47-5c40-405d-b6d0-62165e550723,3895113,570,10484314400,10484314800
s3_s2sf12j2_kafka_rep4_20260612,kafka,sb-events-s3_s2sf12j2_kafka_rep4_20260612,8b305c0c-e9f9-4e2d-bcaa-23e4552182a9,3895121,571,10485899000,10485899200
s3_s2sf12j2_kafka_rep4_20260612,kafka,sb-events-s3_s2sf12j2_kafka_rep4_20260612,715129f6-aac2-40bb-9334-8c49a26fc045,3895121,571,10487482800,10487483200
s3_s2sf12j2_kafka_rep4_20260612,kafka,sb-events-s3_s2sf12j2_kafka_rep4_20260612,7dcc71fb-6a76-4e95-9839-a311460a34bd,3895121,571,10488788200,10488788500
s3_s2sf12j2_kafka_rep4_20260612,kafka,sb-events-s3_s2sf12j2_kafka_rep4_20260612,bbdc363f-ddad-4a3c-b497-24be542c3737,3895067,571,10490624700,10490625200
s3_s2sf12j2_kafka_rep4_20260612,kafka,sb-events-s3_s2sf12j2_kafka_rep4_20260612,7220c3ce-1994-4b3e-b8ad-820ec2f7be2d,3895067,571,10492282200,10492282700
s3_s2sf12j2_kafka_rep4_20260612,kafka,sb-events-s3_s2sf12j2_kafka_rep4_20260612,a3d79461-7ba9-4564-9c6d-897f19ef3a64,3895134,571,10494203500,10494203800
s3_s2sf12j2_kafka_rep4_20260612,kafka,sb-events-s3_s2sf12j2_kafka_rep4_20260612,29363af0-2353-4423-b976-37fa82d94740,3895134,571,10495805200,10495805500
s3_s2sf12j2_kafka_rep4_20260612,kafka,sb-events-s3_s2sf12j2_kafka_rep4_20260612,e838d752-a46c-4ab6-b347-0f20bebe3fa9,3895052,571,10497638300,10497638600
s3_s2sf12j2_kafka_rep4_20260612,kafka,sb-events-s3_s2sf12j2_kafka_rep4_20260612,88975cca-31fe-4a50-b622-4fb93865a601,3895052,571,10499368100,10499368400
s3_s2sf12j2_kafka_rep4_20260612,kafka,sb-events-s3_s2sf12j2_kafka_rep4_20260612,1db38ded-2eec-4ccc-952c-59dbc482485a,3895074,572,10501297300,10501297700
s3_s2sf12j2_kafka_rep4_20260612,kafka,sb-events-s3_s2sf12j2_kafka_rep4_20260612,9a741e55-d2cd-45fc-823d-7d38ae02b3f6,3895121,572,10502663800,10502664100
s3_s2sf12j2_kafka_rep4_20260612,kafka,sb-events-s3_s2sf12j2_kafka_rep4_20260612,6cf6ed29-f0fe-46e6-8365-74b2cf732543,3895121,572,10504178400,10504178800
s3_s2sf12j2_kafka_rep4_20260612,kafka,sb-events-s3_s2sf12j2_kafka_rep4_20260612,43d43481-ebe4-4d6e-8388-55250d1a3131,3895134,572,10506066600,10506067100
s3_s2sf12j2_kafka_rep4_20260612,kafka,sb-events-s3_s2sf12j2_kafka_rep4_20260612,55234fec-33e8-446b-9245-ce746400f97f,3895134,572,10507774400,10507774700
s3_s2sf12j2_kafka_rep4_20260612,kafka,sb-events-s3_s2sf12j2_kafka_rep4_20260612,fd52e903-b306-4c1c-a68f-dcdcf71fef24,3895134,572,10509775500,10509776000
s3_s2sf12j2_kafka_rep4_20260612,kafka,sb-events-s3_s2sf12j2_kafka_rep4_20260612,ab509877-2fc3-4aa9-8158-d1f5ebe8da6d,3895052,572,10511306000,10511306300
s3_s2sf12j2_kafka_rep4_20260612,kafka,sb-events-s3_s2sf12j2_kafka_rep4_20260612,943ef8eb-5292-4c53-8072-91c657571f42,3895052,572,10513246300,10513246800
s3_s2sf12j2_kafka_rep4_20260612,kafka,sb-events-s3_s2sf12j2_kafka_rep4_20260612,3ea8a716-0bb8-43be-b33c-dfa6014257ac,3895074,573,10514803300,10514803700
s3_s2sf12j2_kafka_rep4_20260612,kafka,sb-events-s3_s2sf12j2_kafka_rep4_20260612,d5b4c99c-7c16-47cf-b5b3-c48c1d852fd8,3895121,573,10516624500,10516624800
s3_s2sf12j2_kafka_rep4_20260612,kafka,sb-events-s3_s2sf12j2_kafka_rep4_20260612,249bd339-ce23-492c-b3cf-b7214716e130,3895067,573,10519031900,10519032400
s3_s2sf12j2_kafka_rep4_20260612,kafka,sb-events-s3_s2sf12j2_kafka_rep4_20260612,f9b530b9-7dc4-48e9-bf73-ced6b0b1925a,3895134,573,10520781500,10520781800
s3_s2sf12j2_kafka_rep4_20260612,kafka,sb-events-s3_s2sf12j2_kafka_rep4_20260612,fb1a9369-b9d5-4fd7-ac71-aa651f0168e9,3895052,573,10522345700,10522346000
s3_s2sf12j2_kafka_rep4_20260612,kafka,sb-events-s3_s2sf12j2_kafka_rep4_20260612,2dda5918-4209-4100-960e-e3edb058d48d,3895052,573,10525117000,10525117300
s3_s2sf12j2_kafka_rep4_20260612,kafka,sb-events-s3_s2sf12j2_kafka_rep4_20260612,fb1a9369-b9d5-4fd7-ac71-aa651f0168e9__rev2,3895052,573,10525157800,10525158100
s3_s2sf12j2_kafka_rep4_20260612,kafka,sb-events-s3_s2sf12j2_kafka_rep4_20260612,1dae3789-5635-4d14-80fc-efd3c40db3b5,3895052,573,10526909300,10526909600
s3_s2sf12j2_kafka_rep4_20260612,kafka,sb-events-s3_s2sf12j2_kafka_rep4_20260612,0bcbb1c4-b220-4298-9847-5f821da04e9a,3895113,573,10528814600,10528815100
s3_s2sf12j2_kafka_rep4_20260612,kafka,sb-events-s3_s2sf12j2_kafka_rep4_20260612,8d5e711c-8993-4de5-ac7a-7ebccc01baf8,3895113,573,10530224400,10530224700
s3_s2sf12j2_kafka_rep4_20260612,kafka,sb-events-s3_s2sf12j2_kafka_rep4_20260612,fec8d35a-02e4-4e46-99cd-8782881124ea,3895074,574,10532793200,10532793500
s3_s2sf12j2_kafka_rep4_20260612,kafka,sb-events-s3_s2sf12j2_kafka_rep4_20260612,f9c117a9-8333-4dca-8508-4cd6b1ed4bf7,3895074,574,10534929700,10534930100
s3_s2sf12j2_kafka_rep4_20260612,kafka,sb-events-s3_s2sf12j2_kafka_rep4_20260612,ae054521-50e4-4650-88dc-56beb4f776e6,3895074,574,10536713800,10536714400
s3_s2sf12j2_kafka_rep4_20260612,kafka,sb-events-s3_s2sf12j2_kafka_rep4_20260612,e7ab799d-7eea-4ae5-a2e6-46a4ad5a46ed,3895074,574,10538713500,10538713800
s3_s2sf12j2_kafka_rep4_20260612,kafka,sb-events-s3_s2sf12j2_kafka_rep4_20260612,2ab1b2f9-6737-4a08-885e-10b6be2bb13c,3895121,574,10540729300,10540729800
s3_s2sf12j2_kafka_rep4_20260612,kafka,sb-events-s3_s2sf12j2_kafka_rep4_20260612,d8d8428e-76c9-4881-b4ed-0b13a72e0565,3895121,574,10543120300,10543120700
s3_s2sf12j2_kafka_rep4_20260612,kafka,sb-events-s3_s2sf12j2_kafka_rep4_20260612,596f2d53-66d8-4a23-b0a3-94edc6df8281,3895067,574,10545049000,10545049400
s3_s2sf12j2_kafka_rep4_20260612,kafka,sb-events-s3_s2sf12j2_kafka_rep4_20260612,8c02596a-6342-4489-8bbd-b18c0c84026a,3895067,574,10547152600,10547153000
s3_s2sf12j2_kafka_rep4_20260612,kafka,sb-events-s3_s2sf12j2_kafka_rep4_20260612,a3349cce-9229-41e9-8ccc-a5efc421a6f2,3895134,574,10549353600,10549353900
s3_s2sf12j2_kafka_rep4_20260612,kafka,sb-events-s3_s2sf12j2_kafka_rep4_20260612,44e48928-bcd2-425d-bcd2-88b4b3e10764,3895134,574,10551019400,10551019700
s3_s2sf12j2_kafka_rep4_20260612,kafka,sb-events-s3_s2sf12j2_kafka_rep4_20260612,4acfe84d-7381-4822-a218-7728e9b84f0f,3895134,574,10552973800,10552974400
s3_s2sf12j2_kafka_rep4_20260612,kafka,sb-events-s3_s2sf12j2_kafka_rep4_20260612,2b5f9db5-ec05-4a07-a5f4-075a0ae73ace,3895086,574,10554263600,10554263900
s3_s2sf12j2_kafka_rep4_20260612,kafka,sb-events-s3_s2sf12j2_kafka_rep4_20260612,8b90acda-680a-4983-88c4-e77ee2e520d2,3895052,574,10556377300,10556377700
s3_s2sf12j2_kafka_rep4_20260612,kafka,sb-events-s3_s2sf12j2_kafka_rep4_20260612,7199c049-130c-485e-8717-eed79cf6473e,3895052,574,10558057300,10558057600
s3_s2sf12j2_kafka_rep4_20260612,kafka,sb-events-s3_s2sf12j2_kafka_rep4_20260612,12f5d714-255c-4b77-b547-77df0d331ded,3895113,574,10560053900,10560054200
s3_s2sf12j2_kafka_rep4_20260612,kafka,sb-events-s3_s2sf12j2_kafka_rep4_20260612,19395768-0b78-473c-b1b1-61eda33bc094,3895113,574,10561825000,10561825300
s3_s2sf12j2_kafka_rep4_20260612,kafka,sb-events-s3_s2sf12j2_kafka_rep4_20260612,74bcdb7e-b4a3-40c3-8702-ef661db0155a,3895121,575,10563577200,10563577500
s3_s2sf12j2_kafka_rep4_20260612,kafka,sb-events-s3_s2sf12j2_kafka_rep4_20260612,485c6144-6361-4d77-a04e-9c1ed63426f0,3895107,575,10565804600,10565805000
s3_s2sf12j2_kafka_rep4_20260612,kafka,sb-events-s3_s2sf12j2_kafka_rep4_20260612,6efe26ce-d9e7-4d1c-9b78-3fa828b115be,3895074,576,10568119000,10568119400
s3_s2sf12j2_kafka_rep4_20260612,kafka,sb-events-s3_s2sf12j2_kafka_rep4_20260612,d5ebcc59-0d70-4f75-be32-b9bf306ede6d,3895121,576,10570095700,10570096000
s3_s2sf12j2_kafka_rep4_20260612,kafka,sb-events-s3_s2sf12j2_kafka_rep4_20260612,ac26105e-fbcb-4f13-9b1d-a042b7bbb33b,3895121,576,10572121600,10572121900
s3_s2sf12j2_kafka_rep4_20260612,kafka,sb-events-s3_s2sf12j2_kafka_rep4_20260612,2192e17c-695d-4241-ad3a-adb09073f21b,3895121,576,10574471900,10574472100
s3_s2sf12j2_kafka_rep4_20260612,kafka,sb-events-s3_s2sf12j2_kafka_rep4_20260612,fe9872b2-9d59-431d-a963-6c10708ce1da,3895067,576,10576674600,10576675000
s3_s2sf12j2_kafka_rep4_20260612,kafka,sb-events-s3_s2sf12j2_kafka_rep4_20260612,5ec70097-2e02-49bb-9982-c006e40c1594,3895086,576,10578691700,10578692000
s3_s2sf12j2_kafka_rep4_20260612,kafka,sb-events-s3_s2sf12j2_kafka_rep4_20260612,8dda5da9-19e2-4ea6-ab79-a0867e90239c,3895095,577,10580782000,10580782300
s3_s2sf12j2_kafka_rep4_20260612,kafka,sb-events-s3_s2sf12j2_kafka_rep4_20260612,330d23cc-c68b-4abb-93b1-62511656376a,3895074,577,10582641300,10582641700
s3_s2sf12j2_kafka_rep4_20260612,kafka,sb-events-s3_s2sf12j2_kafka_rep4_20260612,1d9edec0-5b27-45ad-96af-ada428ee719d,3895074,577,10584503200,10584503400
s3_s2sf12j2_kafka_rep4_20260612,kafka,sb-events-s3_s2sf12j2_kafka_rep4_20260612,6eb1a20d-8605-47f7-a06c-978069a3e269,3895121,577,10586581600,10586581900
s3_s2sf12j2_kafka_rep4_20260612,kafka,sb-events-s3_s2sf12j2_kafka_rep4_20260612,1e0d08d8-5dad-4be4-8e3d-b29725e55eb2,3895121,577,10588607800,10588608100
s3_s2sf12j2_kafka_rep4_20260612,kafka,sb-events-s3_s2sf12j2_kafka_rep4_20260612,9027b7b2-378a-4f24-a52f-05c83d32d245,3895107,577,10590463600,10590463800
s3_s2sf12j2_kafka_rep4_20260612,kafka,sb-events-s3_s2sf12j2_kafka_rep4_20260612,3501862c-2758-4201-a40b-b95d554e6457,3895107,577,10592258800,10592259200
s3_s2sf12j2_kafka_rep4_20260612,kafka,sb-events-s3_s2sf12j2_kafka_rep4_20260612,82b64c2b-7393-440f-bc6b-a47e02f6b722,3895107,577,10594093400,10594093600
s3_s2sf12j2_kafka_rep4_20260612,kafka,sb-events-s3_s2sf12j2_kafka_rep4_20260612,c7f7e256-15ad-4c70-988c-b1ea0c3e1771,3895086,577,10595586900,10595587300
s3_s2sf12j2_kafka_rep4_20260612,kafka,sb-events-s3_s2sf12j2_kafka_rep4_20260612,9504210d-0a74-4674-87d1-40e9820a7635,3895052,577,10597233700,10597234100
s3_s2sf12j2_kafka_rep4_20260612,kafka,sb-events-s3_s2sf12j2_kafka_rep4_20260612,d6e3276d-1d76-459b-bdaa-285f24adb999,3895113,577,10599032500,10599033000
s3_s2sf12j2_kafka_rep4_20260612,kafka,sb-events-s3_s2sf12j2_kafka_rep4_20260612,8d663b5e-05b6-4fe3-982b-e6ccdb91ac07,3895113,577,10600840000,10600840300
s3_s2sf12j2_kafka_rep4_20260612,kafka,sb-events-s3_s2sf12j2_kafka_rep4_20260612,514df5c9-615b-4951-87a5-600e1487f35c,3895107,578,10602764300,10602764800
s3_s2sf12j2_kafka_rep4_20260612,kafka,sb-events-s3_s2sf12j2_kafka_rep4_20260612,c1e37455-ff85-42ac-ba62-7ddcb5049d00,3895067,578,10604431300,10604431600
s3_s2sf12j2_kafka_rep4_20260612,kafka,sb-events-s3_s2sf12j2_kafka_rep4_20260612,1acaf70d-3037-4637-8830-b34157ea49f4,3895067,578,10605920500,10605920800
s3_s2sf12j2_kafka_rep4_20260612,kafka,sb-events-s3_s2sf12j2_kafka_rep4_20260612,fd006d44-2ee6-445a-aa8a-393b20bcff1c,3895074,579,10607554300,10607554600
s3_s2sf12j2_kafka_rep4_20260612,kafka,sb-events-s3_s2sf12j2_kafka_rep4_20260612,b61fab98-a6e0-4a32-b7e7-883f80a70d36,3895121,579,10608985200,10608985400
s3_s2sf12j2_kafka_rep4_20260612,kafka,sb-events-s3_s2sf12j2_kafka_rep4_20260612,f3a33620-83eb-4f9d-93b8-8f12b8874b10,3895067,579,10610499800,10610500000
s3_s2sf12j2_kafka_rep4_20260612,kafka,sb-events-s3_s2sf12j2_kafka_rep4_20260612,a4dbeb96-2862-4c2b-93f8-b996f946ed69,3895067,579,10612079000,10612079400
s3_s2sf12j2_kafka_rep4_20260612,kafka,sb-events-s3_s2sf12j2_kafka_rep4_20260612,de736173-7b94-48a1-9b15-3e529c34349b,3895067,579,10614395100,10614395400
s3_s2sf12j2_kafka_rep4_20260612,kafka,sb-events-s3_s2sf12j2_kafka_rep4_20260612,399fcced-37b1-496e-969f-d2568e5dda43,3895086,579,10616315100,10616315500
s3_s2sf12j2_kafka_rep4_20260612,kafka,sb-events-s3_s2sf12j2_kafka_rep4_20260612,f00d1a0d-3f91-4487-88ab-397cee279024,3895052,579,10618398800,10618400300
s3_s2sf12j2_kafka_rep4_20260612,kafka,sb-events-s3_s2sf12j2_kafka_rep4_20260612,44936a01-9dbe-4db5-b92e-14f4b4229339,3895052,579,10620778100,10620778300
s3_s2sf12j2_kafka_rep4_20260612,kafka,sb-events-s3_s2sf12j2_kafka_rep4_20260612,f00d1a0d-3f91-4487-88ab-397cee279024__rev2,3895052,579,10620858600,10620858800
s3_s2sf12j2_kafka_rep4_20260612,kafka,sb-events-s3_s2sf12j2_kafka_rep4_20260612,0fb7f4fe-944a-4419-84e5-274e4c29cb41,3895052,579,10622788100,10622788400
s3_s2sf12j2_kafka_rep4_20260612,kafka,sb-events-s3_s2sf12j2_kafka_rep4_20260612,26926823-2671-44ab-a8b0-79cebc31dac5,3895095,580,10624653800,10624654200
s3_s2sf12j2_kafka_rep4_20260612,kafka,sb-events-s3_s2sf12j2_kafka_rep4_20260612,06f17fd1-cb74-4096-8974-2340bfe25f2d,3895095,580,10626903400,10626903700
s3_s2sf12j2_kafka_rep4_20260612,kafka,sb-events-s3_s2sf12j2_kafka_rep4_20260612,03878179-d332-4d06-b754-b72c00c252be,3895074,580,10629032800,10629033100
s3_s2sf12j2_kafka_rep4_20260612,kafka,sb-events-s3_s2sf12j2_kafka_rep4_20260612,47c6df2d-d37a-4e2b-b740-93b358bdd219,3895074,580,10631172900,10631173100
s3_s2sf12j2_kafka_rep4_20260612,kafka,sb-events-s3_s2sf12j2_kafka_rep4_20260612,2afc41b2-4d4a-4d1e-937c-5240c039f51d,3895121,580,10633067200,10633067500
s3_s2sf12j2_kafka_rep4_20260612,kafka,sb-events-s3_s2sf12j2_kafka_rep4_20260612,6d1f2668-9ae8-42cb-b2d7-b6f477fa210e,3895121,580,10635486800,10635487200
s3_s2sf12j2_kafka_rep4_20260612,kafka,sb-events-s3_s2sf12j2_kafka_rep4_20260612,c2905112-a6a1-4371-99a0-b3c99454cc7b,3895067,580,10637706600,10637707100
s3_s2sf12j2_kafka_rep4_20260612,kafka,sb-events-s3_s2sf12j2_kafka_rep4_20260612,07161a20-941d-47d1-91f5-1e46df08ae8f,3895086,580,10639717600,10639717900
s3_s2sf12j2_kafka_rep4_20260612,kafka,sb-events-s3_s2sf12j2_kafka_rep4_20260612,6e774bb4-a1e1-4dfa-98e0-3a901ceb87fd,3895086,580,10641689200,10641689500
s3_s2sf12j2_kafka_rep4_20260612,kafka,sb-events-s3_s2sf12j2_kafka_rep4_20260612,26bc86da-748c-461a-82a8-48cfafcb8b23,3895113,580,10643586800,10643587000
s3_s2sf12j2_kafka_rep4_20260612,kafka,sb-events-s3_s2sf12j2_kafka_rep4_20260612,3e16077f-8888-4a37-9f41-aaf81610729c,3895113,580,10645579700,10645580000
s3_s2sf12j2_kafka_rep4_20260612,kafka,sb-events-s3_s2sf12j2_kafka_rep4_20260612,126d8b10-79d0-4513-b666-aa12d29b5919,3895113,580,10647655900,10647656200
s3_s2sf12j2_kafka_rep4_20260612,kafka,sb-events-s3_s2sf12j2_kafka_rep4_20260612,aaf8057c-333d-4648-9307-2648b6b38225,3895121,581,10649377300,10649377500
s3_s2sf12j2_kafka_rep4_20260612,kafka,sb-events-s3_s2sf12j2_kafka_rep4_20260612,a13bf632-3dbd-469c-a5cf-bb14853ea364,3895095,582,10651473800,10651474200
s3_s2sf12j2_kafka_rep4_20260612,kafka,sb-events-s3_s2sf12j2_kafka_rep4_20260612,15708b87-1ca9-489a-9fa0-ece9c6c24d40,3895095,582,10653236900,10653237300
s3_s2sf12j2_kafka_rep4_20260612,kafka,sb-events-s3_s2sf12j2_kafka_rep4_20260612,e8e057c1-643b-4f62-aac5-d4e64d879faa,3895074,582,10655731400,10655731700
s3_s2sf12j2_kafka_rep4_20260612,kafka,sb-events-s3_s2sf12j2_kafka_rep4_20260612,407a488f-1875-42e4-8467-91a113a9ca14,3895121,582,10657610300,10657610600
s3_s2sf12j2_kafka_rep4_20260612,kafka,sb-events-s3_s2sf12j2_kafka_rep4_20260612,8af7f37f-0855-4c04-8ab2-2b8022f0301a,3895121,582,10659066200,10659066500
s3_s2sf12j2_kafka_rep4_20260612,kafka,sb-events-s3_s2sf12j2_kafka_rep4_20260612,f3d4cb1e-d5ae-4ed8-b435-5bf99155b9d1,3895067,582,10660825000,10660825300
s3_s2sf12j2_kafka_rep4_20260612,kafka,sb-events-s3_s2sf12j2_kafka_rep4_20260612,a52e8dda-066e-4fab-ac60-e599fb9146b9,3895067,582,10662241700,10662242000
s3_s2sf12j2_kafka_rep4_20260612,kafka,sb-events-s3_s2sf12j2_kafka_rep4_20260612,6a1ac214-62a2-464d-8e27-b542815426b9,3895052,582,10664050900,10664051200
s3_s2sf12j2_kafka_rep4_20260612,kafka,sb-events-s3_s2sf12j2_kafka_rep4_20260612,654b5170-715f-4121-b1a4-1b2fa6d41363,3895113,582,10666066800,10666067100
s3_s2sf12j2_kafka_rep4_20260612,kafka,sb-events-s3_s2sf12j2_kafka_rep4_20260612,8002ac93-fea2-48c7-a08e-89645a85ed71,3895095,583,10667731000,10667731300
s3_s2sf12j2_kafka_rep4_20260612,kafka,sb-events-s3_s2sf12j2_kafka_rep4_20260612,d163cfe2-ca06-4dfc-a6f1-b93b3c6968aa,3895095,583,10669616300,10669616600
s3_s2sf12j2_kafka_rep4_20260612,kafka,sb-events-s3_s2sf12j2_kafka_rep4_20260612,2bc6ac86-5796-4188-938a-a55395c05826,3895074,583,10671433100,10671433400
s3_s2sf12j2_kafka_rep4_20260612,kafka,sb-events-s3_s2sf12j2_kafka_rep4_20260612,df464102-1945-47e6-9b71-2d042cca530d,3895074,583,10672964000,10672964400
s3_s2sf12j2_kafka_rep4_20260612,kafka,sb-events-s3_s2sf12j2_kafka_rep4_20260612,bd14667d-5e2c-413d-808f-3c81cce91e4e,3895121,583,10674376500,10674376800
s3_s2sf12j2_kafka_rep4_20260612,kafka,sb-events-s3_s2sf12j2_kafka_rep4_20260612,25817096-b252-46b1-afcb-457f6547860c,3895095,584,10676057800,10676058300
s3_s2sf12j2_kafka_rep4_20260612,kafka,sb-events-s3_s2sf12j2_kafka_rep4_20260612,5f3b5117-1fa6-43b6-95f2-4100eddf6b91,3895095,584,10677559200,10677559500
s3_s2sf12j2_kafka_rep4_20260612,kafka,sb-events-s3_s2sf12j2_kafka_rep4_20260612,6dacc37b-35b7-48c3-bf50-20da75990c64,3895095,584,10678834700,10678835000
s3_s2sf12j2_kafka_rep4_20260612,kafka,sb-events-s3_s2sf12j2_kafka_rep4_20260612,2be6cb1e-6475-475d-8e73-3d17196b4796,3895121,584,10681153000,10681153200
s3_s2sf12j2_kafka_rep4_20260612,kafka,sb-events-s3_s2sf12j2_kafka_rep4_20260612,e8e97225-a503-4f1c-9084-dad448ad351a,3895121,584,10682705300,10682705900
s3_s2sf12j2_kafka_rep4_20260612,kafka,sb-events-s3_s2sf12j2_kafka_rep4_20260612,a99b1edb-17d3-4eac-9643-4a93f7607844,3895086,584,10684605600,10684606100
s3_s2sf12j2_kafka_rep4_20260612,kafka,sb-events-s3_s2sf12j2_kafka_rep4_20260612,dee82969-8747-49e7-b33f-2584cb83a6ec,3895052,584,10686455300,10686455500
s3_s2sf12j2_kafka_rep4_20260612,kafka,sb-events-s3_s2sf12j2_kafka_rep4_20260612,41c5b82d-9c22-40ee-8306-d16f4e77e6cb,3895052,584,10688545400,10688545700
s3_s2sf12j2_kafka_rep4_20260612,kafka,sb-events-s3_s2sf12j2_kafka_rep4_20260612,b2c8c6d5-4526-47af-8161-be9a5bc3ffe8,3895095,585,10690224700,10690225000
s3_s2sf12j2_kafka_rep4_20260612,kafka,sb-events-s3_s2sf12j2_kafka_rep4_20260612,c039c599-0593-4656-9076-4022b598a10a,3895095,585,10692089900,10692090200
s3_s2sf12j2_kafka_rep4_20260612,kafka,sb-events-s3_s2sf12j2_kafka_rep4_20260612,e31d3d1a-a15c-40b5-9da2-932a37570abf,3895074,585,10694116200,10694116600
s3_s2sf12j2_kafka_rep4_20260612,kafka,sb-events-s3_s2sf12j2_kafka_rep4_20260612,934c6929-d98f-469a-b9a5-d811df5d6196,3895067,585,10696187400,10696187700
s3_s2sf12j2_kafka_rep4_20260612,kafka,sb-events-s3_s2sf12j2_kafka_rep4_20260612,cea9fbf0-e6ce-4511-b252-51e223ac9f03,3895086,585,10697931500,10697931700
s3_s2sf12j2_kafka_rep4_20260612,kafka,sb-events-s3_s2sf12j2_kafka_rep4_20260612,eaadf129-ba27-43ce-9517-0e27218d35dc,3895121,586,10699589900,10699590100
s3_s2sf12j2_kafka_rep4_20260612,kafka,sb-events-s3_s2sf12j2_kafka_rep4_20260612,ccbe3f4d-4aa9-4caa-86e1-0f6dd610eaec,3895067,586,10700927400,10700927700
s3_s2sf12j2_kafka_rep4_20260612,kafka,sb-events-s3_s2sf12j2_kafka_rep4_20260612,53084186-3b2c-4728-aa37-ece7042f5bf8,3895067,586,10702596800,10702597100
s3_s2sf12j2_kafka_rep4_20260612,kafka,sb-events-s3_s2sf12j2_kafka_rep4_20260612,4a31e5db-6985-4e82-9277-c5b4346ee03e,3895086,586,10704170600,10704170800
s3_s2sf12j2_kafka_rep4_20260612,kafka,sb-events-s3_s2sf12j2_kafka_rep4_20260612,d4698e93-767a-4a04-9b43-145c313dc583,3895074,587,10705592900,10705593300
s3_s2sf12j2_kafka_rep4_20260612,kafka,sb-events-s3_s2sf12j2_kafka_rep4_20260612,28ee7bbf-019d-48d7-982b-8ef8460fa8cf,3895074,587,10707122700,10707123000
s3_s2sf12j2_kafka_rep4_20260612,kafka,sb-events-s3_s2sf12j2_kafka_rep4_20260612,aa0f6ad4-6b9a-490a-aac9-de3727a54e95,3895121,587,10709215100,10709215300
s3_s2sf12j2_kafka_rep4_20260612,kafka,sb-events-s3_s2sf12j2_kafka_rep4_20260612,c2b60be5-8a97-4f3a-91f1-56b4a00cb397,3895121,587,10710821800,10710822200
s3_s2sf12j2_kafka_rep4_20260612,kafka,sb-events-s3_s2sf12j2_kafka_rep4_20260612,c2b60be5-8a97-4f3a-91f1-56b4a00cb397__rev2,3895121,587,10713037900,10713038300
s3_s2sf12j2_kafka_rep4_20260612,kafka,sb-events-s3_s2sf12j2_kafka_rep4_20260612,c5bbefc4-2220-4ef9-951b-46c03379a3fd,3895121,587,10713067000,10713067200
s3_s2sf12j2_kafka_rep4_20260612,kafka,sb-events-s3_s2sf12j2_kafka_rep4_20260612,a359b301-ff67-407b-8c92-0a2981771d6a,3895067,587,10714465000,10714465200
s3_s2sf12j2_kafka_rep4_20260612,kafka,sb-events-s3_s2sf12j2_kafka_rep4_20260612,01b2c475-8bfa-4408-a256-4b578f8cba11,3895052,587,10716091200,10716091500
s3_s2sf12j2_kafka_rep4_20260612,kafka,sb-events-s3_s2sf12j2_kafka_rep4_20260612,93cdfde4-d905-419e-970c-66838f08b789,3895095,588,10717315000,10717315200
s3_s2sf12j2_kafka_rep4_20260612,kafka,sb-events-s3_s2sf12j2_kafka_rep4_20260612,0007e05d-1ecd-4a27-9e6c-0176a558137b,3895095,588,10718947400,10718947700
s3_s2sf12j2_kafka_rep4_20260612,kafka,sb-events-s3_s2sf12j2_kafka_rep4_20260612,df05a7fa-61cf-4637-ac5a-dd71ecc74a46,3895074,588,10720585300,10720586000
s3_s2sf12j2_kafka_rep4_20260612,kafka,sb-events-s3_s2sf12j2_kafka_rep4_20260612,01f933ec-0422-411a-ba65-50c62b560327,3895074,588,10722747300,10722747800
s3_s2sf12j2_kafka_rep4_20260612,kafka,sb-events-s3_s2sf12j2_kafka_rep4_20260612,2d16c691-e38a-4070-8977-ba0a8f0062a6,3895121,588,10724209100,10724209300
s3_s2sf12j2_kafka_rep4_20260612,kafka,sb-events-s3_s2sf12j2_kafka_rep4_20260612,ad3c7cfe-990e-48e0-a5b6-07324d7dffdf,3895121,588,10726051900,10726052200
s3_s2sf12j2_kafka_rep4_20260612,kafka,sb-events-s3_s2sf12j2_kafka_rep4_20260612,2d6de105-3c8e-46f8-aba1-2ca82db5db75,3895121,588,10728327200,10728327500
s3_s2sf12j2_kafka_rep4_20260612,kafka,sb-events-s3_s2sf12j2_kafka_rep4_20260612,9a87f887-e1e8-4e56-a787-b33541d656b2,3895121,588,10729923900,10729924200
s3_s2sf12j2_kafka_rep4_20260612,kafka,sb-events-s3_s2sf12j2_kafka_rep4_20260612,01f77ba8-732f-460e-9843-000fe8c22e88,3895134,588,10731742200,10731742700
s3_s2sf12j2_kafka_rep4_20260612,kafka,sb-events-s3_s2sf12j2_kafka_rep4_20260612,ce1f7616-723f-4d2e-976c-217ce8af7dfc,3895052,588,10734116700,10734117300
s3_s2sf12j2_kafka_rep4_20260612,kafka,sb-events-s3_s2sf12j2_kafka_rep4_20260612,1799529b-9648-4fc6-b554-538c995a3d7b,3895052,588,10736114000,10736114300
s3_s2sf12j2_kafka_rep4_20260612,kafka,sb-events-s3_s2sf12j2_kafka_rep4_20260612,8273b7db-96ad-41d7-bad6-a79c3a73f8bd,3895113,588,10738297400,10738297700
s3_s2sf12j2_kafka_rep4_20260612,kafka,sb-events-s3_s2sf12j2_kafka_rep4_20260612,e1645f19-ebe2-44a2-afb4-0f6694777739,3895134,589,10740046700,10740047200
s3_s2sf12j2_kafka_rep4_20260612,kafka,sb-events-s3_s2sf12j2_kafka_rep4_20260612,809cb891-65b3-4382-be9b-2c923fb09941,3895134,589,10741417900,10741418300
s3_s2sf12j2_kafka_rep4_20260612,kafka,sb-events-s3_s2sf12j2_kafka_rep4_20260612,4fb2ce2e-ae99-47be-8835-d4fe76a81a1e,3895067,589,10743382200,10743382500
s3_s2sf12j2_kafka_rep4_20260612,kafka,sb-events-s3_s2sf12j2_kafka_rep4_20260612,3d089aa7-d69e-4513-b9b4-bd51df20dd3f,3895067,589,10745217600,10745218000
s3_s2sf12j2_kafka_rep4_20260612,kafka,sb-events-s3_s2sf12j2_kafka_rep4_20260612,c4106ee7-bccf-4d7c-96b1-66bdf3556775,3895067,589,10747083000,10747083200
s3_s2sf12j2_kafka_rep4_20260612,kafka,sb-events-s3_s2sf12j2_kafka_rep4_20260612,fd572d23-148f-4dee-82da-ff57f4613bc3,3895113,589,10749144300,10749144600
s3_s2sf12j2_kafka_rep4_20260612,kafka,sb-events-s3_s2sf12j2_kafka_rep4_20260612,dfedbad8-ed5f-4886-9f1a-8e785565e557,3895095,590,10750845800,10750846200
s3_s2sf12j2_kafka_rep4_20260612,kafka,sb-events-s3_s2sf12j2_kafka_rep4_20260612,7e4dbf65-c4de-4920-b670-7ee27db2791e,3895095,590,10752575300,10752575600
s3_s2sf12j2_kafka_rep4_20260612,kafka,sb-events-s3_s2sf12j2_kafka_rep4_20260612,e0e51306-6abb-4869-9b4f-b78bfef48a64,3895095,590,10754188400,10754188800
s3_s2sf12j2_kafka_rep4_20260612,kafka,sb-events-s3_s2sf12j2_kafka_rep4_20260612,274a4919-849b-41ff-a8db-95719055d98f,3895095,590,10755704500,10755704800
s3_s2sf12j2_kafka_rep4_20260612,kafka,sb-events-s3_s2sf12j2_kafka_rep4_20260612,ffd58c50-e6dc-4754-a17f-4bcedff0bd58,3895095,590,10756989300,10756989700
s3_s2sf12j2_kafka_rep4_20260612,kafka,sb-events-s3_s2sf12j2_kafka_rep4_20260612,4d63112a-4703-42dc-9b8b-0d491b710db4,3895121,590,10758616300,10758616900
s3_s2sf12j2_kafka_rep4_20260612,kafka,sb-events-s3_s2sf12j2_kafka_rep4_20260612,a492638f-cf4e-4655-b650-5f7805409bdc,3895121,590,10760798100,10760798500
s3_s2sf12j2_kafka_rep4_20260612,kafka,sb-events-s3_s2sf12j2_kafka_rep4_20260612,95429182-4915-412e-9c8f-eba416a911f9,3895086,590,10762994200,10762994700
s3_s2sf12j2_kafka_rep4_20260612,kafka,sb-events-s3_s2sf12j2_kafka_rep4_20260612,de2d9276-b461-421a-a7d5-95b38a2fe016,3895074,591,10764301200,10764301500
s3_s2sf12j2_kafka_rep4_20260612,kafka,sb-events-s3_s2sf12j2_kafka_rep4_20260612,20ebfb52-e4b9-4c9e-839d-43d0755b2d0d,3895067,591,10765902900,10765903300
s3_s2sf12j2_kafka_rep4_20260612,kafka,sb-events-s3_s2sf12j2_kafka_rep4_20260612,55aff21f-5c1d-476e-853b-2b75b44ee60f,3895067,591,10767188200,10767188400
s3_s2sf12j2_kafka_rep4_20260612,kafka,sb-events-s3_s2sf12j2_kafka_rep4_20260612,7392ddeb-056c-4099-9ec9-6bd3f433a94d,3895086,591,10768656600,10768657000
s3_s2sf12j2_kafka_rep4_20260612,kafka,sb-events-s3_s2sf12j2_kafka_rep4_20260612,c38fbeec-9df9-4255-9284-cc8a89885445,3895086,591,10770137300,10770137600
s3_s2sf12j2_kafka_rep4_20260612,kafka,sb-events-s3_s2sf12j2_kafka_rep4_20260612,79abe03f-a1e7-4211-9dd9-13c47f0e3826,3895113,591,10771215200,10771215500
s3_s2sf12j2_kafka_rep4_20260612,kafka,sb-events-s3_s2sf12j2_kafka_rep4_20260612,23f7d010-216e-448e-bb0b-e44b94ed38fd,3895113,591,10772499900,10772500200
s3_s2sf12j2_kafka_rep4_20260612,kafka,sb-events-s3_s2sf12j2_kafka_rep4_20260612,3cbf1fef-6c02-4b30-97a6-cfa657fefa69,3895113,591,10774243700,10774244000
s3_s2sf12j2_kafka_rep4_20260612,kafka,sb-events-s3_s2sf12j2_kafka_rep4_20260612,62cb7654-87d6-49ca-b7e3-394c14e14586,3895095,592,10776241100,10776241400
s3_s2sf12j2_kafka_rep4_20260612,kafka,sb-events-s3_s2sf12j2_kafka_rep4_20260612,07489da0-ed25-4dec-9f71-e7d52d170d6f,3895074,592,10777946900,10777947200
s3_s2sf12j2_kafka_rep4_20260612,kafka,sb-events-s3_s2sf12j2_kafka_rep4_20260612,8f6ec563-4ae7-4d02-a80c-10edf465fc58,3895074,592,10779351500,10779351800
s3_s2sf12j2_kafka_rep4_20260612,kafka,sb-events-s3_s2sf12j2_kafka_rep4_20260612,bcd383cc-3f29-47fa-b423-a4f49b7ded62,3895060,592,10780974500,10780974800
s3_s2sf12j2_kafka_rep4_20260612,kafka,sb-events-s3_s2sf12j2_kafka_rep4_20260612,8837658b-2527-43e3-a879-61625227993a,3895121,592,10782311000,10782311300
s3_s2sf12j2_kafka_rep4_20260612,kafka,sb-events-s3_s2sf12j2_kafka_rep4_20260612,7102b045-f359-41ef-91a8-d13c6d9b3028,3895067,592,10784087200,10784087700
s3_s2sf12j2_kafka_rep4_20260612,kafka,sb-events-s3_s2sf12j2_kafka_rep4_20260612,1ccaafd0-5da8-4c30-9cd8-7090212b6c92,3895095,593,10785417700,10785418000
s3_s2sf12j2_kafka_rep4_20260612,kafka,sb-events-s3_s2sf12j2_kafka_rep4_20260612,24d3f73e-8b24-4a15-9099-4a3a7109a3b2,3895095,593,10787241100,10787241400
s3_s2sf12j2_kafka_rep4_20260612,kafka,sb-events-s3_s2sf12j2_kafka_rep4_20260612,b1cbbb36-ac6e-4c70-b238-98b51f3bbb7c,3895095,593,10789057200,10789057500
s3_s2sf12j2_kafka_rep4_20260612,kafka,sb-events-s3_s2sf12j2_kafka_rep4_20260612,57253780-463d-4baa-9322-b11a5b9ebc86,3895074,593,10790803500,10790803700
s3_s2sf12j2_kafka_rep4_20260612,kafka,sb-events-s3_s2sf12j2_kafka_rep4_20260612,97c68392-b18c-4eb6-b41a-02a291f7bdcd,3895060,593,10792724300,10792724800
s3_s2sf12j2_kafka_rep4_20260612,kafka,sb-events-s3_s2sf12j2_kafka_rep4_20260612,325b7350-d13b-4667-9ae2-08650699aee7,3895060,593,10794378100,10794378400
s3_s2sf12j2_kafka_rep4_20260612,kafka,sb-events-s3_s2sf12j2_kafka_rep4_20260612,1ee45a48-d32b-412a-a1b3-a4e08abe87ea,3895121,593,10796082600,10796083100
s3_s2sf12j2_kafka_rep4_20260612,kafka,sb-events-s3_s2sf12j2_kafka_rep4_20260612,c01d1018-8026-4e17-b3b9-4c78935ea6b8,3895121,593,10798104200,10798104500
s3_s2sf12j2_kafka_rep4_20260612,kafka,sb-events-s3_s2sf12j2_kafka_rep4_20260612,1ee45a48-d32b-412a-a1b3-a4e08abe87ea__rev2,3895121,593,10798153300,10798153500
s3_s2sf12j2_kafka_rep4_20260612,kafka,sb-events-s3_s2sf12j2_kafka_rep4_20260612,bbd763f4-fe80-4cea-9bf4-1b47e08d11d6,3895067,593,10799543100,10799543400
s3_s2sf12j2_kafka_rep4_20260612,kafka,sb-events-s3_s2sf12j2_kafka_rep4_20260612,aa6d638b-e544-42a0-9835-0ccf2a8b2009,3895067,593,10801417400,10801417700
s3_s2sf12j2_kafka_rep4_20260612,kafka,sb-events-s3_s2sf12j2_kafka_rep4_20260612,867833da-be58-4632-bf9d-10b4978f6b09,3895067,593,10803294000,10803294300
s3_s2sf12j2_kafka_rep4_20260612,kafka,sb-events-s3_s2sf12j2_kafka_rep4_20260612,869aae17-d932-4ee3-b96a-8b08c917626d,3895067,594,10805176100,10805176300
s3_s2sf12j2_kafka_rep4_20260612,kafka,sb-events-s3_s2sf12j2_kafka_rep4_20260612,7ef4fe71-8a42-4e25-8404-442b43c65cbe,3895086,594,10806696200,10806696500
s3_s2sf12j2_kafka_rep4_20260612,kafka,sb-events-s3_s2sf12j2_kafka_rep4_20260612,9609ad02-f511-4e04-a077-be41c9922920,3895052,594,10808311400,10808311600
s3_s2sf12j2_kafka_rep4_20260612,kafka,sb-events-s3_s2sf12j2_kafka_rep4_20260612,fc0dd055-9543-4007-a0bd-faaf427044b9,3895113,594,10810250700,10810251200
s3_s2sf12j2_kafka_rep4_20260612,kafka,sb-events-s3_s2sf12j2_kafka_rep4_20260612,78d5565d-e7bd-4df3-8894-f8b4be813d9f,3895095,595,10812064100,10812064500
s3_s2sf12j2_kafka_rep4_20260612,kafka,sb-events-s3_s2sf12j2_kafka_rep4_20260612,70a15b69-d176-48c0-aaf5-32ecf171eb90,3895095,595,10813761900,10813762200
s3_s2sf12j2_kafka_rep4_20260612,kafka,sb-events-s3_s2sf12j2_kafka_rep4_20260612,92df5b4c-9c50-41fc-a2db-03910550d1cd,3895095,595,10815806700,10815829600
s3_s2sf12j2_kafka_rep4_20260612,kafka,sb-events-s3_s2sf12j2_kafka_rep4_20260612,c64c07f4-7b41-417b-a342-f8e693d9ff62,3895060,595,10817628500,10817628800
s3_s2sf12j2_kafka_rep4_20260612,kafka,sb-events-s3_s2sf12j2_kafka_rep4_20260612,3e671347-5500-4b12-9ded-efff1b8e899a,3895067,595,10819541800,10819542300
s3_s2sf12j2_kafka_rep4_20260612,kafka,sb-events-s3_s2sf12j2_kafka_rep4_20260612,7b751184-997d-404d-9060-41ff2e453407,3895067,595,10821196500,10821196900
s3_s2sf12j2_kafka_rep4_20260612,kafka,sb-events-s3_s2sf12j2_kafka_rep4_20260612,a850c678-e21a-4e6f-90c9-a51e6a8fd8cb,3895067,595,10822845000,10822845300
s3_s2sf12j2_kafka_rep4_20260612,kafka,sb-events-s3_s2sf12j2_kafka_rep4_20260612,82e91245-e35c-4e7a-9b9f-36567f4fb53e,3895067,595,10824706000,10824706300
s3_s2sf12j2_kafka_rep4_20260612,kafka,sb-events-s3_s2sf12j2_kafka_rep4_20260612,39456ea0-0b80-4c31-8130-70e6d5bbfe2b,3895052,595,10826935800,10826936000
s3_s2sf12j2_kafka_rep4_20260612,kafka,sb-events-s3_s2sf12j2_kafka_rep4_20260612,5e65a51e-1c00-48d0-ab7c-e4f6ea8d6c57,3895052,595,10829511700,10829512100
s3_s2sf12j2_kafka_rep4_20260612,kafka,sb-events-s3_s2sf12j2_kafka_rep4_20260612,60e98bd7-d72c-422f-95ef-9ade285cbf36,3895113,595,10831184800,10831185000
s3_s2sf12j2_kafka_rep4_20260612,kafka,sb-events-s3_s2sf12j2_kafka_rep4_20260612,68f25357-617f-432d-a774-4e511ea8b43c,3895113,595,10833411500,10833411900
s3_s2sf12j2_kafka_rep4_20260612,kafka,sb-events-s3_s2sf12j2_kafka_rep4_20260612,e66736e2-0e2b-4dd0-893c-11cb9911c93d,3895074,596,10835301200,10835301500
s3_s2sf12j2_kafka_rep4_20260612,kafka,sb-events-s3_s2sf12j2_kafka_rep4_20260612,a4de3a21-86e4-4464-8f73-6f99aac1a914,3895074,596,10837443200,10837443600
s3_s2sf12j2_kafka_rep4_20260612,kafka,sb-events-s3_s2sf12j2_kafka_rep4_20260612,a56ebc2b-d6e5-4ddf-b7a2-fd73a17a7b67,3895121,596,10839027300,10839027700
s3_s2sf12j2_kafka_rep4_20260612,kafka,sb-events-s3_s2sf12j2_kafka_rep4_20260612,025d0917-460a-43d5-9551-4c7417149147,3895086,596,10841534000,10841534500
s3_s2sf12j2_kafka_rep4_20260612,kafka,sb-events-s3_s2sf12j2_kafka_rep4_20260612,dabafd5b-e47f-44e9-9371-4e45b7a854c0,3895086,596,10843769400,10843769800
s3_s2sf12j2_kafka_rep4_20260612,kafka,sb-events-s3_s2sf12j2_kafka_rep4_20260612,a099715a-3c28-437f-8708-fe3330203256,3895052,596,10845573100,10845573300
s3_s2sf12j2_kafka_rep4_20260612,kafka,sb-events-s3_s2sf12j2_kafka_rep4_20260612,4ad2e00f-8f8e-4c16-aaaf-4d389988550f,3895113,596,10848130200,10848130600
s3_s2sf12j2_kafka_rep4_20260612,kafka,sb-events-s3_s2sf12j2_kafka_rep4_20260612,429965c2-860d-4f12-8b2a-bb2604711b1b,3895113,596,10849901100,10849901400
s3_s2sf12j2_kafka_rep4_20260612,kafka,sb-events-s3_s2sf12j2_kafka_rep4_20260612,6d992ac7-8092-4c3d-9938-ee63ec251fb9,3895113,596,10852201100,10852201300
s3_s2sf12j2_kafka_rep4_20260612,kafka,sb-events-s3_s2sf12j2_kafka_rep4_20260612,d8d93327-120a-4a11-adf6-2be67f0cbf9f,3895095,597,10854650700,10854650900
s3_s2sf12j2_kafka_rep4_20260612,kafka,sb-events-s3_s2sf12j2_kafka_rep4_20260612,afdd469f-31ed-4c14-9509-0a869670a319,3895107,597,10856453000,10856453200
s3_s2sf12j2_kafka_rep4_20260612,kafka,sb-events-s3_s2sf12j2_kafka_rep4_20260612,15ff84f8-5411-4f4c-b403-410a9a87844b,3895121,597,10858277400,10858277800
s3_s2sf12j2_kafka_rep4_20260612,kafka,sb-events-s3_s2sf12j2_kafka_rep4_20260612,a2d459f5-b2f5-4230-980f-428882780ad7,3895121,597,10859988900,10859989200
s3_s2sf12j2_kafka_rep4_20260612,kafka,sb-events-s3_s2sf12j2_kafka_rep4_20260612,3d29d282-4708-4cc5-a441-c2937ee305ba,3895052,597,10861605200,10861605400
s3_s2sf12j2_kafka_rep4_20260612,kafka,sb-events-s3_s2sf12j2_kafka_rep4_20260612,1eb502e7-3f05-417a-b7f7-b12b64e0f817,3895052,597,10863154700,10863155200
s3_s2sf12j2_kafka_rep4_20260612,kafka,sb-events-s3_s2sf12j2_kafka_rep4_20260612,0b6b240e-8dcb-4b7c-9568-ff6f91c58520,3895113,597,10865130600,10865131000
s3_s2sf12j2_kafka_rep4_20260612,kafka,sb-events-s3_s2sf12j2_kafka_rep4_20260612,16689d72-9e0b-49be-a374-2a6e85cc790f,3895074,598,10866836000,10866836400
s3_s2sf12j2_kafka_rep4_20260612,kafka,sb-events-s3_s2sf12j2_kafka_rep4_20260612,0194222a-31c9-49eb-b56f-eb5ae999d927,3895107,598,10868659600,10868659800
s3_s2sf12j2_kafka_rep4_20260612,kafka,sb-events-s3_s2sf12j2_kafka_rep4_20260612,3448dd12-e7c1-449a-b8b7-89a9efda9a6a,3895107,598,10870435400,10870435700
s3_s2sf12j2_kafka_rep4_20260612,kafka,sb-events-s3_s2sf12j2_kafka_rep4_20260612,70706640-fa1a-4f13-948a-d6f359a8b7ce,3895121,598,10872144900,10872145300
s3_s2sf12j2_kafka_rep4_20260612,kafka,sb-events-s3_s2sf12j2_kafka_rep4_20260612,d3b7b07f-fc87-4ca9-bed4-8747b5edd352,3895086,598,10873868200,10873868500
s3_s2sf12j2_kafka_rep4_20260612,kafka,sb-events-s3_s2sf12j2_kafka_rep4_20260612,992e40c4-184e-406f-8648-916d30f2af24,3895052,598,10875121000,10875121300
s3_s2sf12j2_kafka_rep4_20260612,kafka,sb-events-s3_s2sf12j2_kafka_rep4_20260612,e8bd7331-c826-415a-bf93-83626ea5b567,3895113,598,10876799500,10876799800
s3_s2sf12j2_kafka_rep4_20260612,kafka,sb-events-s3_s2sf12j2_kafka_rep4_20260612,fd5697d4-df0f-4481-83a4-2ba2c0b3ed81,3895113,598,10878680300,10878680600
s3_s2sf12j2_kafka_rep4_20260612,kafka,sb-events-s3_s2sf12j2_kafka_rep4_20260612,a98d1db4-a554-4290-9887-5f1ac16a5651,3895113,598,10880775800,10880776100
s3_s2sf12j2_kafka_rep4_20260612,kafka,sb-events-s3_s2sf12j2_kafka_rep4_20260612,6fa0d1e8-ab63-47b8-87a7-93516a9f4975,3895095,599,10883024200,10883024500
s3_s2sf12j2_kafka_rep4_20260612,kafka,sb-events-s3_s2sf12j2_kafka_rep4_20260612,297487ce-1887-48df-adec-dfec5e677300,3895095,599,10885649500,10885649800
s3_s2sf12j2_kafka_rep4_20260612,kafka,sb-events-s3_s2sf12j2_kafka_rep4_20260612,5ec47445-daf6-48e4-a036-c1513f14005a,3895095,599,10887985500,10887985800
s3_s2sf12j2_kafka_rep4_20260612,kafka,sb-events-s3_s2sf12j2_kafka_rep4_20260612,77e80273-6376-47e3-a9ce-66412fcf1a24,3895074,599,10889869600,10889869800
s3_s2sf12j2_kafka_rep4_20260612,kafka,sb-events-s3_s2sf12j2_kafka_rep4_20260612,1505872e-3190-4b41-9eaa-3ca2bc93c056,3895074,599,10891750000,10891750500
s3_s2sf12j2_kafka_rep4_20260612,kafka,sb-events-s3_s2sf12j2_kafka_rep4_20260612,bdb8df01-2865-4796-a69f-b15d47e177eb,3895060,599,10894887500,10894887800
s3_s2sf12j2_kafka_rep4_20260612,kafka,sb-events-s3_s2sf12j2_kafka_rep4_20260612,1505872e-3190-4b41-9eaa-3ca2bc93c056__rev2,3895074,599,10894921500,10894921700
s3_s2sf12j2_kafka_rep4_20260612,kafka,sb-events-s3_s2sf12j2_kafka_rep4_20260612,bd65e731-6511-4ac1-a903-2e4dccf2b761,3895060,599,10896717400,10896717700
s3_s2sf12j2_kafka_rep4_20260612,kafka,sb-events-s3_s2sf12j2_kafka_rep4_20260612,832c2cb9-d99f-4222-8483-a7ba2d897559,3895121,599,10898775700,10898776000
s3_s2sf12j2_kafka_rep4_20260612,kafka,sb-events-s3_s2sf12j2_kafka_rep4_20260612,dab46250-a6a1-4d9f-92a8-11d6890e79d2,3895121,599,10900661300,10900661700
s3_s2sf12j2_kafka_rep4_20260612,kafka,sb-events-s3_s2sf12j2_kafka_rep4_20260612,520a7584-038a-4311-9040-51792b1b9d82,3895052,599,10902223800,10902224100
s3_s2sf12j2_kafka_rep4_20260612,kafka,sb-events-s3_s2sf12j2_kafka_rep4_20260612,dc8e1918-234f-4fea-8aa0-0111b971bf68,3895052,599,10903960600,10903960900
s3_s2sf12j2_kafka_rep4_20260612,kafka,sb-events-s3_s2sf12j2_kafka_rep4_20260612,453274d2-fbc7-45a5-85be-8224ecf4e430,3895113,599,10906354100,10906354600
s3_s2sf12j2_kafka_rep4_20260612,kafka,sb-events-s3_s2sf12j2_kafka_rep4_20260612,3656789d-4b9c-4b5a-9ec1-167bf77a76d6,3895113,599,10907920100,10907920300
s3_s2sf12j2_kafka_rep4_20260612,kafka,sb-events-s3_s2sf12j2_kafka_rep4_20260612,0e7386cb-f8ce-4dfe-b10c-1ea03beca223,3895095,600,10909834500,10909834800
s3_s2sf12j2_kafka_rep4_20260612,kafka,sb-events-s3_s2sf12j2_kafka_rep4_20260612,6f7d1385-e675-483e-a3eb-cf10ad5faa3a,3895095,600,10911344700,10911344900
s3_s2sf12j2_kafka_rep4_20260612,kafka,sb-events-s3_s2sf12j2_kafka_rep4_20260612,40d45191-8f2d-4197-a519-bb3093a56c47,3895074,600,10912831000,10912831200
s3_s2sf12j2_kafka_rep4_20260612,kafka,sb-events-s3_s2sf12j2_kafka_rep4_20260612,29fd27aa-51df-41ac-b3a0-d03fa518ae38,3895060,600,10914306700,10914306900
s3_s2sf12j2_kafka_rep4_20260612,kafka,sb-events-s3_s2sf12j2_kafka_rep4_20260612,0e0310aa-0552-48ad-9e97-591e122c78b9,3895067,600,10916271700,10916272000
s3_s2sf12j2_kafka_rep4_20260612,kafka,sb-events-s3_s2sf12j2_kafka_rep4_20260612,29a0bfad-41ae-4241-99f8-2cd38849736a,3895086,600,10918372300,10918372500
s3_s2sf12j2_kafka_rep4_20260612,kafka,sb-events-s3_s2sf12j2_kafka_rep4_20260612,6594127e-6701-4f06-a373-1e6e8a4518b9,3895086,600,10920084500,10920084800
