run_id,backend,topic,partition,offset,t_consume_ns,event_id,match_id,t_sim_seconds,t_emit_offset_s,t_emit_planned_ns,s3_uid,s3_rev,s3_is_correction
concurrency_n10_20260613_002350_kafka_feed7_rep1,kafka,sb-events-n10-feed7-rep1,0,4027,14482854600,7eb000ee-2ef0-462a-bd57-e4320f459c68,3895067,0,0.0,4378601000,3895067:7eb000ee-2ef0-462a-bd57-e4320f459c68,1,False
concurrency_n10_20260613_002350_kafka_feed7_rep1,kafka,sb-events-n10-feed7-rep1,0,4028,14482913300,6c9ebdf9-117f-4a31-8b52-ebcf3c35d0c6,3895086,0,0.0,4378601000,3895086:6c9ebdf9-117f-4a31-8b52-ebcf3c35d0c6,1,False
concurrency_n10_20260613_002350_kafka_feed7_rep1,kafka,sb-events-n10-feed7-rep1,0,4029,14482938500,84fbca7e-c79e-4f67-8026-4c9578366292,3895107,0,0.0,4378601000,3895107:84fbca7e-c79e-4f67-8026-4c9578366292,1,False
concurrency_n10_20260613_002350_kafka_feed7_rep1,kafka,sb-events-n10-feed7-rep1,0,4030,14482996200,7f498384-e379-41b8-bdd2-8bf16412e8cc,3895134,0,0.0,4378601000,3895134:7f498384-e379-41b8-bdd2-8bf16412e8cc,1,False
concurrency_n10_20260613_002350_kafka_feed7_rep1,kafka,sb-events-n10-feed7-rep1,0,4031,14483017700,fefef503-f3cc-4d41-9b3f-9ddc57b6a93b,3895060,0,0.0,4378601000,3895060:fefef503-f3cc-4d41-9b3f-9ddc57b6a93b,1,False
concurrency_n10_20260613_002350_kafka_feed7_rep1,kafka,sb-events-n10-feed7-rep1,0,4032,14483038100,3dd463f6-b445-407d-8120-bf6aeab35526,3895074,0,0.0,4378601000,3895074:3dd463f6-b445-407d-8120-bf6aeab35526,1,False
concurrency_n10_20260613_002350_kafka_feed7_rep1,kafka,sb-events-n10-feed7-rep1,0,4033,14483058900,6755b1ac-4f37-4c35-b1ef-181d68375e7d,3895086,0,0.0,4378601000,3895086:6755b1ac-4f37-4c35-b1ef-181d68375e7d,1,False
concurrency_n10_20260613_002350_kafka_feed7_rep1,kafka,sb-events-n10-feed7-rep1,0,4034,14483079800,b4bd630b-4e82-4f31-8947-17beb238dc5a,3895107,0,0.0,4378601000,3895107:b4bd630b-4e82-4f31-8947-17beb238dc5a,1,False
concurrency_n10_20260613_002350_kafka_feed7_rep1,kafka,sb-events-n10-feed7-rep1,0,4035,14483100300,a88295ad-33e8-4427-872c-eba006d8a0ef,3895113,0,0.0,4378601000,3895113:a88295ad-33e8-4427-872c-eba006d8a0ef,1,False
concurrency_n10_20260613_002350_kafka_feed7_rep1,kafka,sb-events-n10-feed7-rep1,0,4036,14483120200,2f46ad65-50a4-4834-9bd9-86a61f034234,3895060,0,0.0,4378601000,3895060:2f46ad65-50a4-4834-9bd9-86a61f034234,1,False
concurrency_n10_20260613_002350_kafka_feed7_rep1,kafka,sb-events-n10-feed7-rep1,0,4037,14483139900,77f9b3e5-e0e4-4032-8228-089aa0dd578b,3895074,0,0.0,4378601000,3895074:77f9b3e5-e0e4-4032-8228-089aa0dd578b,1,False
concurrency_n10_20260613_002350_kafka_feed7_rep1,kafka,sb-events-n10-feed7-rep1,0,4038,14483160000,6810c39c-8726-412f-b831-62dfec867465,3895107,0,0.0,4378601000,3895107:6810c39c-8726-412f-b831-62dfec867465,1,False
concurrency_n10_20260613_002350_kafka_feed7_rep1,kafka,sb-events-n10-feed7-rep1,0,4039,14483180800,9a50295b-7f7a-449c-9ef3-87e60467e8e1,3895052,0,0.0,4378601000,3895052:9a50295b-7f7a-449c-9ef3-87e60467e8e1,1,False
concurrency_n10_20260613_002350_kafka_feed7_rep1,kafka,sb-events-n10-feed7-rep1,0,4040,14483201400,69bdfb9b-ba46-41c8-814a-98f0a43c6501,3895060,0,0.0,4378601000,3895060:69bdfb9b-ba46-41c8-814a-98f0a43c6501,1,False
concurrency_n10_20260613_002350_kafka_feed7_rep1,kafka,sb-events-n10-feed7-rep1,0,4041,14483221700,f3dfb8ef-6678-493f-bbce-99f9678b7f75,3895107,0,0.0,4378601000,3895107:f3dfb8ef-6678-493f-bbce-99f9678b7f75,1,False
concurrency_n10_20260613_002350_kafka_feed7_rep1,kafka,sb-events-n10-feed7-rep1,0,4042,14483241600,8d4e66c1-7ddb-4e75-b89f-bdb0592be264,3895107,1,0.0833333333333333,4379295444,3895107:8d4e66c1-7ddb-4e75-b89f-bdb0592be264,1,False
concurrency_n10_20260613_002350_kafka_feed7_rep1,kafka,sb-events-n10-feed7-rep1,0,4043,14483264200,ceaa47dd-e3bf-4016-ade0-ed3d54afe971,3895060,2,0.1666666666666666,4379989888,3895060:ceaa47dd-e3bf-4016-ade0-ed3d54afe971,1,False
concurrency_n10_20260613_002350_kafka_feed7_rep1,kafka,sb-events-n10-feed7-rep1,0,4044,14483285100,40f9b6ab-32ab-47e8-8b92-9b97e90d4c4f,3895086,2,0.1666666666666666,4379989888,3895086:40f9b6ab-32ab-47e8-8b92-9b97e90d4c4f,1,False
concurrency_n10_20260613_002350_kafka_feed7_rep1,kafka,sb-events-n10-feed7-rep1,0,4045,14483307100,eb3fde27-a34b-42be-b262-d329e138fff2,3895113,2,0.1666666666666666,4379989888,3895113:eb3fde27-a34b-42be-b262-d329e138fff2,1,False
concurrency_n10_20260613_002350_kafka_feed7_rep1,kafka,sb-events-n10-feed7-rep1,0,4046,14483328800,b293256b-d885-4135-98ca-8ecf12f9e5a6,3895134,2,0.1666666666666666,4379989888,3895134:b293256b-d885-4135-98ca-8ecf12f9e5a6,1,False
concurrency_n10_20260613_002350_kafka_feed7_rep1,kafka,sb-events-n10-feed7-rep1,0,4047,14483349500,748f1afc-2300-4252-bc9b-f161b5e7c6ef,3895060,3,0.25,4380684333,3895060:748f1afc-2300-4252-bc9b-f161b5e7c6ef,1,False
concurrency_n10_20260613_002350_kafka_feed7_rep1,kafka,sb-events-n10-feed7-rep1,0,4048,14483370100,3c689040-9b59-4fad-8456-48b2ec8a2058,3895052,3,0.25,4380684333,3895052:3c689040-9b59-4fad-8456-48b2ec8a2058,1,False
concurrency_n10_20260613_002350_kafka_feed7_rep1,kafka,sb-events-n10-feed7-rep1,0,4049,14483390700,042f1fd2-3cd4-439a-97c4-9275f435f098,3895113,4,0.3333333333333333,4381378777,3895113:042f1fd2-3cd4-439a-97c4-9275f435f098,1,False
concurrency_n10_20260613_002350_kafka_feed7_rep1,kafka,sb-events-n10-feed7-rep1,0,4050,14483411500,2256b8d2-0b23-4080-9849-1553d0135c73,3895074,4,0.3333333333333333,4381378777,3895074:2256b8d2-0b23-4080-9849-1553d0135c73,1,False
concurrency_n10_20260613_002350_kafka_feed7_rep1,kafka,sb-events-n10-feed7-rep1,0,4051,14483433500,aabb516d-6ede-4543-9394-967c0499af8a,3895067,5,0.4166666666666667,4382073222,3895067:aabb516d-6ede-4543-9394-967c0499af8a,1,False
concurrency_n10_20260613_002350_kafka_feed7_rep1,kafka,sb-events-n10-feed7-rep1,0,4052,14483462600,3d52c020-9bad-49c3-8ae7-05c40e223268,3895113,5,0.4166666666666667,4382073222,3895113:3d52c020-9bad-49c3-8ae7-05c40e223268,1,False
concurrency_n10_20260613_002350_kafka_feed7_rep1,kafka,sb-events-n10-feed7-rep1,0,4053,14483483900,33fdf203-b847-4fa5-9021-5f1875717796,3895060,6,0.5,4382767666,3895060:33fdf203-b847-4fa5-9021-5f1875717796,1,False
concurrency_n10_20260613_002350_kafka_feed7_rep1,kafka,sb-events-n10-feed7-rep1,0,4054,14483504200,98e575e4-0886-40e5-96a8-9c9f857ebcc1,3895052,6,0.5,4382767666,3895052:98e575e4-0886-40e5-96a8-9c9f857ebcc1,1,False
concurrency_n10_20260613_002350_kafka_feed7_rep1,kafka,sb-events-n10-feed7-rep1,0,4055,14602404300,d4683bb7-cdad-4a7d-9851-743212fba939,3895074,6,0.5,4382767666,3895074:d4683bb7-cdad-4a7d-9851-743212fba939,1,False
concurrency_n10_20260613_002350_kafka_feed7_rep1,kafka,sb-events-n10-feed7-rep1,0,4056,14602464000,7ddab21c-8faf-4fbc-a290-a2cdb40b7df7,3895107,6,0.5,4382767666,3895107:7ddab21c-8faf-4fbc-a290-a2cdb40b7df7,1,False
concurrency_n10_20260613_002350_kafka_feed7_rep1,kafka,sb-events-n10-feed7-rep1,0,4057,14602569900,d6006eb1-3ef6-4955-a47a-7b2b9192b522,3895121,7,0.5833333333333334,4383462111,3895121:d6006eb1-3ef6-4955-a47a-7b2b9192b522,1,False
concurrency_n10_20260613_002350_kafka_feed7_rep1,kafka,sb-events-n10-feed7-rep1,0,4058,14602608400,d87f4aa7-4a9b-4319-8dd9-c5426dc81e34,3895121,7,0.5833333333333334,4383462111,3895121:d87f4aa7-4a9b-4319-8dd9-c5426dc81e34,1,False
concurrency_n10_20260613_002350_kafka_feed7_rep1,kafka,sb-events-n10-feed7-rep1,0,4059,14602639600,a88a8b7b-dab2-4a21-a85b-580af51a83d1,3895095,7,0.5833333333333334,4383462111,3895095:a88a8b7b-dab2-4a21-a85b-580af51a83d1,1,False
concurrency_n10_20260613_002350_kafka_feed7_rep1,kafka,sb-events-n10-feed7-rep1,0,4060,14602665700,a0313cd5-9822-48bf-8ca6-3c92789a7474,3895121,7,0.5833333333333334,4383462111,3895121:a0313cd5-9822-48bf-8ca6-3c92789a7474,1,False
concurrency_n10_20260613_002350_kafka_feed7_rep1,kafka,sb-events-n10-feed7-rep1,0,4061,14602696200,5550d825-5f3b-41f6-bba0-d4cf66c1438e,3895074,7,0.5833333333333334,4383462111,3895074:5550d825-5f3b-41f6-bba0-d4cf66c1438e,1,False
concurrency_n10_20260613_002350_kafka_feed7_rep1,kafka,sb-events-n10-feed7-rep1,0,4062,14602726600,45ee08ea-fdab-4a8e-8114-f0dec4a5e815,3895113,7,0.5833333333333334,4383462111,3895113:45ee08ea-fdab-4a8e-8114-f0dec4a5e815,1,False
concurrency_n10_20260613_002350_kafka_feed7_rep1,kafka,sb-events-n10-feed7-rep1,0,4063,14602894500,b2d11f7f-8c0d-4533-b2a3-843e981238ad,3895067,8,0.6666666666666666,4384156555,3895067:b2d11f7f-8c0d-4533-b2a3-843e981238ad,1,False
concurrency_n10_20260613_002350_kafka_feed7_rep1,kafka,sb-events-n10-feed7-rep1,0,4064,14602945300,1739877d-1a9a-45a1-a72d-189cd19ce825,3895060,8,0.6666666666666666,4384156555,3895060:1739877d-1a9a-45a1-a72d-189cd19ce825,1,False
concurrency_n10_20260613_002350_kafka_feed7_rep1,kafka,sb-events-n10-feed7-rep1,0,4065,14602973700,2da5d3ff-deec-4d16-b866-8a7d1fbb93e9,3895060,8,0.6666666666666666,4384156555,3895060:2da5d3ff-deec-4d16-b866-8a7d1fbb93e9,1,False
concurrency_n10_20260613_002350_kafka_feed7_rep1,kafka,sb-events-n10-feed7-rep1,0,4066,14602995200,71c80fb5-ad88-4f1a-a7d4-fd63ed429bcd,3895095,8,0.6666666666666666,4384156555,3895095:71c80fb5-ad88-4f1a-a7d4-fd63ed429bcd,1,False
concurrency_n10_20260613_002350_kafka_feed7_rep1,kafka,sb-events-n10-feed7-rep1,0,4067,14603017400,38932aa9-ad68-4202-bc2b-cca968001831,3895113,8,0.6666666666666666,4384156555,3895113:38932aa9-ad68-4202-bc2b-cca968001831,1,False
concurrency_n10_20260613_002350_kafka_feed7_rep1,kafka,sb-events-n10-feed7-rep1,0,4068,14603036700,dd059ddd-697b-4957-a691-f20eec306ea5,3895121,9,0.75,4384851000,3895121:dd059ddd-697b-4957-a691-f20eec306ea5,1,False
concurrency_n10_20260613_002350_kafka_feed7_rep1,kafka,sb-events-n10-feed7-rep1,0,4069,14603062300,99c1964f-2b9c-4442-b485-f7e6ce554c84,3895095,9,0.75,4384851000,3895095:99c1964f-2b9c-4442-b485-f7e6ce554c84,1,False
concurrency_n10_20260613_002350_kafka_feed7_rep1,kafka,sb-events-n10-feed7-rep1,0,4070,14603087300,43c3670a-83aa-427e-b4db-68d69ea6f60a,3895074,9,0.75,4384851000,3895074:43c3670a-83aa-427e-b4db-68d69ea6f60a,1,False
concurrency_n10_20260613_002350_kafka_feed7_rep1,kafka,sb-events-n10-feed7-rep1,0,4071,14603113300,174d1bd5-23b1-403b-b417-fc59eab9339c,3895134,10,0.8333333333333334,4385545444,3895134:174d1bd5-23b1-403b-b417-fc59eab9339c,1,False
concurrency_n10_20260613_002350_kafka_feed7_rep1,kafka,sb-events-n10-feed7-rep1,0,4072,14603140100,7cba4468-f2eb-4352-94e8-2474e078f085,3895067,10,0.8333333333333334,4385545444,3895067:7cba4468-f2eb-4352-94e8-2474e078f085,1,False
concurrency_n10_20260613_002350_kafka_feed7_rep1,kafka,sb-events-n10-feed7-rep1,0,4073,14603163400,ed38d77f-8234-4921-88d2-52ae89331fc2,3895060,10,0.8333333333333334,4385545444,3895060:ed38d77f-8234-4921-88d2-52ae89331fc2,1,False
concurrency_n10_20260613_002350_kafka_feed7_rep1,kafka,sb-events-n10-feed7-rep1,0,4074,14603185600,3a82e4ae-0527-4391-a6c1-23c5e4ace661,3895067,10,0.8333333333333334,4385545444,3895067:3a82e4ae-0527-4391-a6c1-23c5e4ace661,1,False
concurrency_n10_20260613_002350_kafka_feed7_rep1,kafka,sb-events-n10-feed7-rep1,0,4075,14603206600,74e102e0-b7bc-4d69-a21b-fe814eb02b6e,3895134,10,0.8333333333333334,4385545444,3895134:74e102e0-b7bc-4d69-a21b-fe814eb02b6e,1,False
concurrency_n10_20260613_002350_kafka_feed7_rep1,kafka,sb-events-n10-feed7-rep1,0,4076,14603228600,897c5f7a-b611-400d-a4bd-546cbba4e897,3895134,10,0.8333333333333334,4385545444,3895134:897c5f7a-b611-400d-a4bd-546cbba4e897,1,False
concurrency_n10_20260613_002350_kafka_feed7_rep1,kafka,sb-events-n10-feed7-rep1,0,4077,14603250800,fac6763f-5f80-4b02-94e3-799bd452abc8,3895113,10,0.8333333333333334,4385545444,3895113:fac6763f-5f80-4b02-94e3-799bd452abc8,1,False
concurrency_n10_20260613_002350_kafka_feed7_rep1,kafka,sb-events-n10-feed7-rep1,0,4078,14603272500,43134fef-e6aa-4650-9198-9da79f955c83,3895067,11,0.9166666666666666,4386239888,3895067:43134fef-e6aa-4650-9198-9da79f955c83,1,False
concurrency_n10_20260613_002350_kafka_feed7_rep1,kafka,sb-events-n10-feed7-rep1,0,4079,14603293900,e62a0339-6478-4758-9dda-9c3a672cda2b,3895067,11,0.9166666666666666,4386239888,3895067:e62a0339-6478-4758-9dda-9c3a672cda2b,1,False
concurrency_n10_20260613_002350_kafka_feed7_rep1,kafka,sb-events-n10-feed7-rep1,0,4080,14603315600,b2a1e34b-f362-4be7-abc3-7d5015d54850,3895121,11,0.9166666666666666,4386239888,3895121:b2a1e34b-f362-4be7-abc3-7d5015d54850,1,False
concurrency_n10_20260613_002350_kafka_feed7_rep1,kafka,sb-events-n10-feed7-rep1,0,4081,14603344500,7962ad90-9dc3-435e-b10a-9bbfa62c5d21,3895074,11,0.9166666666666666,4386239888,3895074:7962ad90-9dc3-435e-b10a-9bbfa62c5d21,1,False
concurrency_n10_20260613_002350_kafka_feed7_rep1,kafka,sb-events-n10-feed7-rep1,0,4082,14603367300,8847c801-2b00-4bf3-9bb8-88f92ab95fa1,3895074,11,0.9166666666666666,4386239888,3895074:8847c801-2b00-4bf3-9bb8-88f92ab95fa1,1,False
concurrency_n10_20260613_002350_kafka_feed7_rep1,kafka,sb-events-n10-feed7-rep1,0,4083,14603504800,5b924c30-ccff-4008-a917-fda9ba37cba4,3895074,11,0.9166666666666666,4386239888,3895074:5b924c30-ccff-4008-a917-fda9ba37cba4,1,False
concurrency_n10_20260613_002350_kafka_feed7_rep1,kafka,sb-events-n10-feed7-rep1,0,4084,14603532200,e7281523-4786-460c-a9a4-c25b2828a783,3895086,12,1.0,4386934333,3895086:e7281523-4786-460c-a9a4-c25b2828a783,1,False
concurrency_n10_20260613_002350_kafka_feed7_rep1,kafka,sb-events-n10-feed7-rep1,0,4085,14603554500,86c3a258-b8ca-4ec4-955d-05e4a45f4053,3895067,12,1.0,4386934333,3895067:86c3a258-b8ca-4ec4-955d-05e4a45f4053,1,False
concurrency_n10_20260613_002350_kafka_feed7_rep1,kafka,sb-events-n10-feed7-rep1,0,4086,14603575900,66cebf02-2ea6-4c35-a551-862b09130220,3895107,12,1.0,4386934333,3895107:66cebf02-2ea6-4c35-a551-862b09130220,1,False
concurrency_n10_20260613_002350_kafka_feed7_rep1,kafka,sb-events-n10-feed7-rep1,0,4087,14603605300,da7c4c87-47cc-43e4-abc7-ed5153ccd953,3895086,13,1.0833333333333333,4387628777,3895086:da7c4c87-47cc-43e4-abc7-ed5153ccd953,1,False
concurrency_n10_20260613_002350_kafka_feed7_rep1,kafka,sb-events-n10-feed7-rep1,0,4088,14603627300,2d158032-d266-417c-b308-7988ff8c3ffc,3895086,13,1.0833333333333333,4387628777,3895086:2d158032-d266-417c-b308-7988ff8c3ffc,1,False
concurrency_n10_20260613_002350_kafka_feed7_rep1,kafka,sb-events-n10-feed7-rep1,0,4089,14603649900,54f1c83c-f7c4-4413-8a2a-69aaac9bec05,3895052,13,1.0833333333333333,4387628777,3895052:54f1c83c-f7c4-4413-8a2a-69aaac9bec05,1,False
concurrency_n10_20260613_002350_kafka_feed7_rep1,kafka,sb-events-n10-feed7-rep1,0,4090,14603671200,fe1233fa-d40a-4e0c-8b0d-55809b7d774b,3895060,13,1.0833333333333333,4387628777,3895060:fe1233fa-d40a-4e0c-8b0d-55809b7d774b,1,False
concurrency_n10_20260613_002350_kafka_feed7_rep1,kafka,sb-events-n10-feed7-rep1,0,4091,14603692700,d0309ed5-a714-4866-9594-2806ec7f3053,3895074,14,1.1666666666666667,4388323222,3895074:d0309ed5-a714-4866-9594-2806ec7f3053,1,False
concurrency_n10_20260613_002350_kafka_feed7_rep1,kafka,sb-events-n10-feed7-rep1,0,4092,14603714300,7b8d5bb4-4ed6-4983-806a-c8ca1feeef81,3895121,15,1.25,4389017666,3895121:7b8d5bb4-4ed6-4983-806a-c8ca1feeef81,1,False
concurrency_n10_20260613_002350_kafka_feed7_rep1,kafka,sb-events-n10-feed7-rep1,0,4093,14603737000,4cf23b83-c0d3-4df1-bdef-c5caded9cc07,3895121,15,1.25,4389017666,3895121:4cf23b83-c0d3-4df1-bdef-c5caded9cc07,1,False
concurrency_n10_20260613_002350_kafka_feed7_rep1,kafka,sb-events-n10-feed7-rep1,0,4094,14603758300,67f9bdbc-8feb-49b2-b7fe-705375aac0db,3895052,15,1.25,4389017666,3895052:67f9bdbc-8feb-49b2-b7fe-705375aac0db,1,False
concurrency_n10_20260613_002350_kafka_feed7_rep1,kafka,sb-events-n10-feed7-rep1,0,4095,14603779400,923309c9-3dcf-4141-a48f-e3208bd1f952,3895113,16,1.3333333333333333,4389712111,3895113:923309c9-3dcf-4141-a48f-e3208bd1f952,1,False
concurrency_n10_20260613_002350_kafka_feed7_rep1,kafka,sb-events-n10-feed7-rep1,0,4096,14603800000,740e3759-e2fa-4c08-bb5e-ac9ff7760fce,3895074,16,1.3333333333333333,4389712111,3895074:740e3759-e2fa-4c08-bb5e-ac9ff7760fce,1,False
concurrency_n10_20260613_002350_kafka_feed7_rep1,kafka,sb-events-n10-feed7-rep1,0,4097,14603821100,3f1b90e5-46c3-4832-b386-a774f9ef7762,3895074,16,1.3333333333333333,4389712111,3895074:3f1b90e5-46c3-4832-b386-a774f9ef7762,1,False
concurrency_n10_20260613_002350_kafka_feed7_rep1,kafka,sb-events-n10-feed7-rep1,0,4098,14603841000,5f5f1bfd-17e6-4a75-a48d-23c004391ca0,3895121,17,1.4166666666666667,4390406555,3895121:5f5f1bfd-17e6-4a75-a48d-23c004391ca0,1,False
concurrency_n10_20260613_002350_kafka_feed7_rep1,kafka,sb-events-n10-feed7-rep1,0,4099,14603861300,e1464657-428c-47db-b28c-41c44d976b21,3895086,18,1.5,4391101000,3895086:e1464657-428c-47db-b28c-41c44d976b21,1,False
concurrency_n10_20260613_002350_kafka_feed7_rep1,kafka,sb-events-n10-feed7-rep1,0,4100,14604108000,f3cf7038-cbb0-4e2b-be0e-87d31d2aa135,3895086,18,1.5,4391101000,3895086:f3cf7038-cbb0-4e2b-be0e-87d31d2aa135,1,False
concurrency_n10_20260613_002350_kafka_feed7_rep1,kafka,sb-events-n10-feed7-rep1,0,4101,14604136700,c6085c22-483f-4a4b-a3a7-27fbee22ae65,3895052,18,1.5,4391101000,3895052:c6085c22-483f-4a4b-a3a7-27fbee22ae65,1,False
concurrency_n10_20260613_002350_kafka_feed7_rep1,kafka,sb-events-n10-feed7-rep1,0,4102,14604159100,3211acd7-830e-4b57-9d44-ffc087f09783,3895121,18,1.5,4391101000,3895121:3211acd7-830e-4b57-9d44-ffc087f09783,1,False
concurrency_n10_20260613_002350_kafka_feed7_rep1,kafka,sb-events-n10-feed7-rep1,0,4103,14604184400,5ecff428-f7e5-4098-a070-003bae61d520,3895052,18,1.5,4391101000,3895052:5ecff428-f7e5-4098-a070-003bae61d520,1,False
concurrency_n10_20260613_002350_kafka_feed7_rep1,kafka,sb-events-n10-feed7-rep1,0,4104,14604214100,61c008f9-cf5c-4ebe-ae27-f5ee5b22c150,3895134,19,1.5833333333333333,4391795444,3895134:61c008f9-cf5c-4ebe-ae27-f5ee5b22c150,1,False
concurrency_n10_20260613_002350_kafka_feed7_rep1,kafka,sb-events-n10-feed7-rep1,0,4105,14604246000,95573a25-89e1-4453-899f-9231016295df,3895107,19,1.5833333333333333,4391795444,3895107:95573a25-89e1-4453-899f-9231016295df,1,False
concurrency_n10_20260613_002350_kafka_feed7_rep1,kafka,sb-events-n10-feed7-rep1,0,4106,14604279400,7d098e93-c4a3-4d21-94e1-ee7f39346658,3895113,19,1.5833333333333333,4391795444,3895113:7d098e93-c4a3-4d21-94e1-ee7f39346658,1,False
concurrency_n10_20260613_002350_kafka_feed7_rep1,kafka,sb-events-n10-feed7-rep1,0,4107,14604314600,82b43325-f1c1-48f8-8a96-f447e73e0014,3895107,19,1.5833333333333333,4391795444,3895107:82b43325-f1c1-48f8-8a96-f447e73e0014,1,False
concurrency_n10_20260613_002350_kafka_feed7_rep1,kafka,sb-events-n10-feed7-rep1,0,4108,14604371200,5ea481e0-e6e1-4897-b6e0-78445211ad3d,3895060,20,1.6666666666666667,4392489888,3895060:5ea481e0-e6e1-4897-b6e0-78445211ad3d,1,False
concurrency_n10_20260613_002350_kafka_feed7_rep1,kafka,sb-events-n10-feed7-rep1,0,4109,14604895600,5e0455ba-95d7-4dc9-92d6-c8b777a5c7b6,3895086,20,1.6666666666666667,4392489888,3895086:5e0455ba-95d7-4dc9-92d6-c8b777a5c7b6,1,False
concurrency_n10_20260613_002350_kafka_feed7_rep1,kafka,sb-events-n10-feed7-rep1,0,4110,14605053800,a6f33202-5449-458f-8473-9c4274528e11,3895052,20,1.6666666666666667,4392489888,3895052:a6f33202-5449-458f-8473-9c4274528e11,1,False
concurrency_n10_20260613_002350_kafka_feed7_rep1,kafka,sb-events-n10-feed7-rep1,0,4111,14605155200,91c869e1-262b-4223-89b4-903cf7e9b527,3895107,20,1.6666666666666667,4392489888,3895107:91c869e1-262b-4223-89b4-903cf7e9b527,1,False
concurrency_n10_20260613_002350_kafka_feed7_rep1,kafka,sb-events-n10-feed7-rep1,0,4112,14605185700,8e9c5a9a-0084-457b-93be-2ba84bbe4fcb,3895113,20,1.6666666666666667,4392489888,3895113:8e9c5a9a-0084-457b-93be-2ba84bbe4fcb,1,False
concurrency_n10_20260613_002350_kafka_feed7_rep1,kafka,sb-events-n10-feed7-rep1,0,4113,14605210900,91e88312-848a-47f2-8871-b71be8bb172c,3895107,20,1.6666666666666667,4392489888,3895107:91e88312-848a-47f2-8871-b71be8bb172c,1,False
concurrency_n10_20260613_002350_kafka_feed7_rep1,kafka,sb-events-n10-feed7-rep1,0,4114,14605234100,20d4b309-2546-439a-96d6-c362fb3ecb2d,3895113,20,1.6666666666666667,4392489888,3895113:20d4b309-2546-439a-96d6-c362fb3ecb2d,1,False
concurrency_n10_20260613_002350_kafka_feed7_rep1,kafka,sb-events-n10-feed7-rep1,0,4115,14605260200,ce0cff7d-de0c-4e19-8496-2dd948d69413,3895052,21,1.75,4393184333,3895052:ce0cff7d-de0c-4e19-8496-2dd948d69413,1,False
concurrency_n10_20260613_002350_kafka_feed7_rep1,kafka,sb-events-n10-feed7-rep1,0,4116,14605416000,ebaf6e35-461e-411b-a4c6-bd8c8807ed4b,3895052,21,1.75,4393184333,3895052:ebaf6e35-461e-411b-a4c6-bd8c8807ed4b,1,False
concurrency_n10_20260613_002350_kafka_feed7_rep1,kafka,sb-events-n10-feed7-rep1,0,4117,14605447500,6824686d-4590-42ed-bcb5-84522be6958f,3895113,21,1.75,4393184333,3895113:6824686d-4590-42ed-bcb5-84522be6958f,1,False
concurrency_n10_20260613_002350_kafka_feed7_rep1,kafka,sb-events-n10-feed7-rep1,0,4118,14605498600,7b952b7f-319c-4b59-9887-322eb909afae,3895121,21,1.75,4393184333,3895121:7b952b7f-319c-4b59-9887-322eb909afae,1,False
concurrency_n10_20260613_002350_kafka_feed7_rep1,kafka,sb-events-n10-feed7-rep1,0,4119,14605529600,d7d57b8f-e679-4a01-9112-8c67d14816da,3895121,21,1.75,4393184333,3895121:d7d57b8f-e679-4a01-9112-8c67d14816da,1,False
concurrency_n10_20260613_002350_kafka_feed7_rep1,kafka,sb-events-n10-feed7-rep1,0,4120,14605552900,6d76d333-ddbe-4dd4-b0e0-f04bace0d42c,3895121,22,1.8333333333333333,4393878777,3895121:6d76d333-ddbe-4dd4-b0e0-f04bace0d42c,1,False
concurrency_n10_20260613_002350_kafka_feed7_rep1,kafka,sb-events-n10-feed7-rep1,0,4121,14605577500,5d1189db-89e2-4f3a-9fe7-9ca309a9180b,3895086,23,1.9166666666666667,4394573222,3895086:5d1189db-89e2-4f3a-9fe7-9ca309a9180b,1,False
concurrency_n10_20260613_002350_kafka_feed7_rep1,kafka,sb-events-n10-feed7-rep1,0,4122,14605631200,0ff21259-8e4f-4ca9-b2f0-eeca108eaf72,3895107,23,1.9166666666666667,4394573222,3895107:0ff21259-8e4f-4ca9-b2f0-eeca108eaf72,1,False
concurrency_n10_20260613_002350_kafka_feed7_rep1,kafka,sb-events-n10-feed7-rep1,0,4123,14605665600,0330715d-3ebb-4144-b556-11d9aea021f7,3895107,23,1.9166666666666667,4394573222,3895107:0330715d-3ebb-4144-b556-11d9aea021f7,1,False
concurrency_n10_20260613_002350_kafka_feed7_rep1,kafka,sb-events-n10-feed7-rep1,0,4124,14606479400,a332d835-268e-4498-8bfb-67085f324c46,3895086,24,2.0,4395267666,3895086:a332d835-268e-4498-8bfb-67085f324c46,1,False
concurrency_n10_20260613_002350_kafka_feed7_rep1,kafka,sb-events-n10-feed7-rep1,0,4125,14606504000,e8f164f5-a160-4c46-a82c-abe4e89677d9,3895121,24,2.0,4395267666,3895121:e8f164f5-a160-4c46-a82c-abe4e89677d9,1,False
concurrency_n10_20260613_002350_kafka_feed7_rep1,kafka,sb-events-n10-feed7-rep1,0,4126,14606986100,dcc91b79-7910-496f-853c-e3a279361c9c,3895107,24,2.0,4395267666,3895107:dcc91b79-7910-496f-853c-e3a279361c9c,1,False
concurrency_n10_20260613_002350_kafka_feed7_rep1,kafka,sb-events-n10-feed7-rep1,0,4127,14607014100,ead699aa-f13c-4cdf-8423-f658ad925cb5,3895067,25,2.083333333333333,4395962111,3895067:ead699aa-f13c-4cdf-8423-f658ad925cb5,1,False
concurrency_n10_20260613_002350_kafka_feed7_rep1,kafka,sb-events-n10-feed7-rep1,0,4128,14607053500,9f680d72-f947-4b6e-a483-04e6cb981cf5,3895060,25,2.083333333333333,4395962111,3895060:9f680d72-f947-4b6e-a483-04e6cb981cf5,1,False
concurrency_n10_20260613_002350_kafka_feed7_rep1,kafka,sb-events-n10-feed7-rep1,0,4129,14607103900,84c01004-f3ae-4fda-bcdd-31980eb13196,3895060,25,2.083333333333333,4395962111,3895060:84c01004-f3ae-4fda-bcdd-31980eb13196,1,False
concurrency_n10_20260613_002350_kafka_feed7_rep1,kafka,sb-events-n10-feed7-rep1,0,4130,14607134400,2b8248b7-ca1e-4b25-8019-43dcd354312b,3895134,25,2.083333333333333,4395962111,3895134:2b8248b7-ca1e-4b25-8019-43dcd354312b,1,False
concurrency_n10_20260613_002350_kafka_feed7_rep1,kafka,sb-events-n10-feed7-rep1,0,4131,14607314900,07087bbe-871b-46b9-af20-4c074da4a10d,3895113,25,2.083333333333333,4395962111,3895113:07087bbe-871b-46b9-af20-4c074da4a10d,1,False
concurrency_n10_20260613_002350_kafka_feed7_rep1,kafka,sb-events-n10-feed7-rep1,0,4132,14607359200,24fa959e-ad78-4dfb-9cf7-ff352947271c,3895052,25,2.083333333333333,4395962111,3895052:24fa959e-ad78-4dfb-9cf7-ff352947271c,1,False
concurrency_n10_20260613_002350_kafka_feed7_rep1,kafka,sb-events-n10-feed7-rep1,0,4133,14607414500,da6d72e8-314a-4232-892f-7f2b7aa233da,3895052,25,2.083333333333333,4395962111,3895052:da6d72e8-314a-4232-892f-7f2b7aa233da,1,False
concurrency_n10_20260613_002350_kafka_feed7_rep1,kafka,sb-events-n10-feed7-rep1,0,4134,14607933500,e1f2d0bd-aeb0-42b2-867d-f5e407986d61,3895086,26,2.1666666666666665,4396656555,3895086:e1f2d0bd-aeb0-42b2-867d-f5e407986d61,1,False
concurrency_n10_20260613_002350_kafka_feed7_rep1,kafka,sb-events-n10-feed7-rep1,0,4135,14607961200,d109e813-a171-4eab-bd01-20c8e0a2d54b,3895067,27,2.25,4397351000,3895067:d109e813-a171-4eab-bd01-20c8e0a2d54b,1,False
concurrency_n10_20260613_002350_kafka_feed7_rep1,kafka,sb-events-n10-feed7-rep1,0,4136,14608176400,4dbc35f7-4520-4c1d-a0c1-81c1760b2c40,3895067,27,2.25,4397351000,3895067:4dbc35f7-4520-4c1d-a0c1-81c1760b2c40,1,False
concurrency_n10_20260613_002350_kafka_feed7_rep1,kafka,sb-events-n10-feed7-rep1,0,4137,14608222900,1ada5a52-ccdd-47d6-bfae-a3c6cfe6695c,3895086,27,2.25,4397351000,3895086:1ada5a52-ccdd-47d6-bfae-a3c6cfe6695c,1,False
concurrency_n10_20260613_002350_kafka_feed7_rep1,kafka,sb-events-n10-feed7-rep1,0,4138,14608456400,3e22029c-1ffc-479a-8824-66a065a2fdf6,3895134,27,2.25,4397351000,3895134:3e22029c-1ffc-479a-8824-66a065a2fdf6,1,False
concurrency_n10_20260613_002350_kafka_feed7_rep1,kafka,sb-events-n10-feed7-rep1,0,4139,14608485400,3ef9a433-6ad8-4533-b8c7-8465064ae209,3895134,27,2.25,4397351000,3895134:3ef9a433-6ad8-4533-b8c7-8465064ae209,1,False
concurrency_n10_20260613_002350_kafka_feed7_rep1,kafka,sb-events-n10-feed7-rep1,0,4140,14608666300,ce148b24-1185-48a7-bc22-d593e8115f3c,3895052,27,2.25,4397351000,3895052:ce148b24-1185-48a7-bc22-d593e8115f3c,1,False
concurrency_n10_20260613_002350_kafka_feed7_rep1,kafka,sb-events-n10-feed7-rep1,0,4141,14608713500,e3e1f7c7-4932-4722-9f8c-b801ec0f3eb9,3895113,28,2.333333333333333,4398045444,3895113:e3e1f7c7-4932-4722-9f8c-b801ec0f3eb9,1,False
concurrency_n10_20260613_002350_kafka_feed7_rep1,kafka,sb-events-n10-feed7-rep1,0,4142,14608786500,2e41f9b8-5553-4025-bfb2-90dc50a9013a,3895107,28,2.333333333333333,4398045444,3895107:2e41f9b8-5553-4025-bfb2-90dc50a9013a,1,False
concurrency_n10_20260613_002350_kafka_feed7_rep1,kafka,sb-events-n10-feed7-rep1,0,4143,14608872000,78f5f9b2-8e23-4ed5-bc21-6cb65b4bfecd,3895107,28,2.333333333333333,4398045444,3895107:78f5f9b2-8e23-4ed5-bc21-6cb65b4bfecd,1,False
concurrency_n10_20260613_002350_kafka_feed7_rep1,kafka,sb-events-n10-feed7-rep1,0,4144,14608958900,447b0a0c-05be-471b-aaf1-2bc3a39574a6,3895067,29,2.4166666666666665,4398739888,3895067:447b0a0c-05be-471b-aaf1-2bc3a39574a6,1,False
concurrency_n10_20260613_002350_kafka_feed7_rep1,kafka,sb-events-n10-feed7-rep1,0,4145,14609096500,5a772691-1265-464f-aabd-c573e8a0ab8c,3895074,29,2.4166666666666665,4398739888,3895074:5a772691-1265-464f-aabd-c573e8a0ab8c,1,False
concurrency_n10_20260613_002350_kafka_feed7_rep1,kafka,sb-events-n10-feed7-rep1,0,4146,14609468200,263393dd-6b86-4b3d-b4d4-08e19a071251,3895134,29,2.4166666666666665,4398739888,3895134:263393dd-6b86-4b3d-b4d4-08e19a071251,1,False
concurrency_n10_20260613_002350_kafka_feed7_rep1,kafka,sb-events-n10-feed7-rep1,0,4147,14609499000,8ecf55aa-b2b4-4325-87ae-b9773d146ca4,3895086,29,2.4166666666666665,4398739888,3895086:8ecf55aa-b2b4-4325-87ae-b9773d146ca4,1,False
concurrency_n10_20260613_002350_kafka_feed7_rep1,kafka,sb-events-n10-feed7-rep1,0,4148,14609551400,45e61b15-c483-49fa-8a40-525424f6f0fd,3895107,29,2.4166666666666665,4398739888,3895107:45e61b15-c483-49fa-8a40-525424f6f0fd,1,False
concurrency_n10_20260613_002350_kafka_feed7_rep1,kafka,sb-events-n10-feed7-rep1,0,4149,14609573300,9351a75c-1c91-4205-b38c-4875eb4ab288,3895134,30,2.5,4399434333,3895134:9351a75c-1c91-4205-b38c-4875eb4ab288,1,False
concurrency_n10_20260613_002350_kafka_feed7_rep1,kafka,sb-events-n10-feed7-rep1,0,4150,14609594000,f1851ae9-876d-42a8-8c1c-9d39b58512ef,3895134,30,2.5,4399434333,3895134:f1851ae9-876d-42a8-8c1c-9d39b58512ef,1,False
concurrency_n10_20260613_002350_kafka_feed7_rep1,kafka,sb-events-n10-feed7-rep1,0,4151,14610341400,3eaad870-8b07-4e98-b321-069674f3f82b,3895074,33,2.75,4401517666,3895074:3eaad870-8b07-4e98-b321-069674f3f82b,1,False
concurrency_n10_20260613_002350_kafka_feed7_rep1,kafka,sb-events-n10-feed7-rep1,0,4152,14610366800,4bdb4956-a093-46d2-98fe-109bb1fb1765,3895121,33,2.75,4401517666,3895121:4bdb4956-a093-46d2-98fe-109bb1fb1765,1,False
concurrency_n10_20260613_002350_kafka_feed7_rep1,kafka,sb-events-n10-feed7-rep1,0,4153,14610389200,85016910-7a46-41d7-9daa-e67ae1f50e97,3895086,33,2.75,4401517666,3895086:85016910-7a46-41d7-9daa-e67ae1f50e97,1,False
concurrency_n10_20260613_002350_kafka_feed7_rep1,kafka,sb-events-n10-feed7-rep1,0,4154,14610525300,b1f40782-0844-4ca7-8a99-20694926c324,3895121,33,2.75,4401517666,3895121:b1f40782-0844-4ca7-8a99-20694926c324,1,False
concurrency_n10_20260613_002350_kafka_feed7_rep1,kafka,sb-events-n10-feed7-rep1,0,4155,14620181100,f7ccc18b-f57d-473d-aef2-7b018211ff13,3895074,34,2.833333333333333,4402212111,3895074:f7ccc18b-f57d-473d-aef2-7b018211ff13,1,False
concurrency_n10_20260613_002350_kafka_feed7_rep1,kafka,sb-events-n10-feed7-rep1,0,4156,14629782900,343cc444-e0ab-43f0-a93f-66266b9dbea8,3895113,34,2.833333333333333,4402212111,3895113:343cc444-e0ab-43f0-a93f-66266b9dbea8,1,False
concurrency_n10_20260613_002350_kafka_feed7_rep1,kafka,sb-events-n10-feed7-rep1,0,4157,14629819700,1286483f-b0bf-4d49-9a2f-2233368aaa37,3895113,34,2.833333333333333,4402212111,3895113:1286483f-b0bf-4d49-9a2f-2233368aaa37,1,False
concurrency_n10_20260613_002350_kafka_feed7_rep1,kafka,sb-events-n10-feed7-rep1,1,4177,14949080300,207c41be-4905-457d-af38-e356b67981de,3895060,0,0.0,4378601000,3895060:207c41be-4905-457d-af38-e356b67981de,1,False
concurrency_n10_20260613_002350_kafka_feed7_rep1,kafka,sb-events-n10-feed7-rep1,1,4178,14949157600,ea1e6876-4179-4750-8231-55c3d6ec8001,3895113,0,0.0,4378601000,3895113:ea1e6876-4179-4750-8231-55c3d6ec8001,1,False
concurrency_n10_20260613_002350_kafka_feed7_rep1,kafka,sb-events-n10-feed7-rep1,1,4179,14949246100,16d29511-a5c7-4a18-a4b4-d40571e69bd4,3895121,0,0.0,4378601000,3895121:16d29511-a5c7-4a18-a4b4-d40571e69bd4,1,False
concurrency_n10_20260613_002350_kafka_feed7_rep1,kafka,sb-events-n10-feed7-rep1,1,4180,14949274400,9790a466-9c56-42aa-96aa-a9ad1a6f8811,3895052,0,0.0,4378601000,3895052:9790a466-9c56-42aa-96aa-a9ad1a6f8811,1,False
concurrency_n10_20260613_002350_kafka_feed7_rep1,kafka,sb-events-n10-feed7-rep1,1,4181,14949302200,27cf4ae2-0319-4fc6-9ace-9f960bb0e4e6,3895121,0,0.0,4378601000,3895121:27cf4ae2-0319-4fc6-9ace-9f960bb0e4e6,1,False
concurrency_n10_20260613_002350_kafka_feed7_rep1,kafka,sb-events-n10-feed7-rep1,1,4182,14949523300,4af6d17a-69ad-4bca-aece-f3be76c10138,3895134,0,0.0,4378601000,3895134:4af6d17a-69ad-4bca-aece-f3be76c10138,1,False
concurrency_n10_20260613_002350_kafka_feed7_rep1,kafka,sb-events-n10-feed7-rep1,1,4183,14949567800,c6762724-3ad0-4ed1-b232-7f32ac192ec6,3895052,0,0.0,4378601000,3895052:c6762724-3ad0-4ed1-b232-7f32ac192ec6,1,False
concurrency_n10_20260613_002350_kafka_feed7_rep1,kafka,sb-events-n10-feed7-rep1,1,4184,14949596300,a40403c7-74d7-45e6-ba91-5ebd6c313d8e,3895067,0,0.0,4378601000,3895067:a40403c7-74d7-45e6-ba91-5ebd6c313d8e,1,False
concurrency_n10_20260613_002350_kafka_feed7_rep1,kafka,sb-events-n10-feed7-rep1,1,4185,14949621000,92e52894-484a-48de-8051-469ea23d6aaa,3895121,0,0.0,4378601000,3895121:92e52894-484a-48de-8051-469ea23d6aaa,1,False
concurrency_n10_20260613_002350_kafka_feed7_rep1,kafka,sb-events-n10-feed7-rep1,1,4186,14949653100,fae27a68-42f4-44cf-8fc0-8d4126407ae3,3895067,0,0.0,4378601000,3895067:fae27a68-42f4-44cf-8fc0-8d4126407ae3,1,False
concurrency_n10_20260613_002350_kafka_feed7_rep1,kafka,sb-events-n10-feed7-rep1,1,4187,14949680000,e627413d-5de5-402a-9bb3-90c4cd3b65ec,3895074,0,0.0,4378601000,3895074:e627413d-5de5-402a-9bb3-90c4cd3b65ec,1,False
concurrency_n10_20260613_002350_kafka_feed7_rep1,kafka,sb-events-n10-feed7-rep1,1,4188,14949709900,a549d56e-c626-419f-9244-ad813ec8e559,3895107,0,0.0,4378601000,3895107:a549d56e-c626-419f-9244-ad813ec8e559,1,False
concurrency_n10_20260613_002350_kafka_feed7_rep1,kafka,sb-events-n10-feed7-rep1,1,4189,14949742600,51a7253e-31ed-49f5-9494-f5ab0d2ee039,3895113,0,0.0,4378601000,3895113:51a7253e-31ed-49f5-9494-f5ab0d2ee039,1,False
concurrency_n10_20260613_002350_kafka_feed7_rep1,kafka,sb-events-n10-feed7-rep1,1,4190,14949777900,d16c061b-99fe-4266-ad73-d7f9c73482b0,3895121,0,0.0,4378601000,3895121:d16c061b-99fe-4266-ad73-d7f9c73482b0,1,False
concurrency_n10_20260613_002350_kafka_feed7_rep1,kafka,sb-events-n10-feed7-rep1,1,4191,14949810400,6d5e4ad7-9dd8-428b-97f9-5eee0ee14c17,3895134,0,0.0,4378601000,3895134:6d5e4ad7-9dd8-428b-97f9-5eee0ee14c17,1,False
concurrency_n10_20260613_002350_kafka_feed7_rep1,kafka,sb-events-n10-feed7-rep1,1,4192,14949908200,ad010a23-88fe-43af-8b5c-8cd1772842ac,3895067,0,0.0,4378601000,3895067:ad010a23-88fe-43af-8b5c-8cd1772842ac,1,False
concurrency_n10_20260613_002350_kafka_feed7_rep1,kafka,sb-events-n10-feed7-rep1,1,4193,14949982600,3aee3cdf-be11-4ee6-b4bb-828cb4edbe36,3895086,0,0.0,4378601000,3895086:3aee3cdf-be11-4ee6-b4bb-828cb4edbe36,1,False
concurrency_n10_20260613_002350_kafka_feed7_rep1,kafka,sb-events-n10-feed7-rep1,1,4194,14950013200,cc3b6a56-e194-4ce6-901d-a4f84177e81b,3895107,0,0.0,4378601000,3895107:cc3b6a56-e194-4ce6-901d-a4f84177e81b,1,False
concurrency_n10_20260613_002350_kafka_feed7_rep1,kafka,sb-events-n10-feed7-rep1,1,4195,14950037700,ac5aac4c-5a0e-44c2-97ca-ec38bdb05917,3895113,0,0.0,4378601000,3895113:ac5aac4c-5a0e-44c2-97ca-ec38bdb05917,1,False
concurrency_n10_20260613_002350_kafka_feed7_rep1,kafka,sb-events-n10-feed7-rep1,1,4196,14950058400,1bed9ec9-1af9-4570-a620-8aab3469a6dd,3895134,0,0.0,4378601000,3895134:1bed9ec9-1af9-4570-a620-8aab3469a6dd,1,False
concurrency_n10_20260613_002350_kafka_feed7_rep1,kafka,sb-events-n10-feed7-rep1,1,4197,14950078900,e03021cc-80c5-4ac6-909e-903dca845ee3,3895107,0,0.0,4378601000,3895107:e03021cc-80c5-4ac6-909e-903dca845ee3,1,False
concurrency_n10_20260613_002350_kafka_feed7_rep1,kafka,sb-events-n10-feed7-rep1,1,4198,14950099300,6c4c62f2-7d95-4094-a714-50c0161ee2e6,3895052,1,0.0833333333333333,4379295444,3895052:6c4c62f2-7d95-4094-a714-50c0161ee2e6,1,False
concurrency_n10_20260613_002350_kafka_feed7_rep1,kafka,sb-events-n10-feed7-rep1,1,4199,14950121600,0e2c9eac-6504-4dae-9939-5f2920e7102d,3895067,2,0.1666666666666666,4379989888,3895067:0e2c9eac-6504-4dae-9939-5f2920e7102d,1,False
concurrency_n10_20260613_002350_kafka_feed7_rep1,kafka,sb-events-n10-feed7-rep1,1,4200,14950144800,d54cc444-c9f7-4e31-820a-28e0ad5d8ec4,3895113,2,0.1666666666666666,4379989888,3895113:d54cc444-c9f7-4e31-820a-28e0ad5d8ec4,1,False
concurrency_n10_20260613_002350_kafka_feed7_rep1,kafka,sb-events-n10-feed7-rep1,1,4201,14950167400,f8442e6f-3919-46bc-848a-5f545627cf82,3895121,2,0.1666666666666666,4379989888,3895121:f8442e6f-3919-46bc-848a-5f545627cf82,1,False
concurrency_n10_20260613_002350_kafka_feed7_rep1,kafka,sb-events-n10-feed7-rep1,1,4202,14950189100,c04183cf-75d8-42b0-91fd-4a026dba10b4,3895067,2,0.1666666666666666,4379989888,3895067:c04183cf-75d8-42b0-91fd-4a026dba10b4,1,False
concurrency_n10_20260613_002350_kafka_feed7_rep1,kafka,sb-events-n10-feed7-rep1,1,4203,14950210300,f296523f-5c17-4d25-8371-f7142523a057,3895121,2,0.1666666666666666,4379989888,3895121:f296523f-5c17-4d25-8371-f7142523a057,1,False
concurrency_n10_20260613_002350_kafka_feed7_rep1,kafka,sb-events-n10-feed7-rep1,1,4204,14950231000,f9a9b240-dc0d-49e8-b72a-ec081b4c2bf3,3895107,2,0.1666666666666666,4379989888,3895107:f9a9b240-dc0d-49e8-b72a-ec081b4c2bf3,1,False
concurrency_n10_20260613_002350_kafka_feed7_rep1,kafka,sb-events-n10-feed7-rep1,1,4205,14950252700,15bf07b2-c5b7-4074-8693-1d9e4a5b7153,3895052,3,0.25,4380684333,3895052:15bf07b2-c5b7-4074-8693-1d9e4a5b7153,1,False
concurrency_n10_20260613_002350_kafka_feed7_rep1,kafka,sb-events-n10-feed7-rep1,1,4206,14950406200,28f3d343-a6db-4854-bae5-f3390857e90c,3895086,3,0.25,4380684333,3895086:28f3d343-a6db-4854-bae5-f3390857e90c,1,False
concurrency_n10_20260613_002350_kafka_feed7_rep1,kafka,sb-events-n10-feed7-rep1,1,4207,14950432700,494d25f1-83d3-4375-aa5c-29dfd26dfebd,3895095,3,0.25,4380684333,3895095:494d25f1-83d3-4375-aa5c-29dfd26dfebd,1,False
concurrency_n10_20260613_002350_kafka_feed7_rep1,kafka,sb-events-n10-feed7-rep1,1,4208,14950456400,3114849f-6506-405c-bb4d-71ba30905d5e,3895107,3,0.25,4380684333,3895107:3114849f-6506-405c-bb4d-71ba30905d5e,1,False
concurrency_n10_20260613_002350_kafka_feed7_rep1,kafka,sb-events-n10-feed7-rep1,1,4209,14950477300,4f14f36d-c3c1-45d5-9c94-a65f9489d40f,3895074,4,0.3333333333333333,4381378777,3895074:4f14f36d-c3c1-45d5-9c94-a65f9489d40f,1,False
concurrency_n10_20260613_002350_kafka_feed7_rep1,kafka,sb-events-n10-feed7-rep1,1,4210,14950500000,980abd18-b5d2-49cd-b110-7f534fd23dfc,3895095,4,0.3333333333333333,4381378777,3895095:980abd18-b5d2-49cd-b110-7f534fd23dfc,1,False
concurrency_n10_20260613_002350_kafka_feed7_rep1,kafka,sb-events-n10-feed7-rep1,1,4211,14950523300,0195cc34-10dc-41e9-ada9-e853f9c16f02,3895134,4,0.3333333333333333,4381378777,3895134:0195cc34-10dc-41e9-ada9-e853f9c16f02,1,False
concurrency_n10_20260613_002350_kafka_feed7_rep1,kafka,sb-events-n10-feed7-rep1,1,4212,14950585400,88661240-834a-430d-8629-b37b64dbcddc,3895052,4,0.3333333333333333,4381378777,3895052:88661240-834a-430d-8629-b37b64dbcddc,1,False
concurrency_n10_20260613_002350_kafka_feed7_rep1,kafka,sb-events-n10-feed7-rep1,1,4213,14950606400,df085776-1a71-4f2d-9b9a-d385914ac874,3895095,4,0.3333333333333333,4381378777,3895095:df085776-1a71-4f2d-9b9a-d385914ac874,1,False
concurrency_n10_20260613_002350_kafka_feed7_rep1,kafka,sb-events-n10-feed7-rep1,1,4214,14950627000,5342ea84-0732-454a-9551-8bc9fbe70d05,3895134,4,0.3333333333333333,4381378777,3895134:5342ea84-0732-454a-9551-8bc9fbe70d05,1,False
concurrency_n10_20260613_002350_kafka_feed7_rep1,kafka,sb-events-n10-feed7-rep1,1,4215,14950648700,b8c2ef59-5a72-4382-8d37-ef532f1ba623,3895107,4,0.3333333333333333,4381378777,3895107:b8c2ef59-5a72-4382-8d37-ef532f1ba623,1,False
concurrency_n10_20260613_002350_kafka_feed7_rep1,kafka,sb-events-n10-feed7-rep1,1,4216,14950670100,c93d7723-7a1c-4be8-97e1-0babb1be6f11,3895113,5,0.4166666666666667,4382073222,3895113:c93d7723-7a1c-4be8-97e1-0babb1be6f11,1,False
concurrency_n10_20260613_002350_kafka_feed7_rep1,kafka,sb-events-n10-feed7-rep1,1,4217,14950691000,3cb0c74e-75be-431c-917f-011efc184fdb,3895113,5,0.4166666666666667,4382073222,3895113:3cb0c74e-75be-431c-917f-011efc184fdb,1,False
concurrency_n10_20260613_002350_kafka_feed7_rep1,kafka,sb-events-n10-feed7-rep1,1,4218,14950711500,f019df08-0da5-48d9-a838-1da35f369c3c,3895052,6,0.5,4382767666,3895052:f019df08-0da5-48d9-a838-1da35f369c3c,1,False
concurrency_n10_20260613_002350_kafka_feed7_rep1,kafka,sb-events-n10-feed7-rep1,1,4219,14950731100,e8a7f299-6faa-4914-bcdf-2e44131ed85c,3895107,6,0.5,4382767666,3895107:e8a7f299-6faa-4914-bcdf-2e44131ed85c,1,False
concurrency_n10_20260613_002350_kafka_feed7_rep1,kafka,sb-events-n10-feed7-rep1,1,4220,14950751100,d8ec2ac3-0202-455a-8a5d-255e1e4cc473,3895121,8,0.6666666666666666,4384156555,3895121:d8ec2ac3-0202-455a-8a5d-255e1e4cc473,1,False
concurrency_n10_20260613_002350_kafka_feed7_rep1,kafka,sb-events-n10-feed7-rep1,1,4221,14950812900,cc3655de-3632-4a2c-8a22-d670144485db,3895095,8,0.6666666666666666,4384156555,3895095:cc3655de-3632-4a2c-8a22-d670144485db,1,False
concurrency_n10_20260613_002350_kafka_feed7_rep1,kafka,sb-events-n10-feed7-rep1,1,4222,14951125700,5ff692af-8337-40bf-bf94-3357c44a9765,3895113,8,0.6666666666666666,4384156555,3895113:5ff692af-8337-40bf-bf94-3357c44a9765,1,False
concurrency_n10_20260613_002350_kafka_feed7_rep1,kafka,sb-events-n10-feed7-rep1,1,4223,14951150800,8f1fbe41-034b-43eb-9585-edbb0aadb7ba,3895052,9,0.75,4384851000,3895052:8f1fbe41-034b-43eb-9585-edbb0aadb7ba,1,False
concurrency_n10_20260613_002350_kafka_feed7_rep1,kafka,sb-events-n10-feed7-rep1,1,4224,14951173900,629bf2a1-ed9d-4d49-a2d8-cfd7a59e6e3e,3895121,9,0.75,4384851000,3895121:629bf2a1-ed9d-4d49-a2d8-cfd7a59e6e3e,1,False
concurrency_n10_20260613_002350_kafka_feed7_rep1,kafka,sb-events-n10-feed7-rep1,1,4225,14951216400,4127d02c-6da9-47dc-b26f-40da7d121a92,3895052,9,0.75,4384851000,3895052:4127d02c-6da9-47dc-b26f-40da7d121a92,1,False
concurrency_n10_20260613_002350_kafka_feed7_rep1,kafka,sb-events-n10-feed7-rep1,1,4226,14951264800,08b17ce3-0fb5-45ee-b37f-1dff007b694a,3895067,10,0.8333333333333334,4385545444,3895067:08b17ce3-0fb5-45ee-b37f-1dff007b694a,1,False
concurrency_n10_20260613_002350_kafka_feed7_rep1,kafka,sb-events-n10-feed7-rep1,1,4227,14951290100,7604592e-b68b-4f0b-a7ff-eca7a0e2440b,3895134,10,0.8333333333333334,4385545444,3895134:7604592e-b68b-4f0b-a7ff-eca7a0e2440b,1,False
concurrency_n10_20260613_002350_kafka_feed7_rep1,kafka,sb-events-n10-feed7-rep1,1,4228,14957687900,55773380-38a7-49a4-b73a-a688f19444c1,3895134,10,0.8333333333333334,4385545444,3895134:55773380-38a7-49a4-b73a-a688f19444c1,1,False
concurrency_n10_20260613_002350_kafka_feed7_rep1,kafka,sb-events-n10-feed7-rep1,1,4229,14958273200,b767f8cf-4d2d-45c2-befd-2acd1c356621,3895060,11,0.9166666666666666,4386239888,3895060:b767f8cf-4d2d-45c2-befd-2acd1c356621,1,False
concurrency_n10_20260613_002350_kafka_feed7_rep1,kafka,sb-events-n10-feed7-rep1,1,4230,14958300800,6fcdcd6a-f032-47d6-8ab5-40021f4c097d,3895095,11,0.9166666666666666,4386239888,3895095:6fcdcd6a-f032-47d6-8ab5-40021f4c097d,1,False
concurrency_n10_20260613_002350_kafka_feed7_rep1,kafka,sb-events-n10-feed7-rep1,1,4231,14958324900,635f9e3a-22a3-4328-aa0d-299e2244750f,3895134,11,0.9166666666666666,4386239888,3895134:635f9e3a-22a3-4328-aa0d-299e2244750f,1,False
concurrency_n10_20260613_002350_kafka_feed7_rep1,kafka,sb-events-n10-feed7-rep1,1,4232,14958348600,523c9836-c56d-469f-a9b2-b2cccef6dab7,3895095,11,0.9166666666666666,4386239888,3895095:523c9836-c56d-469f-a9b2-b2cccef6dab7,1,False
concurrency_n10_20260613_002350_kafka_feed7_rep1,kafka,sb-events-n10-feed7-rep1,1,4233,14958369200,480e7b02-6900-48ff-a092-84edfe968c1e,3895121,11,0.9166666666666666,4386239888,3895121:480e7b02-6900-48ff-a092-84edfe968c1e,1,False
concurrency_n10_20260613_002350_kafka_feed7_rep1,kafka,sb-events-n10-feed7-rep1,1,4234,14958390800,7913f543-9fcd-488e-84d6-8a14f0455694,3895074,11,0.9166666666666666,4386239888,3895074:7913f543-9fcd-488e-84d6-8a14f0455694,1,False
concurrency_n10_20260613_002350_kafka_feed7_rep1,kafka,sb-events-n10-feed7-rep1,1,4235,14958412200,a03fa6b0-0944-4d90-9881-9d2b47418d86,3895086,12,1.0,4386934333,3895086:a03fa6b0-0944-4d90-9881-9d2b47418d86,1,False
concurrency_n10_20260613_002350_kafka_feed7_rep1,kafka,sb-events-n10-feed7-rep1,1,4236,14958434000,585a8685-12a2-418f-91a6-4d2a02ad8430,3895052,12,1.0,4386934333,3895052:585a8685-12a2-418f-91a6-4d2a02ad8430,1,False
concurrency_n10_20260613_002350_kafka_feed7_rep1,kafka,sb-events-n10-feed7-rep1,1,4237,14958454700,e7b35a27-1240-4696-9680-00347a4fd4ab,3895067,12,1.0,4386934333,3895067:e7b35a27-1240-4696-9680-00347a4fd4ab,1,False
concurrency_n10_20260613_002350_kafka_feed7_rep1,kafka,sb-events-n10-feed7-rep1,1,4238,14958477900,ba2de37d-ee65-4feb-a5ea-b54fc0236494,3895113,12,1.0,4386934333,3895113:ba2de37d-ee65-4feb-a5ea-b54fc0236494,1,False
concurrency_n10_20260613_002350_kafka_feed7_rep1,kafka,sb-events-n10-feed7-rep1,1,4239,14989421200,c55ee278-e7d5-4f2f-aaf9-1d7e71c7ee6f,3895134,12,1.0,4386934333,3895134:c55ee278-e7d5-4f2f-aaf9-1d7e71c7ee6f,1,False
concurrency_n10_20260613_002350_kafka_feed7_rep1,kafka,sb-events-n10-feed7-rep1,1,4240,14989454500,4c6fb264-6641-4514-9dfb-96a0f17f3899,3895060,13,1.0833333333333333,4387628777,3895060:4c6fb264-6641-4514-9dfb-96a0f17f3899,1,False
concurrency_n10_20260613_002350_kafka_feed7_rep1,kafka,sb-events-n10-feed7-rep1,1,4241,14989477200,9dcf795d-a1b5-4b33-b421-af35da8f1708,3895095,14,1.1666666666666667,4388323222,3895095:9dcf795d-a1b5-4b33-b421-af35da8f1708,1,False
concurrency_n10_20260613_002350_kafka_feed7_rep1,kafka,sb-events-n10-feed7-rep1,1,4242,14989497300,bd76ea17-62ca-436b-b60f-ebbce8df5a58,3895074,14,1.1666666666666667,4388323222,3895074:bd76ea17-62ca-436b-b60f-ebbce8df5a58,1,False
concurrency_n10_20260613_002350_kafka_feed7_rep1,kafka,sb-events-n10-feed7-rep1,1,4243,14989516300,bf8ecf65-adbc-42d1-99f7-c48a6ef2ec06,3895052,15,1.25,4389017666,3895052:bf8ecf65-adbc-42d1-99f7-c48a6ef2ec06,1,False
concurrency_n10_20260613_002350_kafka_feed7_rep1,kafka,sb-events-n10-feed7-rep1,1,4244,14989622400,a6fdb7f7-8cbe-4f00-a6bc-68733f24f18c,3895121,15,1.25,4389017666,3895121:a6fdb7f7-8cbe-4f00-a6bc-68733f24f18c,1,False
concurrency_n10_20260613_002350_kafka_feed7_rep1,kafka,sb-events-n10-feed7-rep1,1,4245,14989700700,e8f5cb79-b270-408d-8a30-991d50c8bccd,3895095,16,1.3333333333333333,4389712111,3895095:e8f5cb79-b270-408d-8a30-991d50c8bccd,1,False
concurrency_n10_20260613_002350_kafka_feed7_rep1,kafka,sb-events-n10-feed7-rep1,1,4246,14989724300,8eadb67c-5080-4a27-836f-922f5a6eeeb6,3895074,16,1.3333333333333333,4389712111,3895074:8eadb67c-5080-4a27-836f-922f5a6eeeb6,1,False
concurrency_n10_20260613_002350_kafka_feed7_rep1,kafka,sb-events-n10-feed7-rep1,1,4247,14989748200,4917b4e0-e17c-4412-bec0-734319e40d03,3895074,16,1.3333333333333333,4389712111,3895074:4917b4e0-e17c-4412-bec0-734319e40d03,1,False
concurrency_n10_20260613_002350_kafka_feed7_rep1,kafka,sb-events-n10-feed7-rep1,1,4248,14989769800,6bae2646-95ef-4ae3-808b-79fa5756e3a0,3895086,17,1.4166666666666667,4390406555,3895086:6bae2646-95ef-4ae3-808b-79fa5756e3a0,1,False
concurrency_n10_20260613_002350_kafka_feed7_rep1,kafka,sb-events-n10-feed7-rep1,1,4249,14989792700,86a2db30-3020-4a3a-af2f-3b1d59b73adc,3895052,17,1.4166666666666667,4390406555,3895052:86a2db30-3020-4a3a-af2f-3b1d59b73adc,1,False
concurrency_n10_20260613_002350_kafka_feed7_rep1,kafka,sb-events-n10-feed7-rep1,1,4250,14989815200,da8b4ee3-3079-4353-ac9d-451a47100b52,3895121,17,1.4166666666666667,4390406555,3895121:da8b4ee3-3079-4353-ac9d-451a47100b52,1,False
concurrency_n10_20260613_002350_kafka_feed7_rep1,kafka,sb-events-n10-feed7-rep1,1,4251,14989873900,238ccd63-a906-4647-a994-0b592cedbb4d,3895113,17,1.4166666666666667,4390406555,3895113:238ccd63-a906-4647-a994-0b592cedbb4d,1,False
concurrency_n10_20260613_002350_kafka_feed7_rep1,kafka,sb-events-n10-feed7-rep1,1,4252,14989966000,f56d4891-5044-48bc-98bd-2714de02c555,3895095,17,1.4166666666666667,4390406555,3895095:f56d4891-5044-48bc-98bd-2714de02c555,1,False
concurrency_n10_20260613_002350_kafka_feed7_rep1,kafka,sb-events-n10-feed7-rep1,1,4253,14989992200,74fb2011-216f-43aa-8c61-587989c3083d,3895095,17,1.4166666666666667,4390406555,3895095:74fb2011-216f-43aa-8c61-587989c3083d,1,False
concurrency_n10_20260613_002350_kafka_feed7_rep1,kafka,sb-events-n10-feed7-rep1,1,4254,14990016200,c6cba519-72a4-4c6a-a204-27bb2809348d,3895107,18,1.5,4391101000,3895107:c6cba519-72a4-4c6a-a204-27bb2809348d,1,False
concurrency_n10_20260613_002350_kafka_feed7_rep1,kafka,sb-events-n10-feed7-rep1,1,4255,14990040100,da618d2e-27e6-47f5-ba91-a32d880fc3f3,3895052,18,1.5,4391101000,3895052:da618d2e-27e6-47f5-ba91-a32d880fc3f3,1,False
concurrency_n10_20260613_002350_kafka_feed7_rep1,kafka,sb-events-n10-feed7-rep1,1,4256,14990063100,f6afab09-dd54-41b0-9eab-2f54641f6cc7,3895134,19,1.5833333333333333,4391795444,3895134:f6afab09-dd54-41b0-9eab-2f54641f6cc7,1,False
concurrency_n10_20260613_002350_kafka_feed7_rep1,kafka,sb-events-n10-feed7-rep1,1,4257,14990122500,babaa5b7-7d2a-455f-9d53-09929055b994,3895121,19,1.5833333333333333,4391795444,3895121:babaa5b7-7d2a-455f-9d53-09929055b994,1,False
concurrency_n10_20260613_002350_kafka_feed7_rep1,kafka,sb-events-n10-feed7-rep1,1,4258,14990206100,31656a86-ac6f-48e7-8588-664d49470dcf,3895121,19,1.5833333333333333,4391795444,3895121:31656a86-ac6f-48e7-8588-664d49470dcf,1,False
concurrency_n10_20260613_002350_kafka_feed7_rep1,kafka,sb-events-n10-feed7-rep1,1,4259,14990284000,c1fd3b58-ecc8-4b74-baf6-d706324c0a37,3895095,19,1.5833333333333333,4391795444,3895095:c1fd3b58-ecc8-4b74-baf6-d706324c0a37,1,False
concurrency_n10_20260613_002350_kafka_feed7_rep1,kafka,sb-events-n10-feed7-rep1,1,4260,14990310500,34a68da4-a761-418e-a94a-29bb8fd8e96e,3895095,19,1.5833333333333333,4391795444,3895095:34a68da4-a761-418e-a94a-29bb8fd8e96e,1,False
concurrency_n10_20260613_002350_kafka_feed7_rep1,kafka,sb-events-n10-feed7-rep1,1,4261,14990335600,58a678fb-10ef-4114-9bbb-099466db1636,3895086,20,1.6666666666666667,4392489888,3895086:58a678fb-10ef-4114-9bbb-099466db1636,1,False
concurrency_n10_20260613_002350_kafka_feed7_rep1,kafka,sb-events-n10-feed7-rep1,1,4262,14990393800,90ec0daf-d61f-4501-ab28-c24d33c3ac5f,3895060,21,1.75,4393184333,3895060:90ec0daf-d61f-4501-ab28-c24d33c3ac5f,1,False
concurrency_n10_20260613_002350_kafka_feed7_rep1,kafka,sb-events-n10-feed7-rep1,1,4263,14990416200,948f6c30-084e-4ef6-a45d-90557e5552d8,3895060,21,1.75,4393184333,3895060:948f6c30-084e-4ef6-a45d-90557e5552d8,1,False
concurrency_n10_20260613_002350_kafka_feed7_rep1,kafka,sb-events-n10-feed7-rep1,1,4264,14990519600,a4cf9a70-b481-4b49-9ce1-ca29ff7c506e,3895134,21,1.75,4393184333,3895134:a4cf9a70-b481-4b49-9ce1-ca29ff7c506e,1,False
concurrency_n10_20260613_002350_kafka_feed7_rep1,kafka,sb-events-n10-feed7-rep1,1,4265,14990541600,377feb38-fa03-4b29-bb7f-2cfbb3baf194,3895107,21,1.75,4393184333,3895107:377feb38-fa03-4b29-bb7f-2cfbb3baf194,1,False
concurrency_n10_20260613_002350_kafka_feed7_rep1,kafka,sb-events-n10-feed7-rep1,1,4266,14990562100,a5317761-7d6b-4332-832c-56edfbce761f,3895121,21,1.75,4393184333,3895121:a5317761-7d6b-4332-832c-56edfbce761f,1,False
concurrency_n10_20260613_002350_kafka_feed7_rep1,kafka,sb-events-n10-feed7-rep1,1,4267,14990581800,4c5afbe4-b097-4acf-8087-c15c6b876bb2,3895113,21,1.75,4393184333,3895113:4c5afbe4-b097-4acf-8087-c15c6b876bb2,1,False
concurrency_n10_20260613_002350_kafka_feed7_rep1,kafka,sb-events-n10-feed7-rep1,1,4268,14990601500,380b0b2e-41af-476d-bb8d-683c2c4bc624,3895134,22,1.8333333333333333,4393878777,3895134:380b0b2e-41af-476d-bb8d-683c2c4bc624,1,False
concurrency_n10_20260613_002350_kafka_feed7_rep1,kafka,sb-events-n10-feed7-rep1,1,4269,14990622200,064b72e5-2907-4fec-ae0a-2108f5e8524f,3895052,22,1.8333333333333333,4393878777,3895052:064b72e5-2907-4fec-ae0a-2108f5e8524f,1,False
concurrency_n10_20260613_002350_kafka_feed7_rep1,kafka,sb-events-n10-feed7-rep1,1,4270,14990677600,bf131dfc-aa54-477b-aa3a-fe427e0f5a4d,3895052,23,1.9166666666666667,4394573222,3895052:bf131dfc-aa54-477b-aa3a-fe427e0f5a4d,1,False
concurrency_n10_20260613_002350_kafka_feed7_rep1,kafka,sb-events-n10-feed7-rep1,1,4271,14990745700,f436fba2-fe86-4de4-81a8-6f0ade75bb37,3895095,23,1.9166666666666667,4394573222,3895095:f436fba2-fe86-4de4-81a8-6f0ade75bb37,1,False
concurrency_n10_20260613_002350_kafka_feed7_rep1,kafka,sb-events-n10-feed7-rep1,1,4272,14995329600,13f2f67e-ce8a-45c1-91d1-965bd994230e,3895107,23,1.9166666666666667,4394573222,3895107:13f2f67e-ce8a-45c1-91d1-965bd994230e,1,False
concurrency_n10_20260613_002350_kafka_feed7_rep1,kafka,sb-events-n10-feed7-rep1,1,4273,14995438400,30439125-dd53-46d2-95b0-e188be25443c,3895067,24,2.0,4395267666,3895067:30439125-dd53-46d2-95b0-e188be25443c,1,False
concurrency_n10_20260613_002350_kafka_feed7_rep1,kafka,sb-events-n10-feed7-rep1,1,4274,14995472100,11e909cf-1292-4ff6-877b-047271284066,3895060,24,2.0,4395267666,3895060:11e909cf-1292-4ff6-877b-047271284066,1,False
concurrency_n10_20260613_002350_kafka_feed7_rep1,kafka,sb-events-n10-feed7-rep1,1,4275,14995496500,43d00079-b73c-4617-aa1a-2d5d3d54ba34,3895086,24,2.0,4395267666,3895086:43d00079-b73c-4617-aa1a-2d5d3d54ba34,1,False
concurrency_n10_20260613_002350_kafka_feed7_rep1,kafka,sb-events-n10-feed7-rep1,1,4276,14995516100,cf31353b-8f9d-4a5e-9fbe-b74bcc381264,3895121,24,2.0,4395267666,3895121:cf31353b-8f9d-4a5e-9fbe-b74bcc381264,1,False
concurrency_n10_20260613_002350_kafka_feed7_rep1,kafka,sb-events-n10-feed7-rep1,1,4277,14995536500,03f103fa-f1fc-463e-87d9-cd3db62d4291,3895052,25,2.083333333333333,4395962111,3895052:03f103fa-f1fc-463e-87d9-cd3db62d4291,1,False
concurrency_n10_20260613_002350_kafka_feed7_rep1,kafka,sb-events-n10-feed7-rep1,1,4278,14995560800,197edbf9-491f-48e7-b569-16790aa29662,3895107,25,2.083333333333333,4395962111,3895107:197edbf9-491f-48e7-b569-16790aa29662,1,False
concurrency_n10_20260613_002350_kafka_feed7_rep1,kafka,sb-events-n10-feed7-rep1,1,4279,14995582900,8cbf25e7-f76d-430e-b1c7-4b5c77f460f1,3895107,25,2.083333333333333,4395962111,3895107:8cbf25e7-f76d-430e-b1c7-4b5c77f460f1,1,False
concurrency_n10_20260613_002350_kafka_feed7_rep1,kafka,sb-events-n10-feed7-rep1,1,4280,14995604900,1cfdd0b2-0f61-4520-8329-c24d895696b1,3895113,26,2.1666666666666665,4396656555,3895113:1cfdd0b2-0f61-4520-8329-c24d895696b1,1,False
concurrency_n10_20260613_002350_kafka_feed7_rep1,kafka,sb-events-n10-feed7-rep1,1,4281,14995627300,b812268f-ce7d-4b17-9ad2-f38e50908694,3895107,26,2.1666666666666665,4396656555,3895107:b812268f-ce7d-4b17-9ad2-f38e50908694,1,False
concurrency_n10_20260613_002350_kafka_feed7_rep1,kafka,sb-events-n10-feed7-rep1,1,4282,14995652000,984ac2c7-33e7-43ac-8152-f88bdf9bcb40,3895107,26,2.1666666666666665,4396656555,3895107:984ac2c7-33e7-43ac-8152-f88bdf9bcb40,1,False
concurrency_n10_20260613_002350_kafka_feed7_rep1,kafka,sb-events-n10-feed7-rep1,1,4283,14995675800,49b31666-46f5-4aa7-a2b1-869d05a27d90,3895086,27,2.25,4397351000,3895086:49b31666-46f5-4aa7-a2b1-869d05a27d90,1,False
concurrency_n10_20260613_002350_kafka_feed7_rep1,kafka,sb-events-n10-feed7-rep1,1,4284,14995711700,c3ae126d-34d6-421c-813d-3e3179428b05,3895086,27,2.25,4397351000,3895086:c3ae126d-34d6-421c-813d-3e3179428b05,1,False
concurrency_n10_20260613_002350_kafka_feed7_rep1,kafka,sb-events-n10-feed7-rep1,1,4285,14995803500,6a8269d2-5ce9-4921-9502-03ae5b27b8b6,3895113,27,2.25,4397351000,3895113:6a8269d2-5ce9-4921-9502-03ae5b27b8b6,1,False
concurrency_n10_20260613_002350_kafka_feed7_rep1,kafka,sb-events-n10-feed7-rep1,1,4286,14995896200,d0c9136b-fb00-4bfe-bd7f-3b3dbdc6992c,3895107,28,2.333333333333333,4398045444,3895107:d0c9136b-fb00-4bfe-bd7f-3b3dbdc6992c,1,False
concurrency_n10_20260613_002350_kafka_feed7_rep1,kafka,sb-events-n10-feed7-rep1,1,4287,14995916800,9279e24a-1872-4df5-9f01-bb6acffcaaf3,3895107,28,2.333333333333333,4398045444,3895107:9279e24a-1872-4df5-9f01-bb6acffcaaf3,1,False
concurrency_n10_20260613_002350_kafka_feed7_rep1,kafka,sb-events-n10-feed7-rep1,1,4288,14995936200,79692146-523d-48d7-bb97-a2bfe9215a4c,3895107,28,2.333333333333333,4398045444,3895107:79692146-523d-48d7-bb97-a2bfe9215a4c,1,False
concurrency_n10_20260613_002350_kafka_feed7_rep1,kafka,sb-events-n10-feed7-rep1,1,4289,14995954700,dcdc9caf-542f-4fed-b166-7702a8293952,3895086,29,2.4166666666666665,4398739888,3895086:dcdc9caf-542f-4fed-b166-7702a8293952,1,False
concurrency_n10_20260613_002350_kafka_feed7_rep1,kafka,sb-events-n10-feed7-rep1,1,4290,14995981800,aa1a96f4-8527-46a3-acd2-83312ccc9a0e,3895095,29,2.4166666666666665,4398739888,3895095:aa1a96f4-8527-46a3-acd2-83312ccc9a0e,1,False
concurrency_n10_20260613_002350_kafka_feed7_rep1,kafka,sb-events-n10-feed7-rep1,1,4291,14996006700,914c3940-48b4-4246-bd08-2b34e8349649,3895052,29,2.4166666666666665,4398739888,3895052:914c3940-48b4-4246-bd08-2b34e8349649,1,False
concurrency_n10_20260613_002350_kafka_feed7_rep1,kafka,sb-events-n10-feed7-rep1,1,4292,14996028900,15787cdd-9935-4bff-b68c-760a497af7cc,3895107,29,2.4166666666666665,4398739888,3895107:15787cdd-9935-4bff-b68c-760a497af7cc,1,False
concurrency_n10_20260613_002350_kafka_feed7_rep1,kafka,sb-events-n10-feed7-rep1,1,4293,14996052400,71b87a61-6e42-47b4-b6be-ca855a10d871,3895074,30,2.5,4399434333,3895074:71b87a61-6e42-47b4-b6be-ca855a10d871,1,False
concurrency_n10_20260613_002350_kafka_feed7_rep1,kafka,sb-events-n10-feed7-rep1,1,4294,14996074700,627a9ff5-4a44-4ca1-a183-ed241303d231,3895074,30,2.5,4399434333,3895074:627a9ff5-4a44-4ca1-a183-ed241303d231,1,False
concurrency_n10_20260613_002350_kafka_feed7_rep1,kafka,sb-events-n10-feed7-rep1,1,4295,14996095900,b1ebe5e7-8980-4421-b068-c1b1a36c650d,3895134,30,2.5,4399434333,3895134:b1ebe5e7-8980-4421-b068-c1b1a36c650d,1,False
concurrency_n10_20260613_002350_kafka_feed7_rep1,kafka,sb-events-n10-feed7-rep1,1,4296,14996117100,296e5f1d-e535-4774-b97f-5a38164d4b8f,3895095,30,2.5,4399434333,3895095:296e5f1d-e535-4774-b97f-5a38164d4b8f,1,False
concurrency_n10_20260613_002350_kafka_feed7_rep1,kafka,sb-events-n10-feed7-rep1,1,4297,14996137800,f7644a7f-0ac8-482f-9ec0-f722e6b7f072,3895086,31,2.583333333333333,4400128777,3895086:f7644a7f-0ac8-482f-9ec0-f722e6b7f072,1,False
concurrency_n10_20260613_002350_kafka_feed7_rep1,kafka,sb-events-n10-feed7-rep1,1,4298,14996159000,10ccacd2-12e9-4f5f-907e-988c1c25c90e,3895086,31,2.583333333333333,4400128777,3895086:10ccacd2-12e9-4f5f-907e-988c1c25c90e,1,False
concurrency_n10_20260613_002350_kafka_feed7_rep1,kafka,sb-events-n10-feed7-rep1,1,4299,14996180500,2122e986-fc97-4fb7-82e7-52bbebd90352,3895095,31,2.583333333333333,4400128777,3895095:2122e986-fc97-4fb7-82e7-52bbebd90352,1,False
concurrency_n10_20260613_002350_kafka_feed7_rep1,kafka,sb-events-n10-feed7-rep1,1,4300,14996357900,7ec1b841-0000-48ef-8b63-277239da3299,3895067,32,2.6666666666666665,4400823222,3895067:7ec1b841-0000-48ef-8b63-277239da3299,1,False
concurrency_n10_20260613_002350_kafka_feed7_rep1,kafka,sb-events-n10-feed7-rep1,1,4301,14996394000,2c6c5867-a9c6-45c0-b53b-8f50c49f7e92,3895113,32,2.6666666666666665,4400823222,3895113:2c6c5867-a9c6-45c0-b53b-8f50c49f7e92,1,False
concurrency_n10_20260613_002350_kafka_feed7_rep1,kafka,sb-events-n10-feed7-rep1,1,4302,14996417500,bab99ff3-3588-4401-a890-bdf6608b9a48,3895107,32,2.6666666666666665,4400823222,3895107:bab99ff3-3588-4401-a890-bdf6608b9a48,1,False
concurrency_n10_20260613_002350_kafka_feed7_rep1,kafka,sb-events-n10-feed7-rep1,1,4303,14996514800,c1ae8433-3128-4a28-aae7-22525204f668,3895067,33,2.75,4401517666,3895067:c1ae8433-3128-4a28-aae7-22525204f668,1,False
concurrency_n10_20260613_002350_kafka_feed7_rep1,kafka,sb-events-n10-feed7-rep1,1,4304,14996537700,a5ee5014-88eb-46e6-994c-e1ba365efbb1,3895121,33,2.75,4401517666,3895121:a5ee5014-88eb-46e6-994c-e1ba365efbb1,1,False
concurrency_n10_20260613_002350_kafka_feed7_rep1,kafka,sb-events-n10-feed7-rep1,1,4305,14996558300,02c211e4-b3bf-4022-be9f-fc5e3d0f59b6,3895086,33,2.75,4401517666,3895086:02c211e4-b3bf-4022-be9f-fc5e3d0f59b6,1,False
concurrency_n10_20260613_002350_kafka_feed7_rep1,kafka,sb-events-n10-feed7-rep1,1,4306,14996577000,5452081a-96f0-4852-86c5-8e0190c4ce6c,3895107,33,2.75,4401517666,3895107:5452081a-96f0-4852-86c5-8e0190c4ce6c,1,False
concurrency_n10_20260613_002350_kafka_feed7_rep1,kafka,sb-events-n10-feed7-rep1,1,4307,14996594700,db85ec6b-1a44-4182-96fb-36516fe277aa,3895107,33,2.75,4401517666,3895107:db85ec6b-1a44-4182-96fb-36516fe277aa,1,False
concurrency_n10_20260613_002350_kafka_feed7_rep1,kafka,sb-events-n10-feed7-rep1,1,4308,14996612500,92c1b7bb-eaee-47f1-bb28-3688ba247c98,3895060,34,2.833333333333333,4402212111,3895060:92c1b7bb-eaee-47f1-bb28-3688ba247c98,1,False
concurrency_n10_20260613_002350_kafka_feed7_rep1,kafka,sb-events-n10-feed7-rep1,1,4309,14996631200,3d40db80-19ae-4784-9115-8a64c8382f1f,3895074,34,2.833333333333333,4402212111,3895074:3d40db80-19ae-4784-9115-8a64c8382f1f,1,False
concurrency_n10_20260613_002350_kafka_feed7_rep1,kafka,sb-events-n10-feed7-rep1,1,4310,14996648300,db104f0b-4bee-4708-8598-d5233acbfd34,3895107,34,2.833333333333333,4402212111,3895107:db104f0b-4bee-4708-8598-d5233acbfd34,1,False
concurrency_n10_20260613_002350_kafka_feed7_rep1,kafka,sb-events-n10-feed7-rep1,0,4158,15323360500,d8bafa86-623c-428c-b507-6da8d83df984,3895060,35,2.9166666666666665,4402906555,3895060:d8bafa86-623c-428c-b507-6da8d83df984,1,False
concurrency_n10_20260613_002350_kafka_feed7_rep1,kafka,sb-events-n10-feed7-rep1,0,4159,15323539000,38e6d097-a9de-49da-b6cf-d57ea1fbdfa9,3895121,35,2.9166666666666665,4402906555,3895121:38e6d097-a9de-49da-b6cf-d57ea1fbdfa9,1,False
concurrency_n10_20260613_002350_kafka_feed7_rep1,kafka,sb-events-n10-feed7-rep1,0,4160,15323561600,90d289d6-4046-4fdb-9ea5-387717cb297d,3895113,35,2.9166666666666665,4402906555,3895113:90d289d6-4046-4fdb-9ea5-387717cb297d,1,False
concurrency_n10_20260613_002350_kafka_feed7_rep1,kafka,sb-events-n10-feed7-rep1,0,4161,15323585300,42c600fd-1ba8-4635-888b-d1c43e4642ca,3895121,36,3.0,4403601000,3895121:42c600fd-1ba8-4635-888b-d1c43e4642ca,1,False
concurrency_n10_20260613_002350_kafka_feed7_rep1,kafka,sb-events-n10-feed7-rep1,0,4162,15323607400,c375c660-a042-4e1d-9377-a3d8e9137b77,3895113,36,3.0,4403601000,3895113:c375c660-a042-4e1d-9377-a3d8e9137b77,1,False
concurrency_n10_20260613_002350_kafka_feed7_rep1,kafka,sb-events-n10-feed7-rep1,0,4163,15323630000,06029eea-1721-442f-b067-5ea6dc7b0631,3895074,37,3.083333333333333,4404295444,3895074:06029eea-1721-442f-b067-5ea6dc7b0631,1,False
concurrency_n10_20260613_002350_kafka_feed7_rep1,kafka,sb-events-n10-feed7-rep1,0,4164,15323654400,acb76887-5356-44c9-bc8e-16b40dea5fdd,3895113,37,3.083333333333333,4404295444,3895113:acb76887-5356-44c9-bc8e-16b40dea5fdd,1,False
concurrency_n10_20260613_002350_kafka_feed7_rep1,kafka,sb-events-n10-feed7-rep1,0,4165,15323677900,26deaac5-4c1c-429d-bc3b-a714e513cc0c,3895060,38,3.1666666666666665,4404989888,3895060:26deaac5-4c1c-429d-bc3b-a714e513cc0c,1,False
concurrency_n10_20260613_002350_kafka_feed7_rep1,kafka,sb-events-n10-feed7-rep1,0,4166,15323701400,5647da51-88db-4e25-a864-8610b7aaea93,3895067,38,3.1666666666666665,4404989888,3895067:5647da51-88db-4e25-a864-8610b7aaea93,1,False
concurrency_n10_20260613_002350_kafka_feed7_rep1,kafka,sb-events-n10-feed7-rep1,0,4167,15323723300,12a36da3-d1f7-4490-a4f8-f4be3907a880,3895067,38,3.1666666666666665,4404989888,3895067:12a36da3-d1f7-4490-a4f8-f4be3907a880,1,False
concurrency_n10_20260613_002350_kafka_feed7_rep1,kafka,sb-events-n10-feed7-rep1,0,4168,15323745100,bb7d9289-4044-46d8-8558-4f23cc40f18b,3895095,38,3.1666666666666665,4404989888,3895095:bb7d9289-4044-46d8-8558-4f23cc40f18b,1,False
concurrency_n10_20260613_002350_kafka_feed7_rep1,kafka,sb-events-n10-feed7-rep1,0,4169,15323766000,191352f4-b6b1-4676-bb29-03561c51730b,3895107,38,3.1666666666666665,4404989888,3895107:191352f4-b6b1-4676-bb29-03561c51730b,1,False
concurrency_n10_20260613_002350_kafka_feed7_rep1,kafka,sb-events-n10-feed7-rep1,0,4170,15323787000,cea8c7fe-1b2f-4beb-9b6b-0c11f999b909,3895060,39,3.25,4405684333,3895060:cea8c7fe-1b2f-4beb-9b6b-0c11f999b909,1,False
concurrency_n10_20260613_002350_kafka_feed7_rep1,kafka,sb-events-n10-feed7-rep1,0,4171,15323806500,22e32209-bb97-4c30-9b3b-beee02261e71,3895074,40,3.333333333333333,4406378777,3895074:22e32209-bb97-4c30-9b3b-beee02261e71,1,False
concurrency_n10_20260613_002350_kafka_feed7_rep1,kafka,sb-events-n10-feed7-rep1,0,4172,15323825500,75b3f799-6706-436e-bad8-445ccd64f4e2,3895095,40,3.333333333333333,4406378777,3895095:75b3f799-6706-436e-bad8-445ccd64f4e2,1,False
concurrency_n10_20260613_002350_kafka_feed7_rep1,kafka,sb-events-n10-feed7-rep1,0,4173,15323845000,846dfbba-d9ca-4a4e-9f80-b12670b4085e,3895067,41,3.4166666666666665,4407073222,3895067:846dfbba-d9ca-4a4e-9f80-b12670b4085e,1,False
concurrency_n10_20260613_002350_kafka_feed7_rep1,kafka,sb-events-n10-feed7-rep1,0,4174,15323865700,932cd718-07b8-4f43-843a-040ea138a086,3895095,41,3.4166666666666665,4407073222,3895095:932cd718-07b8-4f43-843a-040ea138a086,1,False
concurrency_n10_20260613_002350_kafka_feed7_rep1,kafka,sb-events-n10-feed7-rep1,0,4175,15323885900,92b772f2-c273-4ec4-a7e2-3d09c1452965,3895107,41,3.4166666666666665,4407073222,3895107:92b772f2-c273-4ec4-a7e2-3d09c1452965,1,False
concurrency_n10_20260613_002350_kafka_feed7_rep1,kafka,sb-events-n10-feed7-rep1,0,4176,15323906000,e04b6836-a1e8-4472-b5ef-4f602b2c983e,3895067,42,3.5,4407767666,3895067:e04b6836-a1e8-4472-b5ef-4f602b2c983e,1,False
concurrency_n10_20260613_002350_kafka_feed7_rep1,kafka,sb-events-n10-feed7-rep1,0,4177,15323926400,468623e8-7e76-4b78-b553-f607b9fb4b07,3895067,42,3.5,4407767666,3895067:468623e8-7e76-4b78-b553-f607b9fb4b07,1,False
concurrency_n10_20260613_002350_kafka_feed7_rep1,kafka,sb-events-n10-feed7-rep1,0,4178,15323945500,747510a6-98ed-4a69-9400-5617988abdfa,3895060,42,3.5,4407767666,3895060:747510a6-98ed-4a69-9400-5617988abdfa,1,False
concurrency_n10_20260613_002350_kafka_feed7_rep1,kafka,sb-events-n10-feed7-rep1,0,4179,15323965600,244fd2c8-b53e-4e9e-8f15-a3d4fc996e95,3895060,42,3.5,4407767666,3895060:244fd2c8-b53e-4e9e-8f15-a3d4fc996e95,1,False
concurrency_n10_20260613_002350_kafka_feed7_rep1,kafka,sb-events-n10-feed7-rep1,0,4180,15323987100,4bbe9045-17fc-4dd4-b422-1b2c0b7f7c2d,3895086,42,3.5,4407767666,3895086:4bbe9045-17fc-4dd4-b422-1b2c0b7f7c2d,1,False
concurrency_n10_20260613_002350_kafka_feed7_rep1,kafka,sb-events-n10-feed7-rep1,0,4181,15324009200,bf7dd8ff-3505-484f-b34a-1cfbd05f5203,3895086,43,3.583333333333333,4408462111,3895086:bf7dd8ff-3505-484f-b34a-1cfbd05f5203,1,False
concurrency_n10_20260613_002350_kafka_feed7_rep1,kafka,sb-events-n10-feed7-rep1,0,4182,15324032300,4334c761-3d76-4734-89ce-0d25fd4d1d5c,3895067,44,3.6666666666666665,4409156555,3895067:4334c761-3d76-4734-89ce-0d25fd4d1d5c,1,False
concurrency_n10_20260613_002350_kafka_feed7_rep1,kafka,sb-events-n10-feed7-rep1,0,4183,15324102900,de2f5dd9-8866-4731-8ba6-b62075693025,3895067,44,3.6666666666666665,4409156555,3895067:de2f5dd9-8866-4731-8ba6-b62075693025,1,False
concurrency_n10_20260613_002350_kafka_feed7_rep1,kafka,sb-events-n10-feed7-rep1,0,4184,15324131800,e7838e3a-3874-4ca3-b660-ea74ef2c384d,3895060,45,3.75,4409851000,3895060:e7838e3a-3874-4ca3-b660-ea74ef2c384d,1,False
concurrency_n10_20260613_002350_kafka_feed7_rep1,kafka,sb-events-n10-feed7-rep1,0,4185,15324155500,959b2e5b-016f-4594-9d72-537819b03bd8,3895086,45,3.75,4409851000,3895086:959b2e5b-016f-4594-9d72-537819b03bd8,1,False
concurrency_n10_20260613_002350_kafka_feed7_rep1,kafka,sb-events-n10-feed7-rep1,0,4186,15324177300,84b5ba76-8141-4875-82aa-039802b7b1e9,3895113,45,3.75,4409851000,3895113:84b5ba76-8141-4875-82aa-039802b7b1e9,1,False
concurrency_n10_20260613_002350_kafka_feed7_rep1,kafka,sb-events-n10-feed7-rep1,0,4187,15324197200,89e0e216-29e0-4bad-b415-358338ffc09f,3895121,46,3.8333333333333335,4410545444,3895121:89e0e216-29e0-4bad-b415-358338ffc09f,1,False
concurrency_n10_20260613_002350_kafka_feed7_rep1,kafka,sb-events-n10-feed7-rep1,0,4188,15324219200,fdc51a4b-28c8-4fce-84e7-171fe7b1d4b6,3895052,47,3.9166666666666665,4411239888,3895052:fdc51a4b-28c8-4fce-84e7-171fe7b1d4b6,1,False
concurrency_n10_20260613_002350_kafka_feed7_rep1,kafka,sb-events-n10-feed7-rep1,0,4189,15324239300,5f268cd7-74fc-4aea-9caa-8cdf9d717648,3895067,48,4.0,4411934333,3895067:5f268cd7-74fc-4aea-9caa-8cdf9d717648,1,False
concurrency_n10_20260613_002350_kafka_feed7_rep1,kafka,sb-events-n10-feed7-rep1,0,4190,15324260000,96bd8297-91b0-47fc-a7b2-2c433ec2e694,3895052,48,4.0,4411934333,3895052:96bd8297-91b0-47fc-a7b2-2c433ec2e694,1,False
concurrency_n10_20260613_002350_kafka_feed7_rep1,kafka,sb-events-n10-feed7-rep1,0,4191,15324281600,fd3aeff8-4268-476c-9189-7980aa44e693,3895107,50,4.166666666666667,4413323222,3895107:fd3aeff8-4268-476c-9189-7980aa44e693,1,False
concurrency_n10_20260613_002350_kafka_feed7_rep1,kafka,sb-events-n10-feed7-rep1,0,4192,15324388500,671975c8-652d-4d37-a960-34ea283e6839,3895067,51,4.25,4414017666,3895067:671975c8-652d-4d37-a960-34ea283e6839,1,False
concurrency_n10_20260613_002350_kafka_feed7_rep1,kafka,sb-events-n10-feed7-rep1,0,4193,15324415600,cbe82ece-02bd-4fb5-9e40-ca8251b72ec7,3895086,51,4.25,4414017666,3895086:cbe82ece-02bd-4fb5-9e40-ca8251b72ec7,1,False
concurrency_n10_20260613_002350_kafka_feed7_rep1,kafka,sb-events-n10-feed7-rep1,0,4194,15324438200,b6598ae5-294f-495f-8871-3ed5da30a210,3895067,52,4.333333333333333,4414712111,3895067:b6598ae5-294f-495f-8871-3ed5da30a210,1,False
concurrency_n10_20260613_002350_kafka_feed7_rep1,kafka,sb-events-n10-feed7-rep1,0,4195,15324460600,6258c422-389a-4b00-9a65-a893eb7f7fbd,3895067,52,4.333333333333333,4414712111,3895067:6258c422-389a-4b00-9a65-a893eb7f7fbd,1,False
concurrency_n10_20260613_002350_kafka_feed7_rep1,kafka,sb-events-n10-feed7-rep1,2,4171,15792054800,69bb4fa7-f177-49a8-9b19-7c01cd9d9a9c,3895052,0,0.0,4378601000,3895052:69bb4fa7-f177-49a8-9b19-7c01cd9d9a9c,1,False
concurrency_n10_20260613_002350_kafka_feed7_rep1,kafka,sb-events-n10-feed7-rep1,2,4172,15792102800,664c81bb-315d-4de4-86d5-f326eebf0684,3895074,0,0.0,4378601000,3895074:664c81bb-315d-4de4-86d5-f326eebf0684,1,False
concurrency_n10_20260613_002350_kafka_feed7_rep1,kafka,sb-events-n10-feed7-rep1,2,4173,15792124500,9103cd62-6a36-40c6-9f80-ab1f6d258133,3895095,0,0.0,4378601000,3895095:9103cd62-6a36-40c6-9f80-ab1f6d258133,1,False
concurrency_n10_20260613_002350_kafka_feed7_rep1,kafka,sb-events-n10-feed7-rep1,2,4174,15792144600,d593adb3-8980-46f6-b384-4a91f4ec01ba,3895067,0,0.0,4378601000,3895067:d593adb3-8980-46f6-b384-4a91f4ec01ba,1,False
concurrency_n10_20260613_002350_kafka_feed7_rep1,kafka,sb-events-n10-feed7-rep1,2,4175,15792164100,73376ffb-3f9f-4570-9b3e-c51d44315ef3,3895095,0,0.0,4378601000,3895095:73376ffb-3f9f-4570-9b3e-c51d44315ef3,1,False
concurrency_n10_20260613_002350_kafka_feed7_rep1,kafka,sb-events-n10-feed7-rep1,2,4176,15792183500,8b3af8ba-e26c-40b0-8278-c3e4c7a925f8,3895086,0,0.0,4378601000,3895086:8b3af8ba-e26c-40b0-8278-c3e4c7a925f8,1,False
concurrency_n10_20260613_002350_kafka_feed7_rep1,kafka,sb-events-n10-feed7-rep1,2,4177,15792201500,52a1e2ea-5b27-4cb1-9204-865583191956,3895095,0,0.0,4378601000,3895095:52a1e2ea-5b27-4cb1-9204-865583191956,1,False
concurrency_n10_20260613_002350_kafka_feed7_rep1,kafka,sb-events-n10-feed7-rep1,2,4178,15792219800,6d6ab3f4-8136-407c-a92f-3f8a6549abdd,3895113,0,0.0,4378601000,3895113:6d6ab3f4-8136-407c-a92f-3f8a6549abdd,1,False
concurrency_n10_20260613_002350_kafka_feed7_rep1,kafka,sb-events-n10-feed7-rep1,2,4179,15792260300,a281da9d-e3f4-43f1-ac2e-f46bbd04fed0,3895134,0,0.0,4378601000,3895134:a281da9d-e3f4-43f1-ac2e-f46bbd04fed0,1,False
concurrency_n10_20260613_002350_kafka_feed7_rep1,kafka,sb-events-n10-feed7-rep1,2,4180,15792348900,ba22283a-c920-448c-804e-3737cccd9fff,3895052,0,0.0,4378601000,3895052:ba22283a-c920-448c-804e-3737cccd9fff,1,False
concurrency_n10_20260613_002350_kafka_feed7_rep1,kafka,sb-events-n10-feed7-rep1,2,4181,15792373200,3b3a42a2-e2a1-49f8-9b77-5ec638303a06,3895060,0,0.0,4378601000,3895060:3b3a42a2-e2a1-49f8-9b77-5ec638303a06,1,False
concurrency_n10_20260613_002350_kafka_feed7_rep1,kafka,sb-events-n10-feed7-rep1,2,4182,15792394000,b795eae8-ba56-4343-8662-92a8da669bc5,3895086,0,0.0,4378601000,3895086:b795eae8-ba56-4343-8662-92a8da669bc5,1,False
concurrency_n10_20260613_002350_kafka_feed7_rep1,kafka,sb-events-n10-feed7-rep1,2,4183,15792414200,a7102458-910f-4583-b653-e3165351e124,3895095,0,0.0,4378601000,3895095:a7102458-910f-4583-b653-e3165351e124,1,False
concurrency_n10_20260613_002350_kafka_feed7_rep1,kafka,sb-events-n10-feed7-rep1,2,4184,15792434000,16252ec8-ab09-4119-bcf6-7fd6524f9128,3895074,0,0.0,4378601000,3895074:16252ec8-ab09-4119-bcf6-7fd6524f9128,1,False
concurrency_n10_20260613_002350_kafka_feed7_rep1,kafka,sb-events-n10-feed7-rep1,2,4185,15792453600,4a13ba2d-59ad-43d3-b567-6aee81422367,3895095,0,0.0,4378601000,3895095:4a13ba2d-59ad-43d3-b567-6aee81422367,1,False
concurrency_n10_20260613_002350_kafka_feed7_rep1,kafka,sb-events-n10-feed7-rep1,2,4186,15792473300,1cdd596e-bf1f-4096-848a-a2a5db4fd313,3895121,0,0.0,4378601000,3895121:1cdd596e-bf1f-4096-848a-a2a5db4fd313,1,False
concurrency_n10_20260613_002350_kafka_feed7_rep1,kafka,sb-events-n10-feed7-rep1,2,4187,15792560200,17c0df03-219a-4603-befe-8cd2f58d6d47,3895052,1,0.0833333333333333,4379295444,3895052:17c0df03-219a-4603-befe-8cd2f58d6d47,1,False
concurrency_n10_20260613_002350_kafka_feed7_rep1,kafka,sb-events-n10-feed7-rep1,2,4188,15792583800,b306ec30-5755-4017-861a-670617955a41,3895074,1,0.0833333333333333,4379295444,3895074:b306ec30-5755-4017-861a-670617955a41,1,False
concurrency_n10_20260613_002350_kafka_feed7_rep1,kafka,sb-events-n10-feed7-rep1,2,4189,15792605300,2b7eff06-8d56-4f2c-bab1-076d4077ed10,3895074,1,0.0833333333333333,4379295444,3895074:2b7eff06-8d56-4f2c-bab1-076d4077ed10,1,False
concurrency_n10_20260613_002350_kafka_feed7_rep1,kafka,sb-events-n10-feed7-rep1,2,4190,15792626800,f69d0d63-6ad0-41ea-bcec-f1b86b886a83,3895095,2,0.1666666666666666,4379989888,3895095:f69d0d63-6ad0-41ea-bcec-f1b86b886a83,1,False
concurrency_n10_20260613_002350_kafka_feed7_rep1,kafka,sb-events-n10-feed7-rep1,2,4191,15792647200,50dad646-a7c1-450b-8a63-2e2fd90b3cd1,3895134,2,0.1666666666666666,4379989888,3895134:50dad646-a7c1-450b-8a63-2e2fd90b3cd1,1,False
concurrency_n10_20260613_002350_kafka_feed7_rep1,kafka,sb-events-n10-feed7-rep1,2,4192,15792668600,70432a35-52ff-429b-8a11-c47bba8fab19,3895060,2,0.1666666666666666,4379989888,3895060:70432a35-52ff-429b-8a11-c47bba8fab19,1,False
concurrency_n10_20260613_002350_kafka_feed7_rep1,kafka,sb-events-n10-feed7-rep1,2,4193,15792688700,55321383-ae1f-407e-8f20-2524fd16d04a,3895086,2,0.1666666666666666,4379989888,3895086:55321383-ae1f-407e-8f20-2524fd16d04a,1,False
concurrency_n10_20260613_002350_kafka_feed7_rep1,kafka,sb-events-n10-feed7-rep1,2,4194,15792708600,285e8e4a-7c84-4ca1-9688-d8b56d623cc2,3895095,2,0.1666666666666666,4379989888,3895095:285e8e4a-7c84-4ca1-9688-d8b56d623cc2,1,False
concurrency_n10_20260613_002350_kafka_feed7_rep1,kafka,sb-events-n10-feed7-rep1,2,4195,15792751400,d6b118e9-dee4-4f3a-9046-2a086e85ca6b,3895074,2,0.1666666666666666,4379989888,3895074:d6b118e9-dee4-4f3a-9046-2a086e85ca6b,1,False
concurrency_n10_20260613_002350_kafka_feed7_rep1,kafka,sb-events-n10-feed7-rep1,2,4196,15792773800,6acfcb07-7343-4821-aa28-a91f66140043,3895134,2,0.1666666666666666,4379989888,3895134:6acfcb07-7343-4821-aa28-a91f66140043,1,False
concurrency_n10_20260613_002350_kafka_feed7_rep1,kafka,sb-events-n10-feed7-rep1,2,4197,15792794100,080124d4-8c99-46a5-aaf3-9a935ccd1248,3895107,2,0.1666666666666666,4379989888,3895107:080124d4-8c99-46a5-aaf3-9a935ccd1248,1,False
concurrency_n10_20260613_002350_kafka_feed7_rep1,kafka,sb-events-n10-feed7-rep1,2,4198,15792814900,e5f7cd6e-b6e9-4538-96f5-380ee1534325,3895107,2,0.1666666666666666,4379989888,3895107:e5f7cd6e-b6e9-4538-96f5-380ee1534325,1,False
concurrency_n10_20260613_002350_kafka_feed7_rep1,kafka,sb-events-n10-feed7-rep1,2,4199,15792835400,c5fa6ce0-df8d-42a2-8bdd-601d167d5ec1,3895121,3,0.25,4380684333,3895121:c5fa6ce0-df8d-42a2-8bdd-601d167d5ec1,1,False
concurrency_n10_20260613_002350_kafka_feed7_rep1,kafka,sb-events-n10-feed7-rep1,2,4200,15792855700,c5dd24ba-9256-48e3-b852-121bc71914e3,3895107,3,0.25,4380684333,3895107:c5dd24ba-9256-48e3-b852-121bc71914e3,1,False
concurrency_n10_20260613_002350_kafka_feed7_rep1,kafka,sb-events-n10-feed7-rep1,2,4201,15792876000,c744951c-c660-4c83-8083-049bf85c8cbd,3895060,6,0.5,4382767666,3895060:c744951c-c660-4c83-8083-049bf85c8cbd,1,False
concurrency_n10_20260613_002350_kafka_feed7_rep1,kafka,sb-events-n10-feed7-rep1,2,4202,15792895600,39ec53e3-9bd4-4411-814d-6e1ede254aac,3895086,6,0.5,4382767666,3895086:39ec53e3-9bd4-4411-814d-6e1ede254aac,1,False
concurrency_n10_20260613_002350_kafka_feed7_rep1,kafka,sb-events-n10-feed7-rep1,2,4203,15792915100,39fe9846-f889-4790-956c-d8df633e77d5,3895074,7,0.5833333333333334,4383462111,3895074:39fe9846-f889-4790-956c-d8df633e77d5,1,False
concurrency_n10_20260613_002350_kafka_feed7_rep1,kafka,sb-events-n10-feed7-rep1,2,4204,15792935700,ff2841c0-d955-494b-a7a9-ac8bbb82ad73,3895113,7,0.5833333333333334,4383462111,3895113:ff2841c0-d955-494b-a7a9-ac8bbb82ad73,1,False
concurrency_n10_20260613_002350_kafka_feed7_rep1,kafka,sb-events-n10-feed7-rep1,2,4205,15792955900,5af66cb7-f6a6-47cb-a57d-696dcdbe6716,3895113,7,0.5833333333333334,4383462111,3895113:5af66cb7-f6a6-47cb-a57d-696dcdbe6716,1,False
concurrency_n10_20260613_002350_kafka_feed7_rep1,kafka,sb-events-n10-feed7-rep1,2,4206,15792975800,e8aa6b61-931b-4bf8-b329-cb66ffbd4313,3895074,7,0.5833333333333334,4383462111,3895074:e8aa6b61-931b-4bf8-b329-cb66ffbd4313,1,False
concurrency_n10_20260613_002350_kafka_feed7_rep1,kafka,sb-events-n10-feed7-rep1,2,4207,15792995500,320e0bbb-8e37-429c-aa29-d58d9ae85075,3895067,8,0.6666666666666666,4384156555,3895067:320e0bbb-8e37-429c-aa29-d58d9ae85075,1,False
concurrency_n10_20260613_002350_kafka_feed7_rep1,kafka,sb-events-n10-feed7-rep1,2,4208,15793015200,1d75ee1b-f1e8-43ab-a31d-cc0805acd5e2,3895052,8,0.6666666666666666,4384156555,3895052:1d75ee1b-f1e8-43ab-a31d-cc0805acd5e2,1,False
concurrency_n10_20260613_002350_kafka_feed7_rep1,kafka,sb-events-n10-feed7-rep1,2,4209,15793035400,9d075ad4-9f9f-4e6f-a093-5919a1a920b3,3895074,9,0.75,4384851000,3895074:9d075ad4-9f9f-4e6f-a093-5919a1a920b3,1,False
concurrency_n10_20260613_002350_kafka_feed7_rep1,kafka,sb-events-n10-feed7-rep1,2,4210,15793055600,0427f1ec-ddae-4698-ab55-cc0403e01b74,3895095,9,0.75,4384851000,3895095:0427f1ec-ddae-4698-ab55-cc0403e01b74,1,False
concurrency_n10_20260613_002350_kafka_feed7_rep1,kafka,sb-events-n10-feed7-rep1,2,4211,15793076200,31528025-7c8a-4a3c-abf4-a6b496204f3f,3895074,9,0.75,4384851000,3895074:31528025-7c8a-4a3c-abf4-a6b496204f3f,1,False
concurrency_n10_20260613_002350_kafka_feed7_rep1,kafka,sb-events-n10-feed7-rep1,2,4212,15793096200,7aa7a387-f694-48d3-9239-56af7324dae2,3895060,10,0.8333333333333334,4385545444,3895060:7aa7a387-f694-48d3-9239-56af7324dae2,1,False
concurrency_n10_20260613_002350_kafka_feed7_rep1,kafka,sb-events-n10-feed7-rep1,2,4213,15793116500,2fdcfc97-4f53-46be-ae4a-a5b67c508cf9,3895121,10,0.8333333333333334,4385545444,3895121:2fdcfc97-4f53-46be-ae4a-a5b67c508cf9,1,False
concurrency_n10_20260613_002350_kafka_feed7_rep1,kafka,sb-events-n10-feed7-rep1,2,4214,15793136900,d5a131da-001e-451d-94a2-16c8fddf1ae0,3895086,11,0.9166666666666666,4386239888,3895086:d5a131da-001e-451d-94a2-16c8fddf1ae0,1,False
concurrency_n10_20260613_002350_kafka_feed7_rep1,kafka,sb-events-n10-feed7-rep1,2,4215,15793157000,177cc6d8-cc4d-4509-9a20-021f81a25de5,3895134,11,0.9166666666666666,4386239888,3895134:177cc6d8-cc4d-4509-9a20-021f81a25de5,1,False
concurrency_n10_20260613_002350_kafka_feed7_rep1,kafka,sb-events-n10-feed7-rep1,2,4216,15793176900,429856a9-3da6-4b26-b2c7-bffd25ab0c19,3895113,11,0.9166666666666666,4386239888,3895113:429856a9-3da6-4b26-b2c7-bffd25ab0c19,1,False
concurrency_n10_20260613_002350_kafka_feed7_rep1,kafka,sb-events-n10-feed7-rep1,2,4217,15793197300,1e2eb1e6-7441-4fcb-b532-b7e4ff107657,3895086,12,1.0,4386934333,3895086:1e2eb1e6-7441-4fcb-b532-b7e4ff107657,1,False
concurrency_n10_20260613_002350_kafka_feed7_rep1,kafka,sb-events-n10-feed7-rep1,2,4218,15793217800,316981db-6e7f-44a0-999e-b56d5da36fd6,3895060,12,1.0,4386934333,3895060:316981db-6e7f-44a0-999e-b56d5da36fd6,1,False
concurrency_n10_20260613_002350_kafka_feed7_rep1,kafka,sb-events-n10-feed7-rep1,2,4219,15793237800,817e0fb2-07b1-470b-9ad7-0bba4767e247,3895095,12,1.0,4386934333,3895095:817e0fb2-07b1-470b-9ad7-0bba4767e247,1,False
concurrency_n10_20260613_002350_kafka_feed7_rep1,kafka,sb-events-n10-feed7-rep1,2,4220,15793257500,5bdb34eb-55f0-4afa-b200-3172dc49c743,3895121,12,1.0,4386934333,3895121:5bdb34eb-55f0-4afa-b200-3172dc49c743,1,False
concurrency_n10_20260613_002350_kafka_feed7_rep1,kafka,sb-events-n10-feed7-rep1,2,4221,15793277100,01867a27-4aa7-42ac-ab96-6d7f49d8dcb8,3895134,12,1.0,4386934333,3895134:01867a27-4aa7-42ac-ab96-6d7f49d8dcb8,1,False
concurrency_n10_20260613_002350_kafka_feed7_rep1,kafka,sb-events-n10-feed7-rep1,2,4222,15793296400,51fb02b5-26e7-43ac-8165-4ca01a5c46d6,3895113,12,1.0,4386934333,3895113:51fb02b5-26e7-43ac-8165-4ca01a5c46d6,1,False
concurrency_n10_20260613_002350_kafka_feed7_rep1,kafka,sb-events-n10-feed7-rep1,2,4223,15793316100,50fa5c47-ce69-41d3-bf4a-29b4f86d02fd,3895052,13,1.0833333333333333,4387628777,3895052:50fa5c47-ce69-41d3-bf4a-29b4f86d02fd,1,False
concurrency_n10_20260613_002350_kafka_feed7_rep1,kafka,sb-events-n10-feed7-rep1,2,4224,15793336300,e295f3e0-e0cc-4adc-91fa-062599b27d25,3895107,13,1.0833333333333333,4387628777,3895107:e295f3e0-e0cc-4adc-91fa-062599b27d25,1,False
concurrency_n10_20260613_002350_kafka_feed7_rep1,kafka,sb-events-n10-feed7-rep1,2,4225,15793356600,d79cf0c7-e0cd-4718-a96e-2b06b1cb0bed,3895107,13,1.0833333333333333,4387628777,3895107:d79cf0c7-e0cd-4718-a96e-2b06b1cb0bed,1,False
concurrency_n10_20260613_002350_kafka_feed7_rep1,kafka,sb-events-n10-feed7-rep1,2,4226,15793385400,d46689a3-08bd-4188-bc0d-6a6bace1f531,3895086,14,1.1666666666666667,4388323222,3895086:d46689a3-08bd-4188-bc0d-6a6bace1f531,1,False
concurrency_n10_20260613_002350_kafka_feed7_rep1,kafka,sb-events-n10-feed7-rep1,2,4227,15793406400,93753357-15d4-4424-9899-669adf6f34ea,3895052,14,1.1666666666666667,4388323222,3895052:93753357-15d4-4424-9899-669adf6f34ea,1,False
concurrency_n10_20260613_002350_kafka_feed7_rep1,kafka,sb-events-n10-feed7-rep1,2,4228,15793426500,1615450f-4d55-4fef-91d6-ab9f981c6185,3895095,14,1.1666666666666667,4388323222,3895095:1615450f-4d55-4fef-91d6-ab9f981c6185,1,False
concurrency_n10_20260613_002350_kafka_feed7_rep1,kafka,sb-events-n10-feed7-rep1,2,4229,15793446600,59d5f7d4-b2c8-4777-ad5d-f682a5be2482,3895074,14,1.1666666666666667,4388323222,3895074:59d5f7d4-b2c8-4777-ad5d-f682a5be2482,1,False
concurrency_n10_20260613_002350_kafka_feed7_rep1,kafka,sb-events-n10-feed7-rep1,2,4230,15793467100,8d671e50-4b4d-4fcc-be94-351d53828756,3895107,15,1.25,4389017666,3895107:8d671e50-4b4d-4fcc-be94-351d53828756,1,False
concurrency_n10_20260613_002350_kafka_feed7_rep1,kafka,sb-events-n10-feed7-rep1,2,4231,15793564800,5891ef4b-5571-4b46-961f-60fcb3d5029b,3895095,15,1.25,4389017666,3895095:5891ef4b-5571-4b46-961f-60fcb3d5029b,1,False
concurrency_n10_20260613_002350_kafka_feed7_rep1,kafka,sb-events-n10-feed7-rep1,2,4232,15793589800,0ae08622-c5d6-4f51-ac0a-85c965101887,3895095,15,1.25,4389017666,3895095:0ae08622-c5d6-4f51-ac0a-85c965101887,1,False
concurrency_n10_20260613_002350_kafka_feed7_rep1,kafka,sb-events-n10-feed7-rep1,2,4233,15793610500,b2aa3ef3-18c5-47bb-8d2b-ae0489efea39,3895134,16,1.3333333333333333,4389712111,3895134:b2aa3ef3-18c5-47bb-8d2b-ae0489efea39,1,False
concurrency_n10_20260613_002350_kafka_feed7_rep1,kafka,sb-events-n10-feed7-rep1,2,4234,15793631500,4453ce7d-4348-41a1-a86f-beae68288f76,3895074,16,1.3333333333333333,4389712111,3895074:4453ce7d-4348-41a1-a86f-beae68288f76,1,False
concurrency_n10_20260613_002350_kafka_feed7_rep1,kafka,sb-events-n10-feed7-rep1,2,4235,15793653100,6099cc29-0d11-4fee-9d00-ce786f36eca9,3895113,17,1.4166666666666667,4390406555,3895113:6099cc29-0d11-4fee-9d00-ce786f36eca9,1,False
concurrency_n10_20260613_002350_kafka_feed7_rep1,kafka,sb-events-n10-feed7-rep1,2,4236,15793673800,c4f630f3-cffd-4397-a545-146b8ed79cba,3895095,17,1.4166666666666667,4390406555,3895095:c4f630f3-cffd-4397-a545-146b8ed79cba,1,False
concurrency_n10_20260613_002350_kafka_feed7_rep1,kafka,sb-events-n10-feed7-rep1,2,4237,15793694300,a2d472e0-2844-401d-94b3-333c820b3d2d,3895086,18,1.5,4391101000,3895086:a2d472e0-2844-401d-94b3-333c820b3d2d,1,False
concurrency_n10_20260613_002350_kafka_feed7_rep1,kafka,sb-events-n10-feed7-rep1,2,4238,15793714000,a3d8c0c0-3e97-47d3-8bee-8eba75a19ae8,3895086,18,1.5,4391101000,3895086:a3d8c0c0-3e97-47d3-8bee-8eba75a19ae8,1,False
concurrency_n10_20260613_002350_kafka_feed7_rep1,kafka,sb-events-n10-feed7-rep1,2,4239,15793733200,415243ce-3849-4896-9be1-75365ad90b78,3895134,18,1.5,4391101000,3895134:415243ce-3849-4896-9be1-75365ad90b78,1,False
concurrency_n10_20260613_002350_kafka_feed7_rep1,kafka,sb-events-n10-feed7-rep1,2,4240,15793773300,b4c2c8e7-ca1b-4d18-863e-e58021f75654,3895086,18,1.5,4391101000,3895086:b4c2c8e7-ca1b-4d18-863e-e58021f75654,1,False
concurrency_n10_20260613_002350_kafka_feed7_rep1,kafka,sb-events-n10-feed7-rep1,2,4241,15793793500,0419e708-847b-4ff2-a6f7-50031b3683e4,3895107,18,1.5,4391101000,3895107:0419e708-847b-4ff2-a6f7-50031b3683e4,1,False
concurrency_n10_20260613_002350_kafka_feed7_rep1,kafka,sb-events-n10-feed7-rep1,2,4242,15793813200,f9096f10-3921-40be-bcaa-d7439f4bef6c,3895134,18,1.5,4391101000,3895134:f9096f10-3921-40be-bcaa-d7439f4bef6c,1,False
concurrency_n10_20260613_002350_kafka_feed7_rep1,kafka,sb-events-n10-feed7-rep1,2,4243,15793833800,08a00791-17e3-4e67-acbb-494c7c518e23,3895095,18,1.5,4391101000,3895095:08a00791-17e3-4e67-acbb-494c7c518e23,1,False
concurrency_n10_20260613_002350_kafka_feed7_rep1,kafka,sb-events-n10-feed7-rep1,2,4244,15793853400,4acda0ae-ebda-4589-806c-c3233063335e,3895107,19,1.5833333333333333,4391795444,3895107:4acda0ae-ebda-4589-806c-c3233063335e,1,False
concurrency_n10_20260613_002350_kafka_feed7_rep1,kafka,sb-events-n10-feed7-rep1,2,4245,15793873600,fbeffccf-f6ec-4792-812e-6aa5f8535b6c,3895134,19,1.5833333333333333,4391795444,3895134:fbeffccf-f6ec-4792-812e-6aa5f8535b6c,1,False
concurrency_n10_20260613_002350_kafka_feed7_rep1,kafka,sb-events-n10-feed7-rep1,2,4246,15793893500,9adb3957-42ed-4d0a-80fc-38ad27500ee0,3895113,20,1.6666666666666667,4392489888,3895113:9adb3957-42ed-4d0a-80fc-38ad27500ee0,1,False
concurrency_n10_20260613_002350_kafka_feed7_rep1,kafka,sb-events-n10-feed7-rep1,2,4247,15793914100,04f7f325-bfc0-4731-a32f-7f8232c8296e,3895121,20,1.6666666666666667,4392489888,3895121:04f7f325-bfc0-4731-a32f-7f8232c8296e,1,False
concurrency_n10_20260613_002350_kafka_feed7_rep1,kafka,sb-events-n10-feed7-rep1,2,4248,15793934200,5bd4ec7d-4d90-4a2d-bcea-2fe45009e3e5,3895113,20,1.6666666666666667,4392489888,3895113:5bd4ec7d-4d90-4a2d-bcea-2fe45009e3e5,1,False
concurrency_n10_20260613_002350_kafka_feed7_rep1,kafka,sb-events-n10-feed7-rep1,2,4249,15793954000,d2616640-d066-4175-a00a-35d3db6e7ef0,3895134,21,1.75,4393184333,3895134:d2616640-d066-4175-a00a-35d3db6e7ef0,1,False
concurrency_n10_20260613_002350_kafka_feed7_rep1,kafka,sb-events-n10-feed7-rep1,2,4250,15793973300,d0a1094c-65af-4a38-8aa7-a18ff8210a8e,3895107,21,1.75,4393184333,3895107:d0a1094c-65af-4a38-8aa7-a18ff8210a8e,1,False
concurrency_n10_20260613_002350_kafka_feed7_rep1,kafka,sb-events-n10-feed7-rep1,2,4251,15793992500,13cdffc6-1a64-46ed-9d46-9d52584911eb,3895095,21,1.75,4393184333,3895095:13cdffc6-1a64-46ed-9d46-9d52584911eb,1,False
concurrency_n10_20260613_002350_kafka_feed7_rep1,kafka,sb-events-n10-feed7-rep1,2,4252,15794010100,9a40ee6a-81c2-48c1-b86d-7b611f1cbad9,3895052,22,1.8333333333333333,4393878777,3895052:9a40ee6a-81c2-48c1-b86d-7b611f1cbad9,1,False
concurrency_n10_20260613_002350_kafka_feed7_rep1,kafka,sb-events-n10-feed7-rep1,2,4253,15794124000,13033282-511b-44a2-bdfb-112ad4f2cbe2,3895107,22,1.8333333333333333,4393878777,3895107:13033282-511b-44a2-bdfb-112ad4f2cbe2,1,False
concurrency_n10_20260613_002350_kafka_feed7_rep1,kafka,sb-events-n10-feed7-rep1,2,4254,15794145100,b718de1e-9955-427d-a714-9612b515b37f,3895060,23,1.9166666666666667,4394573222,3895060:b718de1e-9955-427d-a714-9612b515b37f,1,False
concurrency_n10_20260613_002350_kafka_feed7_rep1,kafka,sb-events-n10-feed7-rep1,2,4255,15794164400,cb77e8ab-344f-468f-81fa-a6da694d993e,3895095,23,1.9166666666666667,4394573222,3895095:cb77e8ab-344f-468f-81fa-a6da694d993e,1,False
concurrency_n10_20260613_002350_kafka_feed7_rep1,kafka,sb-events-n10-feed7-rep1,2,4256,15794184300,a815f844-803f-46d0-98ef-cb7d3aca3c8b,3895067,25,2.083333333333333,4395962111,3895067:a815f844-803f-46d0-98ef-cb7d3aca3c8b,1,False
concurrency_n10_20260613_002350_kafka_feed7_rep1,kafka,sb-events-n10-feed7-rep1,2,4257,15794204200,4a4a7e44-43c5-44e2-bf4c-ca1637daea87,3895107,26,2.1666666666666665,4396656555,3895107:4a4a7e44-43c5-44e2-bf4c-ca1637daea87,1,False
concurrency_n10_20260613_002350_kafka_feed7_rep1,kafka,sb-events-n10-feed7-rep1,2,4258,15794224800,2c82e5ca-792d-4700-8f46-ad27ebbb3545,3895107,26,2.1666666666666665,4396656555,3895107:2c82e5ca-792d-4700-8f46-ad27ebbb3545,1,False
concurrency_n10_20260613_002350_kafka_feed7_rep1,kafka,sb-events-n10-feed7-rep1,2,4259,15794244500,10df0432-33a1-4c21-9b36-dc9a9488ba69,3895067,27,2.25,4397351000,3895067:10df0432-33a1-4c21-9b36-dc9a9488ba69,1,False
concurrency_n10_20260613_002350_kafka_feed7_rep1,kafka,sb-events-n10-feed7-rep1,2,4260,15794263300,cfe9b540-ca3b-4aad-b553-0674713203bb,3895113,27,2.25,4397351000,3895113:cfe9b540-ca3b-4aad-b553-0674713203bb,1,False
concurrency_n10_20260613_002350_kafka_feed7_rep1,kafka,sb-events-n10-feed7-rep1,2,4261,15794282500,87c20b3f-2fe3-4696-b387-5997a79262eb,3895052,27,2.25,4397351000,3895052:87c20b3f-2fe3-4696-b387-5997a79262eb,1,False
concurrency_n10_20260613_002350_kafka_feed7_rep1,kafka,sb-events-n10-feed7-rep1,2,4262,15794302200,12eedca2-420b-4b01-a81d-12b847d2f8a6,3895107,27,2.25,4397351000,3895107:12eedca2-420b-4b01-a81d-12b847d2f8a6,1,False
concurrency_n10_20260613_002350_kafka_feed7_rep1,kafka,sb-events-n10-feed7-rep1,2,4263,15794322600,b343f95e-f220-4957-afda-b760c0859784,3895107,27,2.25,4397351000,3895107:b343f95e-f220-4957-afda-b760c0859784,1,False
concurrency_n10_20260613_002350_kafka_feed7_rep1,kafka,sb-events-n10-feed7-rep1,2,4264,15794340800,d4611d70-d895-41fc-95ab-a1c65347c86b,3895095,28,2.333333333333333,4398045444,3895095:d4611d70-d895-41fc-95ab-a1c65347c86b,1,False
concurrency_n10_20260613_002350_kafka_feed7_rep1,kafka,sb-events-n10-feed7-rep1,2,4265,15794360500,f2148745-955f-4ae6-99fc-7eea72344f5c,3895052,28,2.333333333333333,4398045444,3895052:f2148745-955f-4ae6-99fc-7eea72344f5c,1,False
concurrency_n10_20260613_002350_kafka_feed7_rep1,kafka,sb-events-n10-feed7-rep1,2,4266,15794381800,6b3357d7-8b5b-4068-944b-8abb2b0458ff,3895086,29,2.4166666666666665,4398739888,3895086:6b3357d7-8b5b-4068-944b-8abb2b0458ff,1,False
concurrency_n10_20260613_002350_kafka_feed7_rep1,kafka,sb-events-n10-feed7-rep1,2,4267,15794436000,ae5bee75-9e2e-4cae-8851-9bc9f0cc7b5a,3895095,29,2.4166666666666665,4398739888,3895095:ae5bee75-9e2e-4cae-8851-9bc9f0cc7b5a,1,False
concurrency_n10_20260613_002350_kafka_feed7_rep1,kafka,sb-events-n10-feed7-rep1,2,4268,15794457900,ee3252c0-e79b-495e-ae80-583351179971,3895113,29,2.4166666666666665,4398739888,3895113:ee3252c0-e79b-495e-ae80-583351179971,1,False
concurrency_n10_20260613_002350_kafka_feed7_rep1,kafka,sb-events-n10-feed7-rep1,2,4269,15794478500,19f46068-5944-4812-bfac-1e1aa46413fb,3895113,29,2.4166666666666665,4398739888,3895113:19f46068-5944-4812-bfac-1e1aa46413fb,1,False
concurrency_n10_20260613_002350_kafka_feed7_rep1,kafka,sb-events-n10-feed7-rep1,2,4270,15794499300,0eb76ef4-ed2e-4a58-b18f-6a3f6722f9e1,3895074,30,2.5,4399434333,3895074:0eb76ef4-ed2e-4a58-b18f-6a3f6722f9e1,1,False
concurrency_n10_20260613_002350_kafka_feed7_rep1,kafka,sb-events-n10-feed7-rep1,2,4271,15794518500,b3acab4e-f147-4ab7-8b84-8d90f00ed126,3895067,31,2.583333333333333,4400128777,3895067:b3acab4e-f147-4ab7-8b84-8d90f00ed126,1,False
concurrency_n10_20260613_002350_kafka_feed7_rep1,kafka,sb-events-n10-feed7-rep1,2,4272,15794538700,e06cfc4c-9c3c-4733-a711-b3d88fad8f32,3895086,31,2.583333333333333,4400128777,3895086:e06cfc4c-9c3c-4733-a711-b3d88fad8f32,1,False
concurrency_n10_20260613_002350_kafka_feed7_rep1,kafka,sb-events-n10-feed7-rep1,2,4273,15794559200,5139bbac-6a19-4cef-956b-a1a6c0e36dbc,3895095,31,2.583333333333333,4400128777,3895095:5139bbac-6a19-4cef-956b-a1a6c0e36dbc,1,False
concurrency_n10_20260613_002350_kafka_feed7_rep1,kafka,sb-events-n10-feed7-rep1,2,4274,15794578800,8dd23275-eba9-4971-bce5-da81859b6b2e,3895121,32,2.6666666666666665,4400823222,3895121:8dd23275-eba9-4971-bce5-da81859b6b2e,1,False
concurrency_n10_20260613_002350_kafka_feed7_rep1,kafka,sb-events-n10-feed7-rep1,2,4275,15794597600,b858f0f4-ba17-4962-b947-b84799009462,3895113,32,2.6666666666666665,4400823222,3895113:b858f0f4-ba17-4962-b947-b84799009462,1,False
concurrency_n10_20260613_002350_kafka_feed7_rep1,kafka,sb-events-n10-feed7-rep1,2,4276,15794617300,592d4541-7545-4895-bb90-16cd88fd6bf2,3895121,33,2.75,4401517666,3895121:592d4541-7545-4895-bb90-16cd88fd6bf2,1,False
concurrency_n10_20260613_002350_kafka_feed7_rep1,kafka,sb-events-n10-feed7-rep1,2,4277,15794636600,4dd4ac95-4164-4d15-8e70-836f84f12a8a,3895121,33,2.75,4401517666,3895121:4dd4ac95-4164-4d15-8e70-836f84f12a8a,1,False
concurrency_n10_20260613_002350_kafka_feed7_rep1,kafka,sb-events-n10-feed7-rep1,2,4278,15794655500,d9e6bd9b-89d4-45ee-85fc-00900e577173,3895121,33,2.75,4401517666,3895121:d9e6bd9b-89d4-45ee-85fc-00900e577173,1,False
concurrency_n10_20260613_002350_kafka_feed7_rep1,kafka,sb-events-n10-feed7-rep1,2,4279,15794674400,35c75d8f-f13e-4940-8843-96202930c58c,3895121,34,2.833333333333333,4402212111,3895121:35c75d8f-f13e-4940-8843-96202930c58c,1,False
concurrency_n10_20260613_002350_kafka_feed7_rep1,kafka,sb-events-n10-feed7-rep1,2,4280,15794737200,d97ce31d-b6bd-454f-b4f3-583b06b5b821,3895113,34,2.833333333333333,4402212111,3895113:d97ce31d-b6bd-454f-b4f3-583b06b5b821,1,False
concurrency_n10_20260613_002350_kafka_feed7_rep1,kafka,sb-events-n10-feed7-rep1,2,4281,15794756500,5e8cf1bd-a044-4542-b2bf-cac8667f4322,3895113,35,2.9166666666666665,4402906555,3895113:5e8cf1bd-a044-4542-b2bf-cac8667f4322,1,False
concurrency_n10_20260613_002350_kafka_feed7_rep1,kafka,sb-events-n10-feed7-rep1,2,4282,15794775100,edd5ce07-d5a1-480e-b4b3-d3cfe453d008,3895113,35,2.9166666666666665,4402906555,3895113:edd5ce07-d5a1-480e-b4b3-d3cfe453d008,1,False
concurrency_n10_20260613_002350_kafka_feed7_rep1,kafka,sb-events-n10-feed7-rep1,2,4283,15794815400,d5f49005-e164-4a56-b36c-8e788d813b4c,3895086,36,3.0,4403601000,3895086:d5f49005-e164-4a56-b36c-8e788d813b4c,1,False
concurrency_n10_20260613_002350_kafka_feed7_rep1,kafka,sb-events-n10-feed7-rep1,2,4284,15794837300,956dc981-5c22-41fc-800c-123fe8ce5e4a,3895113,36,3.0,4403601000,3895113:956dc981-5c22-41fc-800c-123fe8ce5e4a,1,False
concurrency_n10_20260613_002350_kafka_feed7_rep1,kafka,sb-events-n10-feed7-rep1,2,4285,15794858000,2385fdd1-5767-4de2-9c4b-54ed4e9d1e43,3895067,37,3.083333333333333,4404295444,3895067:2385fdd1-5767-4de2-9c4b-54ed4e9d1e43,1,False
concurrency_n10_20260613_002350_kafka_feed7_rep1,kafka,sb-events-n10-feed7-rep1,2,4286,15794880300,68b68600-4736-4bb8-96f4-4648b096d2ad,3895074,37,3.083333333333333,4404295444,3895074:68b68600-4736-4bb8-96f4-4648b096d2ad,1,False
concurrency_n10_20260613_002350_kafka_feed7_rep1,kafka,sb-events-n10-feed7-rep1,2,4287,15794900700,325e9b33-e862-4822-88ad-25bff06d2c07,3895121,37,3.083333333333333,4404295444,3895121:325e9b33-e862-4822-88ad-25bff06d2c07,1,False
concurrency_n10_20260613_002350_kafka_feed7_rep1,kafka,sb-events-n10-feed7-rep1,2,4288,15794919900,90e3b280-77a2-42f8-80a1-789498a383d1,3895060,39,3.25,4405684333,3895060:90e3b280-77a2-42f8-80a1-789498a383d1,1,False
concurrency_n10_20260613_002350_kafka_feed7_rep1,kafka,sb-events-n10-feed7-rep1,2,4289,15794938500,58ddef64-ed5b-4758-911b-9cc6f9bc3ab0,3895121,39,3.25,4405684333,3895121:58ddef64-ed5b-4758-911b-9cc6f9bc3ab0,1,False
concurrency_n10_20260613_002350_kafka_feed7_rep1,kafka,sb-events-n10-feed7-rep1,2,4290,15794957100,220cb931-5cd7-4c7b-8fc0-6550c89e4b6b,3895113,39,3.25,4405684333,3895113:220cb931-5cd7-4c7b-8fc0-6550c89e4b6b,1,False
concurrency_n10_20260613_002350_kafka_feed7_rep1,kafka,sb-events-n10-feed7-rep1,2,4291,15794976100,fb37f522-69f3-458c-96f4-574410785219,3895121,39,3.25,4405684333,3895121:fb37f522-69f3-458c-96f4-574410785219,1,False
concurrency_n10_20260613_002350_kafka_feed7_rep1,kafka,sb-events-n10-feed7-rep1,2,4292,15794994600,f85aeff4-b9ad-4127-9dd6-ee22d8df6683,3895107,39,3.25,4405684333,3895107:f85aeff4-b9ad-4127-9dd6-ee22d8df6683,1,False
concurrency_n10_20260613_002350_kafka_feed7_rep1,kafka,sb-events-n10-feed7-rep1,2,4293,15795051900,dc60fe07-6cc5-473b-8ccf-9bf00e152a49,3895086,40,3.333333333333333,4406378777,3895086:dc60fe07-6cc5-473b-8ccf-9bf00e152a49,1,False
concurrency_n10_20260613_002350_kafka_feed7_rep1,kafka,sb-events-n10-feed7-rep1,2,4294,15795074700,d63c807a-8016-408b-8ede-1c8b62314bd2,3895095,41,3.4166666666666665,4407073222,3895095:d63c807a-8016-408b-8ede-1c8b62314bd2,1,False
concurrency_n10_20260613_002350_kafka_feed7_rep1,kafka,sb-events-n10-feed7-rep1,2,4295,15795095200,b6b79bd5-83a0-45aa-ae80-3d1d5e30a83f,3895095,41,3.4166666666666665,4407073222,3895095:b6b79bd5-83a0-45aa-ae80-3d1d5e30a83f,1,False
concurrency_n10_20260613_002350_kafka_feed7_rep1,kafka,sb-events-n10-feed7-rep1,2,4296,15795115500,0bcbb10c-b3c8-406b-be58-ce0986f273ae,3895095,41,3.4166666666666665,4407073222,3895095:0bcbb10c-b3c8-406b-be58-ce0986f273ae,1,False
concurrency_n10_20260613_002350_kafka_feed7_rep1,kafka,sb-events-n10-feed7-rep1,2,4297,15795134200,e2fec3bf-0acb-49b9-9afa-4d4a4ecce0c1,3895107,41,3.4166666666666665,4407073222,3895107:e2fec3bf-0acb-49b9-9afa-4d4a4ecce0c1,1,False
concurrency_n10_20260613_002350_kafka_feed7_rep1,kafka,sb-events-n10-feed7-rep1,2,4298,15795154000,65a00927-90a1-4c33-a35c-363da5bcaaeb,3895060,42,3.5,4407767666,3895060:65a00927-90a1-4c33-a35c-363da5bcaaeb,1,False
concurrency_n10_20260613_002350_kafka_feed7_rep1,kafka,sb-events-n10-feed7-rep1,2,4299,15795173000,f5acbdd4-0316-4e8d-b8d1-48c192aba5ba,3895060,42,3.5,4407767666,3895060:f5acbdd4-0316-4e8d-b8d1-48c192aba5ba,1,False
concurrency_n10_20260613_002350_kafka_feed7_rep1,kafka,sb-events-n10-feed7-rep1,2,4300,15795191800,ee5e44ed-cec3-40a9-b760-3312d3d02746,3895086,42,3.5,4407767666,3895086:ee5e44ed-cec3-40a9-b760-3312d3d02746,1,False
concurrency_n10_20260613_002350_kafka_feed7_rep1,kafka,sb-events-n10-feed7-rep1,2,4301,15795210700,88b6503f-b7ef-4671-8e00-5ce2fc49c9f7,3895107,42,3.5,4407767666,3895107:88b6503f-b7ef-4671-8e00-5ce2fc49c9f7,1,False
concurrency_n10_20260613_002350_kafka_feed7_rep1,kafka,sb-events-n10-feed7-rep1,2,4302,15795230000,0ada3c93-0dea-44b3-838b-308d7032cb53,3895134,43,3.583333333333333,4408462111,3895134:0ada3c93-0dea-44b3-838b-308d7032cb53,1,False
concurrency_n10_20260613_002350_kafka_feed7_rep1,kafka,sb-events-n10-feed7-rep1,2,4303,15795271100,33f17635-b8f6-4118-a3df-72500fc4136b,3895060,43,3.583333333333333,4408462111,3895060:33f17635-b8f6-4118-a3df-72500fc4136b,1,False
concurrency_n10_20260613_002350_kafka_feed7_rep1,kafka,sb-events-n10-feed7-rep1,2,4304,15795360700,e04ea77c-949a-42c1-a58b-9b2cd5ec3f86,3895086,43,3.583333333333333,4408462111,3895086:e04ea77c-949a-42c1-a58b-9b2cd5ec3f86,1,False
concurrency_n10_20260613_002350_kafka_feed7_rep1,kafka,sb-events-n10-feed7-rep1,2,4305,15795394000,e607fbaf-57c6-46a5-9065-cd6ef1483ee7,3895060,44,3.6666666666666665,4409156555,3895060:e607fbaf-57c6-46a5-9065-cd6ef1483ee7,1,False
concurrency_n10_20260613_002350_kafka_feed7_rep1,kafka,sb-events-n10-feed7-rep1,2,4306,15795428400,6e6d3a04-3b2d-4594-912c-ef552bb70b66,3895121,44,3.6666666666666665,4409156555,3895121:6e6d3a04-3b2d-4594-912c-ef552bb70b66,1,False
concurrency_n10_20260613_002350_kafka_feed7_rep1,kafka,sb-events-n10-feed7-rep1,2,4307,15795507900,43d448f5-3161-4484-a1e9-7ead8dbb8df2,3895113,45,3.75,4409851000,3895113:43d448f5-3161-4484-a1e9-7ead8dbb8df2,1,False
concurrency_n10_20260613_002350_kafka_feed7_rep1,kafka,sb-events-n10-feed7-rep1,2,4308,15795547500,87666b3c-fae0-4ec8-a71d-c2d3be7beb84,3895052,46,3.8333333333333335,4410545444,3895052:87666b3c-fae0-4ec8-a71d-c2d3be7beb84,1,False
concurrency_n10_20260613_002350_kafka_feed7_rep1,kafka,sb-events-n10-feed7-rep1,2,4309,15795593600,351f7fc6-14b7-46ba-9fb9-04f41961ded3,3895052,47,3.9166666666666665,4411239888,3895052:351f7fc6-14b7-46ba-9fb9-04f41961ded3,1,False
concurrency_n10_20260613_002350_kafka_feed7_rep1,kafka,sb-events-n10-feed7-rep1,2,4310,15795627500,f2ada232-d480-4ba1-abd7-75e39f0030a3,3895060,47,3.9166666666666665,4411239888,3895060:f2ada232-d480-4ba1-abd7-75e39f0030a3,1,False
concurrency_n10_20260613_002350_kafka_feed7_rep1,kafka,sb-events-n10-feed7-rep1,2,4311,15795686700,79dceb5a-d57a-4e48-9857-49a39de9e10c,3895060,47,3.9166666666666665,4411239888,3895060:79dceb5a-d57a-4e48-9857-49a39de9e10c,1,False
concurrency_n10_20260613_002350_kafka_feed7_rep1,kafka,sb-events-n10-feed7-rep1,2,4312,15795729900,0c0f4cd0-cd24-4049-a9c1-842b9ce36562,3895060,47,3.9166666666666665,4411239888,3895060:0c0f4cd0-cd24-4049-a9c1-842b9ce36562,1,False
concurrency_n10_20260613_002350_kafka_feed7_rep1,kafka,sb-events-n10-feed7-rep1,2,4313,15795754400,dc5c5cf4-f423-403a-b51c-979540ef7622,3895060,49,4.083333333333333,4412628777,3895060:dc5c5cf4-f423-403a-b51c-979540ef7622,1,False
concurrency_n10_20260613_002350_kafka_feed7_rep1,kafka,sb-events-n10-feed7-rep1,2,4314,15795896800,1a55229e-3379-44ed-a2d0-4c24a2d6169a,3895060,49,4.083333333333333,4412628777,3895060:1a55229e-3379-44ed-a2d0-4c24a2d6169a,1,False
concurrency_n10_20260613_002350_kafka_feed7_rep1,kafka,sb-events-n10-feed7-rep1,2,4315,15795928800,fac5aea2-5596-489a-968e-56f16712940d,3895107,49,4.083333333333333,4412628777,3895107:fac5aea2-5596-489a-968e-56f16712940d,1,False
concurrency_n10_20260613_002350_kafka_feed7_rep1,kafka,sb-events-n10-feed7-rep1,2,4316,15795953400,efcf17d5-c042-4aaf-b0d7-93d7c93295e4,3895067,50,4.166666666666667,4413323222,3895067:efcf17d5-c042-4aaf-b0d7-93d7c93295e4,1,False
concurrency_n10_20260613_002350_kafka_feed7_rep1,kafka,sb-events-n10-feed7-rep1,2,4317,15795975000,e3fd3a05-da3c-47a0-a92c-2719348c579e,3895052,50,4.166666666666667,4413323222,3895052:e3fd3a05-da3c-47a0-a92c-2719348c579e,1,False
concurrency_n10_20260613_002350_kafka_feed7_rep1,kafka,sb-events-n10-feed7-rep1,2,4318,15795996200,3aac7306-7a20-48a5-899a-01fd2c81174c,3895086,50,4.166666666666667,4413323222,3895086:3aac7306-7a20-48a5-899a-01fd2c81174c,1,False
concurrency_n10_20260613_002350_kafka_feed7_rep1,kafka,sb-events-n10-feed7-rep1,2,4319,15796017300,dd68b07e-7dda-40cd-be54-f8f588fb2d65,3895067,51,4.25,4414017666,3895067:dd68b07e-7dda-40cd-be54-f8f588fb2d65,1,False
concurrency_n10_20260613_002350_kafka_feed7_rep1,kafka,sb-events-n10-feed7-rep1,2,4320,15796038100,77377af1-c630-4e85-8bdb-0ca5557b3287,3895107,51,4.25,4414017666,3895107:77377af1-c630-4e85-8bdb-0ca5557b3287,1,False
concurrency_n10_20260613_002350_kafka_feed7_rep1,kafka,sb-events-n10-feed7-rep1,2,4321,15796056900,ee90bada-1c6b-428a-aacb-049c3b7d8627,3895107,51,4.25,4414017666,3895107:ee90bada-1c6b-428a-aacb-049c3b7d8627,1,False
concurrency_n10_20260613_002350_kafka_feed7_rep1,kafka,sb-events-n10-feed7-rep1,2,4322,15796076400,7b0bb4e0-11e8-47ec-b963-780b060ecd67,3895107,51,4.25,4414017666,3895107:7b0bb4e0-11e8-47ec-b963-780b060ecd67,1,False
concurrency_n10_20260613_002350_kafka_feed7_rep1,kafka,sb-events-n10-feed7-rep1,2,4323,15796095800,0138382f-c7f1-453f-a804-e83d80388701,3895134,52,4.333333333333333,4414712111,3895134:0138382f-c7f1-453f-a804-e83d80388701,1,False
concurrency_n10_20260613_002350_kafka_feed7_rep1,kafka,sb-events-n10-feed7-rep1,0,4196,15841737800,439b5ce9-bc81-47ba-8976-7bcd6b7de738,3895052,53,4.416666666666667,4415406555,3895052:439b5ce9-bc81-47ba-8976-7bcd6b7de738,1,False
concurrency_n10_20260613_002350_kafka_feed7_rep1,kafka,sb-events-n10-feed7-rep1,0,4197,15841789600,e9064962-a3ad-4469-be2a-58f85fcc0a21,3895067,53,4.416666666666667,4415406555,3895067:e9064962-a3ad-4469-be2a-58f85fcc0a21,1,False
concurrency_n10_20260613_002350_kafka_feed7_rep1,kafka,sb-events-n10-feed7-rep1,0,4198,15846330100,ded4b97c-05de-492d-afdf-293ace2b3224,3895134,54,4.5,4416101000,3895134:ded4b97c-05de-492d-afdf-293ace2b3224,1,False
concurrency_n10_20260613_002350_kafka_feed7_rep1,kafka,sb-events-n10-feed7-rep1,0,4199,15846375900,a2f0fa0d-a8be-4dae-886f-c4f1e40c1b23,3895060,54,4.5,4416101000,3895060:a2f0fa0d-a8be-4dae-886f-c4f1e40c1b23,1,False
concurrency_n10_20260613_002350_kafka_feed7_rep1,kafka,sb-events-n10-feed7-rep1,0,4200,15846399700,b9207043-5322-448b-9124-e5f49b7edaf7,3895086,54,4.5,4416101000,3895086:b9207043-5322-448b-9124-e5f49b7edaf7,1,False
concurrency_n10_20260613_002350_kafka_feed7_rep1,kafka,sb-events-n10-feed7-rep1,0,4201,15846427300,f39a69f5-2e2b-496a-9f94-591e8b152d22,3895067,55,4.583333333333333,4416795444,3895067:f39a69f5-2e2b-496a-9f94-591e8b152d22,1,False
concurrency_n10_20260613_002350_kafka_feed7_rep1,kafka,sb-events-n10-feed7-rep1,0,4202,15846461700,437f9130-077f-43ac-81f2-d1c218161259,3895052,55,4.583333333333333,4416795444,3895052:437f9130-077f-43ac-81f2-d1c218161259,1,False
concurrency_n10_20260613_002350_kafka_feed7_rep1,kafka,sb-events-n10-feed7-rep1,0,4203,15846485200,def5f329-5561-402c-a454-962f20833a5e,3895052,55,4.583333333333333,4416795444,3895052:def5f329-5561-402c-a454-962f20833a5e,1,False
concurrency_n10_20260613_002350_kafka_feed7_rep1,kafka,sb-events-n10-feed7-rep1,0,4204,15846506100,86442978-c9ac-4f8b-a277-3c2aea80938f,3895086,55,4.583333333333333,4416795444,3895086:86442978-c9ac-4f8b-a277-3c2aea80938f,1,False
concurrency_n10_20260613_002350_kafka_feed7_rep1,kafka,sb-events-n10-feed7-rep1,0,4205,15846536000,db2260b8-339c-4012-80d4-af54e4fefdb1,3895107,55,4.583333333333333,4416795444,3895107:db2260b8-339c-4012-80d4-af54e4fefdb1,1,False
concurrency_n10_20260613_002350_kafka_feed7_rep1,kafka,sb-events-n10-feed7-rep1,0,4206,15846568000,e7e4cb72-ce69-4bab-b7d1-1bfaf6e47af1,3895107,55,4.583333333333333,4416795444,3895107:e7e4cb72-ce69-4bab-b7d1-1bfaf6e47af1,1,False
concurrency_n10_20260613_002350_kafka_feed7_rep1,kafka,sb-events-n10-feed7-rep1,0,4207,15846591900,437249ff-c7a3-4486-836a-2c9089708413,3895074,56,4.666666666666667,4417489888,3895074:437249ff-c7a3-4486-836a-2c9089708413,1,False
concurrency_n10_20260613_002350_kafka_feed7_rep1,kafka,sb-events-n10-feed7-rep1,0,4208,15846614600,f90ccdda-1623-4c46-83d7-a93b10bbb095,3895134,56,4.666666666666667,4417489888,3895134:f90ccdda-1623-4c46-83d7-a93b10bbb095,1,False
concurrency_n10_20260613_002350_kafka_feed7_rep1,kafka,sb-events-n10-feed7-rep1,0,4209,15846648200,d38e730e-330c-42a9-8889-f2b613aae2a5,3895134,56,4.666666666666667,4417489888,3895134:d38e730e-330c-42a9-8889-f2b613aae2a5,1,False
concurrency_n10_20260613_002350_kafka_feed7_rep1,kafka,sb-events-n10-feed7-rep1,0,4210,15846677300,842b2425-b726-4944-88b7-6e59c5144f28,3895052,56,4.666666666666667,4417489888,3895052:842b2425-b726-4944-88b7-6e59c5144f28,1,False
concurrency_n10_20260613_002350_kafka_feed7_rep1,kafka,sb-events-n10-feed7-rep1,0,4211,15846774200,38a429db-494a-4c85-9245-e989a3f81915,3895107,56,4.666666666666667,4417489888,3895107:38a429db-494a-4c85-9245-e989a3f81915,1,False
concurrency_n10_20260613_002350_kafka_feed7_rep1,kafka,sb-events-n10-feed7-rep1,0,4212,15846803500,0b9a69ba-96cd-4641-b931-eff7dce3a2f8,3895134,57,4.75,4418184333,3895134:0b9a69ba-96cd-4641-b931-eff7dce3a2f8,1,False
concurrency_n10_20260613_002350_kafka_feed7_rep1,kafka,sb-events-n10-feed7-rep1,0,4213,15846825200,18d94d6f-1440-4daa-80a9-47f19ee5186b,3895067,57,4.75,4418184333,3895067:18d94d6f-1440-4daa-80a9-47f19ee5186b,1,False
concurrency_n10_20260613_002350_kafka_feed7_rep1,kafka,sb-events-n10-feed7-rep1,0,4214,15846852300,909fb80b-31ba-4530-924f-36e24598500e,3895060,57,4.75,4418184333,3895060:909fb80b-31ba-4530-924f-36e24598500e,1,False
concurrency_n10_20260613_002350_kafka_feed7_rep1,kafka,sb-events-n10-feed7-rep1,0,4215,15846884300,8be02bf7-5395-4605-b57b-8f501e04d189,3895067,59,4.916666666666667,4419573222,3895067:8be02bf7-5395-4605-b57b-8f501e04d189,1,False
concurrency_n10_20260613_002350_kafka_feed7_rep1,kafka,sb-events-n10-feed7-rep1,0,4216,15846910600,dd8d63c4-feb8-4523-ab68-826a6480eefd,3895074,60,5.0,4420267666,3895074:dd8d63c4-feb8-4523-ab68-826a6480eefd,1,False
concurrency_n10_20260613_002350_kafka_feed7_rep1,kafka,sb-events-n10-feed7-rep1,0,4217,15846939300,7ccea271-b2cf-40d9-8e25-30ed33e37625,3895067,60,5.0,4420267666,3895067:7ccea271-b2cf-40d9-8e25-30ed33e37625,1,False
concurrency_n10_20260613_002350_kafka_feed7_rep1,kafka,sb-events-n10-feed7-rep1,0,4218,15847020800,ff19107a-4ba4-4822-ac3e-e71716667059,3895060,60,5.0,4420267666,3895060:ff19107a-4ba4-4822-ac3e-e71716667059,1,False
concurrency_n10_20260613_002350_kafka_feed7_rep1,kafka,sb-events-n10-feed7-rep1,0,4219,15847051300,015fcb4f-7419-4731-84a0-81b3fd422ff7,3895086,60,5.0,4420267666,3895086:015fcb4f-7419-4731-84a0-81b3fd422ff7,1,False
concurrency_n10_20260613_002350_kafka_feed7_rep1,kafka,sb-events-n10-feed7-rep1,0,4220,15847070900,166ea076-01d6-49a4-87eb-ff7908834a7f,3895086,60,5.0,4420267666,3895086:166ea076-01d6-49a4-87eb-ff7908834a7f,1,False
concurrency_n10_20260613_002350_kafka_feed7_rep1,kafka,sb-events-n10-feed7-rep1,1,4311,15847468200,8a9895c6-a43d-4488-b3c3-826e7813c15e,3895060,35,2.9166666666666665,4402906555,3895060:8a9895c6-a43d-4488-b3c3-826e7813c15e,1,False
concurrency_n10_20260613_002350_kafka_feed7_rep1,kafka,sb-events-n10-feed7-rep1,1,4312,15847590800,32090cac-d662-4ecc-99e0-ac0e4575877f,3895113,36,3.0,4403601000,3895113:32090cac-d662-4ecc-99e0-ac0e4575877f,1,False
concurrency_n10_20260613_002350_kafka_feed7_rep1,kafka,sb-events-n10-feed7-rep1,1,4313,15847648800,345213be-58bb-4752-82aa-82a0cd026971,3895121,37,3.083333333333333,4404295444,3895121:345213be-58bb-4752-82aa-82a0cd026971,1,False
concurrency_n10_20260613_002350_kafka_feed7_rep1,kafka,sb-events-n10-feed7-rep1,1,4314,15847675600,26e2822c-be09-429f-b5e1-9478a147e355,3895121,37,3.083333333333333,4404295444,3895121:26e2822c-be09-429f-b5e1-9478a147e355,1,False
concurrency_n10_20260613_002350_kafka_feed7_rep1,kafka,sb-events-n10-feed7-rep1,1,4315,15847696300,6fa24066-9ea3-4e9f-83cb-2c9bf05e6167,3895121,37,3.083333333333333,4404295444,3895121:6fa24066-9ea3-4e9f-83cb-2c9bf05e6167,1,False
concurrency_n10_20260613_002350_kafka_feed7_rep1,kafka,sb-events-n10-feed7-rep1,1,4316,15847716100,59f60e75-1337-46d7-bc7c-676bad3acc07,3895060,39,3.25,4405684333,3895060:59f60e75-1337-46d7-bc7c-676bad3acc07,1,False
concurrency_n10_20260613_002350_kafka_feed7_rep1,kafka,sb-events-n10-feed7-rep1,1,4317,15847734900,00da8b93-dab3-460e-b1e5-1ee467331388,3895095,39,3.25,4405684333,3895095:00da8b93-dab3-460e-b1e5-1ee467331388,1,False
concurrency_n10_20260613_002350_kafka_feed7_rep1,kafka,sb-events-n10-feed7-rep1,1,4318,15847754200,91c32868-e70e-4b6a-a7ce-6723528ed7e8,3895095,39,3.25,4405684333,3895095:91c32868-e70e-4b6a-a7ce-6723528ed7e8,1,False
concurrency_n10_20260613_002350_kafka_feed7_rep1,kafka,sb-events-n10-feed7-rep1,1,4319,15847773700,bfd7ab2d-8af5-4ae1-a8a2-c438e0ecf01d,3895121,39,3.25,4405684333,3895121:bfd7ab2d-8af5-4ae1-a8a2-c438e0ecf01d,1,False
concurrency_n10_20260613_002350_kafka_feed7_rep1,kafka,sb-events-n10-feed7-rep1,1,4320,15847793100,4b550bc1-31ac-4914-8a11-29a4cecb6380,3895113,39,3.25,4405684333,3895113:4b550bc1-31ac-4914-8a11-29a4cecb6380,1,False
concurrency_n10_20260613_002350_kafka_feed7_rep1,kafka,sb-events-n10-feed7-rep1,1,4321,15847812200,e435a0b9-4c8a-4470-b59a-5ec58d706789,3895060,40,3.333333333333333,4406378777,3895060:e435a0b9-4c8a-4470-b59a-5ec58d706789,1,False
concurrency_n10_20260613_002350_kafka_feed7_rep1,kafka,sb-events-n10-feed7-rep1,1,4322,15847831800,42c834c5-484a-4ac0-8d9f-0bd7f0b4ae95,3895086,40,3.333333333333333,4406378777,3895086:42c834c5-484a-4ac0-8d9f-0bd7f0b4ae95,1,False
concurrency_n10_20260613_002350_kafka_feed7_rep1,kafka,sb-events-n10-feed7-rep1,1,4323,15847851700,b20d045a-73cb-4eab-8dfc-bc07269ce986,3895060,41,3.4166666666666665,4407073222,3895060:b20d045a-73cb-4eab-8dfc-bc07269ce986,1,False
concurrency_n10_20260613_002350_kafka_feed7_rep1,kafka,sb-events-n10-feed7-rep1,1,4324,15847873700,998ca3a4-a5cc-4a15-9c36-122431d2f843,3895060,41,3.4166666666666665,4407073222,3895060:998ca3a4-a5cc-4a15-9c36-122431d2f843,1,False
concurrency_n10_20260613_002350_kafka_feed7_rep1,kafka,sb-events-n10-feed7-rep1,1,4325,15847894200,61c32a5d-7d5c-4b88-a59b-8e5ebed5e25c,3895060,41,3.4166666666666665,4407073222,3895060:61c32a5d-7d5c-4b88-a59b-8e5ebed5e25c,1,False
concurrency_n10_20260613_002350_kafka_feed7_rep1,kafka,sb-events-n10-feed7-rep1,1,4326,15847914500,d4bf08dc-9205-4261-8876-566102e23931,3895060,41,3.4166666666666665,4407073222,3895060:d4bf08dc-9205-4261-8876-566102e23931,1,False
concurrency_n10_20260613_002350_kafka_feed7_rep1,kafka,sb-events-n10-feed7-rep1,1,4327,15847935000,f9d31109-d4a2-4fbf-b479-d10ce5b80123,3895095,41,3.4166666666666665,4407073222,3895095:f9d31109-d4a2-4fbf-b479-d10ce5b80123,1,False
concurrency_n10_20260613_002350_kafka_feed7_rep1,kafka,sb-events-n10-feed7-rep1,1,4328,15848087700,5ec55ad0-1494-4ad7-9fdd-7226078bb2db,3895067,42,3.5,4407767666,3895067:5ec55ad0-1494-4ad7-9fdd-7226078bb2db,1,False
concurrency_n10_20260613_002350_kafka_feed7_rep1,kafka,sb-events-n10-feed7-rep1,1,4329,15848111100,13e3148f-e1f5-46b5-929a-d4dc6755ebf6,3895067,42,3.5,4407767666,3895067:13e3148f-e1f5-46b5-929a-d4dc6755ebf6,1,False
concurrency_n10_20260613_002350_kafka_feed7_rep1,kafka,sb-events-n10-feed7-rep1,1,4330,15848132200,b7857dd2-503f-47c6-a8b4-71291a3e9b6c,3895121,42,3.5,4407767666,3895121:b7857dd2-503f-47c6-a8b4-71291a3e9b6c,1,False
concurrency_n10_20260613_002350_kafka_feed7_rep1,kafka,sb-events-n10-feed7-rep1,1,4331,15848155100,02d38453-def0-4dfb-8f41-809f0d0ee531,3895113,42,3.5,4407767666,3895113:02d38453-def0-4dfb-8f41-809f0d0ee531,1,False
concurrency_n10_20260613_002350_kafka_feed7_rep1,kafka,sb-events-n10-feed7-rep1,1,4332,15848195700,490ee852-fb5c-4bc5-9ad4-60c7fa3aeb35,3895060,43,3.583333333333333,4408462111,3895060:490ee852-fb5c-4bc5-9ad4-60c7fa3aeb35,1,False
concurrency_n10_20260613_002350_kafka_feed7_rep1,kafka,sb-events-n10-feed7-rep1,1,4333,15848589900,e2b37f00-81ce-493d-9f04-3b60b2d08ff3,3895060,43,3.583333333333333,4408462111,3895060:e2b37f00-81ce-493d-9f04-3b60b2d08ff3,1,False
concurrency_n10_20260613_002350_kafka_feed7_rep1,kafka,sb-events-n10-feed7-rep1,1,4334,15848623200,ea294bae-9cde-4a49-ba92-8de0e5558724,3895086,43,3.583333333333333,4408462111,3895086:ea294bae-9cde-4a49-ba92-8de0e5558724,1,False
concurrency_n10_20260613_002350_kafka_feed7_rep1,kafka,sb-events-n10-feed7-rep1,1,4335,15848647700,7e09cb25-daea-481e-a291-444a2e190a68,3895113,43,3.583333333333333,4408462111,3895113:7e09cb25-daea-481e-a291-444a2e190a68,1,False
concurrency_n10_20260613_002350_kafka_feed7_rep1,kafka,sb-events-n10-feed7-rep1,1,4336,15848672000,b081c486-1265-44bc-9b1e-bdbab86027bc,3895060,44,3.6666666666666665,4409156555,3895060:b081c486-1265-44bc-9b1e-bdbab86027bc,1,False
concurrency_n10_20260613_002350_kafka_feed7_rep1,kafka,sb-events-n10-feed7-rep1,1,4337,15848759600,1294206e-9663-4a6b-9df5-c439b597a356,3895086,44,3.6666666666666665,4409156555,3895086:1294206e-9663-4a6b-9df5-c439b597a356,1,False
concurrency_n10_20260613_002350_kafka_feed7_rep1,kafka,sb-events-n10-feed7-rep1,1,4338,15848784100,b7d0f261-5334-4d69-96af-25ae011560ca,3895121,44,3.6666666666666665,4409156555,3895121:b7d0f261-5334-4d69-96af-25ae011560ca,1,False
concurrency_n10_20260613_002350_kafka_feed7_rep1,kafka,sb-events-n10-feed7-rep1,1,4339,15848805100,6bfc5905-fd3d-4a0f-8dd4-e66a22373576,3895134,45,3.75,4409851000,3895134:6bfc5905-fd3d-4a0f-8dd4-e66a22373576,1,False
concurrency_n10_20260613_002350_kafka_feed7_rep1,kafka,sb-events-n10-feed7-rep1,1,4340,15848826600,2083aef2-6d41-4a34-8a5a-4a3775a71852,3895134,45,3.75,4409851000,3895134:2083aef2-6d41-4a34-8a5a-4a3775a71852,1,False
concurrency_n10_20260613_002350_kafka_feed7_rep1,kafka,sb-events-n10-feed7-rep1,1,4341,15848846100,58cdc1d1-788b-4e0b-a07b-84d6db9ad04b,3895086,45,3.75,4409851000,3895086:58cdc1d1-788b-4e0b-a07b-84d6db9ad04b,1,False
concurrency_n10_20260613_002350_kafka_feed7_rep1,kafka,sb-events-n10-feed7-rep1,1,4342,15848865000,7baac0c7-203d-4e43-89f7-7d482a26ee0d,3895121,45,3.75,4409851000,3895121:7baac0c7-203d-4e43-89f7-7d482a26ee0d,1,False
concurrency_n10_20260613_002350_kafka_feed7_rep1,kafka,sb-events-n10-feed7-rep1,1,4343,15848883400,31bf416b-2f8b-436b-a233-07d16a05f948,3895113,45,3.75,4409851000,3895113:31bf416b-2f8b-436b-a233-07d16a05f948,1,False
concurrency_n10_20260613_002350_kafka_feed7_rep1,kafka,sb-events-n10-feed7-rep1,1,4344,15848901600,533800e7-a633-4c16-989e-88d349c01143,3895113,46,3.8333333333333335,4410545444,3895113:533800e7-a633-4c16-989e-88d349c01143,1,False
concurrency_n10_20260613_002350_kafka_feed7_rep1,kafka,sb-events-n10-feed7-rep1,1,4345,15848920600,04713f82-6bc1-4e6b-904b-eb4fd56d5eb3,3895067,48,4.0,4411934333,3895067:04713f82-6bc1-4e6b-904b-eb4fd56d5eb3,1,False
concurrency_n10_20260613_002350_kafka_feed7_rep1,kafka,sb-events-n10-feed7-rep1,1,4346,15848938600,76fa657c-52d9-444e-8432-b36a4d76771f,3895067,48,4.0,4411934333,3895067:76fa657c-52d9-444e-8432-b36a4d76771f,1,False
concurrency_n10_20260613_002350_kafka_feed7_rep1,kafka,sb-events-n10-feed7-rep1,1,4347,15848956400,8d0349fb-568c-440c-9069-42adbf1f9c3a,3895052,48,4.0,4411934333,3895052:8d0349fb-568c-440c-9069-42adbf1f9c3a,1,False
concurrency_n10_20260613_002350_kafka_feed7_rep1,kafka,sb-events-n10-feed7-rep1,1,4348,15848974100,f5c259e0-c5c7-49b0-9c59-02585ab58986,3895086,48,4.0,4411934333,3895086:f5c259e0-c5c7-49b0-9c59-02585ab58986,1,False
concurrency_n10_20260613_002350_kafka_feed7_rep1,kafka,sb-events-n10-feed7-rep1,1,4349,15849002900,e008a8be-aa49-49e9-bd13-a93552b5c052,3895113,48,4.0,4411934333,3895113:e008a8be-aa49-49e9-bd13-a93552b5c052,1,False
concurrency_n10_20260613_002350_kafka_feed7_rep1,kafka,sb-events-n10-feed7-rep1,1,4350,15849033300,cda89eb4-2a08-49d3-b303-e8d036641f46,3895134,49,4.083333333333333,4412628777,3895134:cda89eb4-2a08-49d3-b303-e8d036641f46,1,False
concurrency_n10_20260613_002350_kafka_feed7_rep1,kafka,sb-events-n10-feed7-rep1,1,4351,15849060800,47018dac-e300-4c82-be64-a8bc5b624fe0,3895052,50,4.166666666666667,4413323222,3895052:47018dac-e300-4c82-be64-a8bc5b624fe0,1,False
concurrency_n10_20260613_002350_kafka_feed7_rep1,kafka,sb-events-n10-feed7-rep1,1,4352,15849164800,2128811a-aed8-4767-93e5-6b8c8d052321,3895086,50,4.166666666666667,4413323222,3895086:2128811a-aed8-4767-93e5-6b8c8d052321,1,False
concurrency_n10_20260613_002350_kafka_feed7_rep1,kafka,sb-events-n10-feed7-rep1,1,4353,15849195300,2776e660-6018-41ee-a851-c1d3110acce6,3895107,50,4.166666666666667,4413323222,3895107:2776e660-6018-41ee-a851-c1d3110acce6,1,False
concurrency_n10_20260613_002350_kafka_feed7_rep1,kafka,sb-events-n10-feed7-rep1,1,4354,15849224800,868c8013-7306-466b-93e7-217812448fd5,3895134,51,4.25,4414017666,3895134:868c8013-7306-466b-93e7-217812448fd5,1,False
concurrency_n10_20260613_002350_kafka_feed7_rep1,kafka,sb-events-n10-feed7-rep1,1,4355,15849255400,3001fadd-127b-4ce2-8879-42a84e9d6d18,3895134,51,4.25,4414017666,3895134:3001fadd-127b-4ce2-8879-42a84e9d6d18,1,False
concurrency_n10_20260613_002350_kafka_feed7_rep1,kafka,sb-events-n10-feed7-rep1,1,4356,15849276400,e6696fb9-60bc-4c61-804c-d5089d51dbfc,3895134,51,4.25,4414017666,3895134:e6696fb9-60bc-4c61-804c-d5089d51dbfc,1,False
concurrency_n10_20260613_002350_kafka_feed7_rep1,kafka,sb-events-n10-feed7-rep1,1,4357,15849309300,a204aa5b-dd2a-4419-b242-75fb830e408a,3895067,51,4.25,4414017666,3895067:a204aa5b-dd2a-4419-b242-75fb830e408a,1,False
concurrency_n10_20260613_002350_kafka_feed7_rep1,kafka,sb-events-n10-feed7-rep1,1,4358,15849341800,6a0f8b8e-4e1b-42ee-b523-30b9a57b096e,3895052,51,4.25,4414017666,3895052:6a0f8b8e-4e1b-42ee-b523-30b9a57b096e,1,False
concurrency_n10_20260613_002350_kafka_feed7_rep1,kafka,sb-events-n10-feed7-rep1,1,4359,15849474600,43d10675-f46f-4529-b68d-2cb72e3bc959,3895107,51,4.25,4414017666,3895107:43d10675-f46f-4529-b68d-2cb72e3bc959,1,False
concurrency_n10_20260613_002350_kafka_feed7_rep1,kafka,sb-events-n10-feed7-rep1,1,4360,15849504100,098845c7-c0d6-49d4-a7e8-62ad71df1740,3895107,51,4.25,4414017666,3895107:098845c7-c0d6-49d4-a7e8-62ad71df1740,1,False
concurrency_n10_20260613_002350_kafka_feed7_rep1,kafka,sb-events-n10-feed7-rep1,1,4361,15849712100,43b4b6c3-f7eb-4660-9535-85090ee4a9c7,3895086,52,4.333333333333333,4414712111,3895086:43b4b6c3-f7eb-4660-9535-85090ee4a9c7,1,False
concurrency_n10_20260613_002350_kafka_feed7_rep1,kafka,sb-events-n10-feed7-rep1,1,4362,15849798800,3ff1967f-6e9f-4711-9f48-702eea0b78d3,3895107,52,4.333333333333333,4414712111,3895107:3ff1967f-6e9f-4711-9f48-702eea0b78d3,1,False
concurrency_n10_20260613_002350_kafka_feed7_rep1,kafka,sb-events-n10-feed7-rep1,1,4363,15849831900,4e0d3771-4b3b-409c-98fd-b89277a436ea,3895067,54,4.5,4416101000,3895067:4e0d3771-4b3b-409c-98fd-b89277a436ea,1,False
concurrency_n10_20260613_002350_kafka_feed7_rep1,kafka,sb-events-n10-feed7-rep1,1,4364,15849853600,424b5613-2a63-4bf4-8cfe-75e394f8c6df,3895095,54,4.5,4416101000,3895095:424b5613-2a63-4bf4-8cfe-75e394f8c6df,1,False
concurrency_n10_20260613_002350_kafka_feed7_rep1,kafka,sb-events-n10-feed7-rep1,1,4365,15849881400,c96ef0ba-2909-41e9-a9b0-43407092a108,3895067,55,4.583333333333333,4416795444,3895067:c96ef0ba-2909-41e9-a9b0-43407092a108,1,False
concurrency_n10_20260613_002350_kafka_feed7_rep1,kafka,sb-events-n10-feed7-rep1,1,4366,15849907100,d1da2207-3155-4079-bbef-e54815cde0d4,3895067,55,4.583333333333333,4416795444,3895067:d1da2207-3155-4079-bbef-e54815cde0d4,1,False
concurrency_n10_20260613_002350_kafka_feed7_rep1,kafka,sb-events-n10-feed7-rep1,1,4367,15850005400,afda6e2d-5673-419e-946e-2a513db81b5e,3895060,55,4.583333333333333,4416795444,3895060:afda6e2d-5673-419e-946e-2a513db81b5e,1,False
concurrency_n10_20260613_002350_kafka_feed7_rep1,kafka,sb-events-n10-feed7-rep1,1,4368,15850028400,6fa9e978-a06d-4ccb-856f-d1582b5abd82,3895107,55,4.583333333333333,4416795444,3895107:6fa9e978-a06d-4ccb-856f-d1582b5abd82,1,False
concurrency_n10_20260613_002350_kafka_feed7_rep1,kafka,sb-events-n10-feed7-rep1,1,4369,15850049300,597f312d-75ca-4d9d-bba8-27ea4be07ca1,3895086,56,4.666666666666667,4417489888,3895086:597f312d-75ca-4d9d-bba8-27ea4be07ca1,1,False
concurrency_n10_20260613_002350_kafka_feed7_rep1,kafka,sb-events-n10-feed7-rep1,1,4370,15850069900,cf6f40da-1c9d-4066-80cc-915eb4f227de,3895134,57,4.75,4418184333,3895134:cf6f40da-1c9d-4066-80cc-915eb4f227de,1,False
concurrency_n10_20260613_002350_kafka_feed7_rep1,kafka,sb-events-n10-feed7-rep1,1,4371,15850090000,d377d77b-8a2f-4385-b85e-ff34ae6fc979,3895067,57,4.75,4418184333,3895067:d377d77b-8a2f-4385-b85e-ff34ae6fc979,1,False
concurrency_n10_20260613_002350_kafka_feed7_rep1,kafka,sb-events-n10-feed7-rep1,1,4372,15850110300,df30aec4-f392-4ae8-8617-ebfbcfafc297,3895052,57,4.75,4418184333,3895052:df30aec4-f392-4ae8-8617-ebfbcfafc297,1,False
concurrency_n10_20260613_002350_kafka_feed7_rep1,kafka,sb-events-n10-feed7-rep1,1,4373,15850174200,47099e16-f149-4698-ab0f-18dd33415330,3895052,57,4.75,4418184333,3895052:47099e16-f149-4698-ab0f-18dd33415330,1,False
concurrency_n10_20260613_002350_kafka_feed7_rep1,kafka,sb-events-n10-feed7-rep1,1,4374,15850202100,f5b43151-5fdf-4d15-a30b-4ff7b695c61f,3895060,57,4.75,4418184333,3895060:f5b43151-5fdf-4d15-a30b-4ff7b695c61f,1,False
concurrency_n10_20260613_002350_kafka_feed7_rep1,kafka,sb-events-n10-feed7-rep1,1,4375,15850225800,f75fcf2d-b54f-4930-8863-1a48eba0ad9b,3895086,57,4.75,4418184333,3895086:f75fcf2d-b54f-4930-8863-1a48eba0ad9b,1,False
concurrency_n10_20260613_002350_kafka_feed7_rep1,kafka,sb-events-n10-feed7-rep1,1,4376,15850247700,0050f3cf-d991-464f-9340-a30c01c082d8,3895086,57,4.75,4418184333,3895086:0050f3cf-d991-464f-9340-a30c01c082d8,1,False
concurrency_n10_20260613_002350_kafka_feed7_rep1,kafka,sb-events-n10-feed7-rep1,1,4377,15850268400,0c14b70a-ac75-4bf6-b4df-53b669c54b6c,3895074,58,4.833333333333333,4418878777,3895074:0c14b70a-ac75-4bf6-b4df-53b669c54b6c,1,False
concurrency_n10_20260613_002350_kafka_feed7_rep1,kafka,sb-events-n10-feed7-rep1,1,4378,15850290800,9f945bf8-24a8-4f64-9dd4-5a1c5c201981,3895095,58,4.833333333333333,4418878777,3895095:9f945bf8-24a8-4f64-9dd4-5a1c5c201981,1,False
concurrency_n10_20260613_002350_kafka_feed7_rep1,kafka,sb-events-n10-feed7-rep1,1,4379,15850350900,36a42e6a-c56b-4d28-9ed5-75fef386b165,3895052,58,4.833333333333333,4418878777,3895052:36a42e6a-c56b-4d28-9ed5-75fef386b165,1,False
concurrency_n10_20260613_002350_kafka_feed7_rep1,kafka,sb-events-n10-feed7-rep1,1,4380,15850388000,41969f07-3af9-4753-98e8-69fbd27d21a4,3895095,59,4.916666666666667,4419573222,3895095:41969f07-3af9-4753-98e8-69fbd27d21a4,1,False
concurrency_n10_20260613_002350_kafka_feed7_rep1,kafka,sb-events-n10-feed7-rep1,1,4381,15850414700,73b4ab23-4ab4-4983-91d2-d8e21f5270f8,3895060,59,4.916666666666667,4419573222,3895060:73b4ab23-4ab4-4983-91d2-d8e21f5270f8,1,False
concurrency_n10_20260613_002350_kafka_feed7_rep1,kafka,sb-events-n10-feed7-rep1,1,4382,15850638500,ea520500-8ba0-47a7-ac12-b4c9c0a92146,3895074,60,5.0,4420267666,3895074:ea520500-8ba0-47a7-ac12-b4c9c0a92146,1,False
concurrency_n10_20260613_002350_kafka_feed7_rep1,kafka,sb-events-n10-feed7-rep1,1,4383,15850665800,9ff39e51-5a18-4e88-bd18-76090587a988,3895086,60,5.0,4420267666,3895086:9ff39e51-5a18-4e88-bd18-76090587a988,1,False
concurrency_n10_20260613_002350_kafka_feed7_rep1,kafka,sb-events-n10-feed7-rep1,1,4384,15850688500,0fef3645-2465-4dbf-8266-c2a35ee8293c,3895086,60,5.0,4420267666,3895086:0fef3645-2465-4dbf-8266-c2a35ee8293c,1,False
concurrency_n10_20260613_002350_kafka_feed7_rep1,kafka,sb-events-n10-feed7-rep1,1,4385,15850711800,d1f3d4f7-aeb6-4d26-95e1-37c7df992845,3895107,60,5.0,4420267666,3895107:d1f3d4f7-aeb6-4d26-95e1-37c7df992845,1,False
concurrency_n10_20260613_002350_kafka_feed7_rep1,kafka,sb-events-n10-feed7-rep1,0,4221,15901042400,573ca97f-df12-4b24-b903-fd5cfab89f5f,3895095,61,5.083333333333333,4420962111,3895095:573ca97f-df12-4b24-b903-fd5cfab89f5f,1,False
concurrency_n10_20260613_002350_kafka_feed7_rep1,kafka,sb-events-n10-feed7-rep1,0,4222,15901082000,f6c45edb-47d0-4be4-b045-3ba176307346,3895067,61,5.083333333333333,4420962111,3895067:f6c45edb-47d0-4be4-b045-3ba176307346,1,False
concurrency_n10_20260613_002350_kafka_feed7_rep1,kafka,sb-events-n10-feed7-rep1,0,4223,15901104200,87ab9da6-4d4d-49ac-b346-d587633dca6d,3895107,61,5.083333333333333,4420962111,3895107:87ab9da6-4d4d-49ac-b346-d587633dca6d,1,False
concurrency_n10_20260613_002350_kafka_feed7_rep1,kafka,sb-events-n10-feed7-rep1,0,4224,15901125500,061e0628-68ad-4a80-b7f9-013270c622e6,3895134,62,5.166666666666667,4421656555,3895134:061e0628-68ad-4a80-b7f9-013270c622e6,1,False
concurrency_n10_20260613_002350_kafka_feed7_rep1,kafka,sb-events-n10-feed7-rep1,0,4225,15901147100,d26fbd2e-8f2e-4866-bdbe-c8760f22c74d,3895067,62,5.166666666666667,4421656555,3895067:d26fbd2e-8f2e-4866-bdbe-c8760f22c74d,1,False
concurrency_n10_20260613_002350_kafka_feed7_rep1,kafka,sb-events-n10-feed7-rep1,0,4226,15901168000,31c46aa3-00f1-4007-b8cc-d80c69e3ed14,3895095,62,5.166666666666667,4421656555,3895095:31c46aa3-00f1-4007-b8cc-d80c69e3ed14,1,False
concurrency_n10_20260613_002350_kafka_feed7_rep1,kafka,sb-events-n10-feed7-rep1,0,4227,15901189300,215702bd-988d-4c16-b912-098e706dc436,3895060,62,5.166666666666667,4421656555,3895060:215702bd-988d-4c16-b912-098e706dc436,1,False
concurrency_n10_20260613_002350_kafka_feed7_rep1,kafka,sb-events-n10-feed7-rep1,0,4228,15901211000,7b87a711-05be-4ab9-bd63-138ccf3a3aee,3895107,62,5.166666666666667,4421656555,3895107:7b87a711-05be-4ab9-bd63-138ccf3a3aee,1,False
concurrency_n10_20260613_002350_kafka_feed7_rep1,kafka,sb-events-n10-feed7-rep1,0,4229,15901232800,8a1229f0-48a8-463b-bab1-5f70bbabe623,3895107,63,5.25,4422351000,3895107:8a1229f0-48a8-463b-bab1-5f70bbabe623,1,False
concurrency_n10_20260613_002350_kafka_feed7_rep1,kafka,sb-events-n10-feed7-rep1,0,4230,15901254200,acbc865f-9141-40f9-a346-65ef52c6929b,3895095,64,5.333333333333333,4423045444,3895095:acbc865f-9141-40f9-a346-65ef52c6929b,1,False
concurrency_n10_20260613_002350_kafka_feed7_rep1,kafka,sb-events-n10-feed7-rep1,0,4231,15901276400,3738ac1c-fd85-42ff-af77-922e92caa0da,3895095,64,5.333333333333333,4423045444,3895095:3738ac1c-fd85-42ff-af77-922e92caa0da,1,False
concurrency_n10_20260613_002350_kafka_feed7_rep1,kafka,sb-events-n10-feed7-rep1,0,4232,15901298700,0e01a3a4-1219-481f-a5e6-55796434f5bb,3895060,65,5.416666666666667,4423739888,3895060:0e01a3a4-1219-481f-a5e6-55796434f5bb,1,False
concurrency_n10_20260613_002350_kafka_feed7_rep1,kafka,sb-events-n10-feed7-rep1,0,4233,15901320200,b9c1c240-c544-4839-bcc4-5a923b040753,3895107,65,5.416666666666667,4423739888,3895107:b9c1c240-c544-4839-bcc4-5a923b040753,1,False
concurrency_n10_20260613_002350_kafka_feed7_rep1,kafka,sb-events-n10-feed7-rep1,0,4234,15901342100,7a5db723-f143-425c-a710-638c90148339,3895107,65,5.416666666666667,4423739888,3895107:7a5db723-f143-425c-a710-638c90148339,1,False
concurrency_n10_20260613_002350_kafka_feed7_rep1,kafka,sb-events-n10-feed7-rep1,1,4386,15901364000,e0937145-d1ed-4877-a928-cbb18cbb25ca,3895074,62,5.166666666666667,4421656555,3895074:e0937145-d1ed-4877-a928-cbb18cbb25ca,1,False
concurrency_n10_20260613_002350_kafka_feed7_rep1,kafka,sb-events-n10-feed7-rep1,1,4387,15901386000,129ff6d0-9863-49c1-8dba-874870c239f0,3895134,62,5.166666666666667,4421656555,3895134:129ff6d0-9863-49c1-8dba-874870c239f0,1,False
concurrency_n10_20260613_002350_kafka_feed7_rep1,kafka,sb-events-n10-feed7-rep1,1,4388,15901408400,1fdb765d-367a-4525-b795-03e1041c7b47,3895067,62,5.166666666666667,4421656555,3895067:1fdb765d-367a-4525-b795-03e1041c7b47,1,False
concurrency_n10_20260613_002350_kafka_feed7_rep1,kafka,sb-events-n10-feed7-rep1,1,4389,15901429300,e7be6cf1-4254-4d29-8124-ea29bd35b3dd,3895107,62,5.166666666666667,4421656555,3895107:e7be6cf1-4254-4d29-8124-ea29bd35b3dd,1,False
concurrency_n10_20260613_002350_kafka_feed7_rep1,kafka,sb-events-n10-feed7-rep1,1,4390,15901450900,462b9630-76bb-4eb7-8af1-c70d7cd3c9b6,3895134,63,5.25,4422351000,3895134:462b9630-76bb-4eb7-8af1-c70d7cd3c9b6,1,False
concurrency_n10_20260613_002350_kafka_feed7_rep1,kafka,sb-events-n10-feed7-rep1,1,4391,15901471500,36c29050-0f8f-4cea-ac50-3893cb3751f1,3895134,63,5.25,4422351000,3895134:36c29050-0f8f-4cea-ac50-3893cb3751f1,1,False
concurrency_n10_20260613_002350_kafka_feed7_rep1,kafka,sb-events-n10-feed7-rep1,1,4392,15901496000,b7213b1a-f155-4850-9b2f-536ed9db34f2,3895086,63,5.25,4422351000,3895086:b7213b1a-f155-4850-9b2f-536ed9db34f2,1,False
concurrency_n10_20260613_002350_kafka_feed7_rep1,kafka,sb-events-n10-feed7-rep1,1,4393,15901520800,a83a4d9a-a403-46b1-8409-6ef6d1831b2c,3895086,63,5.25,4422351000,3895086:a83a4d9a-a403-46b1-8409-6ef6d1831b2c,1,False
concurrency_n10_20260613_002350_kafka_feed7_rep1,kafka,sb-events-n10-feed7-rep1,1,4394,15901551600,32858944-d09e-4ab1-9836-35cc84ca5f23,3895107,63,5.25,4422351000,3895107:32858944-d09e-4ab1-9836-35cc84ca5f23,1,False
concurrency_n10_20260613_002350_kafka_feed7_rep1,kafka,sb-events-n10-feed7-rep1,1,4395,15901622300,0cd25412-a43a-4f1f-a330-290560bd0864,3895134,65,5.416666666666667,4423739888,3895134:0cd25412-a43a-4f1f-a330-290560bd0864,1,False
concurrency_n10_20260613_002350_kafka_feed7_rep1,kafka,sb-events-n10-feed7-rep1,1,4396,15901653200,a29483ce-323c-439b-a556-c452ba8e3740,3895134,65,5.416666666666667,4423739888,3895134:a29483ce-323c-439b-a556-c452ba8e3740,1,False
concurrency_n10_20260613_002350_kafka_feed7_rep1,kafka,sb-events-n10-feed7-rep1,1,4397,15901676400,d9141f23-47e6-4f96-8d68-afdb07320f56,3895060,65,5.416666666666667,4423739888,3895060:d9141f23-47e6-4f96-8d68-afdb07320f56,1,False
concurrency_n10_20260613_002350_kafka_feed7_rep1,kafka,sb-events-n10-feed7-rep1,2,4324,15901699200,0824066b-6377-4f4d-b9d6-b892e16165cf,3895086,52,4.333333333333333,4414712111,3895086:0824066b-6377-4f4d-b9d6-b892e16165cf,1,False
concurrency_n10_20260613_002350_kafka_feed7_rep1,kafka,sb-events-n10-feed7-rep1,2,4325,15901719600,c45e4c17-d965-492f-bf68-f2cc34aea3c6,3895107,52,4.333333333333333,4414712111,3895107:c45e4c17-d965-492f-bf68-f2cc34aea3c6,1,False
concurrency_n10_20260613_002350_kafka_feed7_rep1,kafka,sb-events-n10-feed7-rep1,2,4326,15903131600,7773b9fa-34dc-44fc-95f0-80ebcf280e8c,3895074,53,4.416666666666667,4415406555,3895074:7773b9fa-34dc-44fc-95f0-80ebcf280e8c,1,False
concurrency_n10_20260613_002350_kafka_feed7_rep1,kafka,sb-events-n10-feed7-rep1,2,4327,15903264800,65bd167c-af9e-4117-a832-2bd3eab41c47,3895052,53,4.416666666666667,4415406555,3895052:65bd167c-af9e-4117-a832-2bd3eab41c47,1,False
concurrency_n10_20260613_002350_kafka_feed7_rep1,kafka,sb-events-n10-feed7-rep1,2,4328,15903361000,f410a2e4-a20a-4740-9789-df374ad99354,3895134,54,4.5,4416101000,3895134:f410a2e4-a20a-4740-9789-df374ad99354,1,False
concurrency_n10_20260613_002350_kafka_feed7_rep1,kafka,sb-events-n10-feed7-rep1,2,4329,15903394200,d626a450-651a-452f-8bd2-40bd73e5570f,3895052,54,4.5,4416101000,3895052:d626a450-651a-452f-8bd2-40bd73e5570f,1,False
concurrency_n10_20260613_002350_kafka_feed7_rep1,kafka,sb-events-n10-feed7-rep1,2,4330,15903420500,edf8e33e-3227-4baf-8b1e-c9798a4bffb1,3895060,55,4.583333333333333,4416795444,3895060:edf8e33e-3227-4baf-8b1e-c9798a4bffb1,1,False
concurrency_n10_20260613_002350_kafka_feed7_rep1,kafka,sb-events-n10-feed7-rep1,2,4331,15903446000,ac9f8882-ceb0-433a-a7ce-42572013a74e,3895086,55,4.583333333333333,4416795444,3895086:ac9f8882-ceb0-433a-a7ce-42572013a74e,1,False
concurrency_n10_20260613_002350_kafka_feed7_rep1,kafka,sb-events-n10-feed7-rep1,2,4332,15903467400,4ee5d31d-6e7c-4942-8760-1f2e13c7ba9c,3895074,56,4.666666666666667,4417489888,3895074:4ee5d31d-6e7c-4942-8760-1f2e13c7ba9c,1,False
concurrency_n10_20260613_002350_kafka_feed7_rep1,kafka,sb-events-n10-feed7-rep1,2,4333,15903490000,592ec0c8-e456-449d-a137-235f6bfd6017,3895074,56,4.666666666666667,4417489888,3895074:592ec0c8-e456-449d-a137-235f6bfd6017,1,False
concurrency_n10_20260613_002350_kafka_feed7_rep1,kafka,sb-events-n10-feed7-rep1,2,4334,15903512000,c0a6ff18-bef9-4da4-a93d-df405de515ca,3895134,56,4.666666666666667,4417489888,3895134:c0a6ff18-bef9-4da4-a93d-df405de515ca,1,False
concurrency_n10_20260613_002350_kafka_feed7_rep1,kafka,sb-events-n10-feed7-rep1,2,4335,15903534800,6260cbb1-d2f6-4026-baaa-31ce8297fc11,3895060,56,4.666666666666667,4417489888,3895060:6260cbb1-d2f6-4026-baaa-31ce8297fc11,1,False
concurrency_n10_20260613_002350_kafka_feed7_rep1,kafka,sb-events-n10-feed7-rep1,2,4336,15903556600,425f41d2-7da1-4c10-b0f5-cc89c05ea4fe,3895086,56,4.666666666666667,4417489888,3895086:425f41d2-7da1-4c10-b0f5-cc89c05ea4fe,1,False
concurrency_n10_20260613_002350_kafka_feed7_rep1,kafka,sb-events-n10-feed7-rep1,2,4337,15903578700,a38a5179-ed61-4c45-ab30-f6e861acd9a8,3895086,56,4.666666666666667,4417489888,3895086:a38a5179-ed61-4c45-ab30-f6e861acd9a8,1,False
concurrency_n10_20260613_002350_kafka_feed7_rep1,kafka,sb-events-n10-feed7-rep1,2,4338,15903599600,e2de8d47-cc41-49eb-a56e-8da9b62c1102,3895086,56,4.666666666666667,4417489888,3895086:e2de8d47-cc41-49eb-a56e-8da9b62c1102,1,False
concurrency_n10_20260613_002350_kafka_feed7_rep1,kafka,sb-events-n10-feed7-rep1,2,4339,15903621300,b608a12f-beb4-4db1-9424-437a6d8b6ff1,3895107,56,4.666666666666667,4417489888,3895107:b608a12f-beb4-4db1-9424-437a6d8b6ff1,1,False
concurrency_n10_20260613_002350_kafka_feed7_rep1,kafka,sb-events-n10-feed7-rep1,2,4340,15903642300,129e9e4c-4a52-491d-89a9-fb8b711d3de0,3895095,57,4.75,4418184333,3895095:129e9e4c-4a52-491d-89a9-fb8b711d3de0,1,False
concurrency_n10_20260613_002350_kafka_feed7_rep1,kafka,sb-events-n10-feed7-rep1,2,4341,15903663400,43c4c705-3da0-414e-b853-cb075fc6bc69,3895134,57,4.75,4418184333,3895134:43c4c705-3da0-414e-b853-cb075fc6bc69,1,False
concurrency_n10_20260613_002350_kafka_feed7_rep1,kafka,sb-events-n10-feed7-rep1,2,4342,15903686600,4ef419c9-5ff0-444e-86a6-50a703b1769f,3895107,58,4.833333333333333,4418878777,3895107:4ef419c9-5ff0-444e-86a6-50a703b1769f,1,False
concurrency_n10_20260613_002350_kafka_feed7_rep1,kafka,sb-events-n10-feed7-rep1,2,4343,15903710200,5674247a-ead4-4a96-bd38-ef2319eecf34,3895134,59,4.916666666666667,4419573222,3895134:5674247a-ead4-4a96-bd38-ef2319eecf34,1,False
concurrency_n10_20260613_002350_kafka_feed7_rep1,kafka,sb-events-n10-feed7-rep1,2,4344,15903733100,b7b039ca-bac1-4467-af8e-0fd8796bb6c9,3895052,59,4.916666666666667,4419573222,3895052:b7b039ca-bac1-4467-af8e-0fd8796bb6c9,1,False
concurrency_n10_20260613_002350_kafka_feed7_rep1,kafka,sb-events-n10-feed7-rep1,2,4345,15903761400,5ba85175-4aee-426a-bece-2a16c73e89b7,3895052,59,4.916666666666667,4419573222,3895052:5ba85175-4aee-426a-bece-2a16c73e89b7,1,False
concurrency_n10_20260613_002350_kafka_feed7_rep1,kafka,sb-events-n10-feed7-rep1,2,4346,15903794400,d89d3340-d2ef-47db-9827-7d447bae5b2d,3895086,59,4.916666666666667,4419573222,3895086:d89d3340-d2ef-47db-9827-7d447bae5b2d,1,False
concurrency_n10_20260613_002350_kafka_feed7_rep1,kafka,sb-events-n10-feed7-rep1,2,4347,15903817800,a8bd1431-210e-4840-8d05-60ce4a7de877,3895095,60,5.0,4420267666,3895095:a8bd1431-210e-4840-8d05-60ce4a7de877,1,False
concurrency_n10_20260613_002350_kafka_feed7_rep1,kafka,sb-events-n10-feed7-rep1,2,4348,15903839800,14bd2c1c-b359-4192-a0ae-90ad860f3371,3895067,60,5.0,4420267666,3895067:14bd2c1c-b359-4192-a0ae-90ad860f3371,1,False
concurrency_n10_20260613_002350_kafka_feed7_rep1,kafka,sb-events-n10-feed7-rep1,2,4349,15903868800,50b41d81-f36f-4161-a4d2-36ba1befc4be,3895060,60,5.0,4420267666,3895060:50b41d81-f36f-4161-a4d2-36ba1befc4be,1,False
concurrency_n10_20260613_002350_kafka_feed7_rep1,kafka,sb-events-n10-feed7-rep1,2,4350,15903900500,b0d138df-c84d-4eeb-a19e-0550afb12c63,3895086,60,5.0,4420267666,3895086:b0d138df-c84d-4eeb-a19e-0550afb12c63,1,False
concurrency_n10_20260613_002350_kafka_feed7_rep1,kafka,sb-events-n10-feed7-rep1,2,4351,15903925700,09e0176e-01c2-4e75-8d19-c75cbac22a53,3895107,60,5.0,4420267666,3895107:09e0176e-01c2-4e75-8d19-c75cbac22a53,1,False
concurrency_n10_20260613_002350_kafka_feed7_rep1,kafka,sb-events-n10-feed7-rep1,2,4352,15903953300,34c91fb7-795d-4df5-8ab3-5f70f1b97f3e,3895095,61,5.083333333333333,4420962111,3895095:34c91fb7-795d-4df5-8ab3-5f70f1b97f3e,1,False
concurrency_n10_20260613_002350_kafka_feed7_rep1,kafka,sb-events-n10-feed7-rep1,2,4353,15903977400,1836c083-ec4c-43a4-8657-38a223bb16dd,3895095,61,5.083333333333333,4420962111,3895095:1836c083-ec4c-43a4-8657-38a223bb16dd,1,False
concurrency_n10_20260613_002350_kafka_feed7_rep1,kafka,sb-events-n10-feed7-rep1,2,4354,15903998400,1ea888d8-48ff-4d6c-885b-c9a8d3744c05,3895107,61,5.083333333333333,4420962111,3895107:1ea888d8-48ff-4d6c-885b-c9a8d3744c05,1,False
concurrency_n10_20260613_002350_kafka_feed7_rep1,kafka,sb-events-n10-feed7-rep1,2,4355,15904018500,38bc5dd4-ab47-4018-b7d9-81675e34065d,3895095,62,5.166666666666667,4421656555,3895095:38bc5dd4-ab47-4018-b7d9-81675e34065d,1,False
concurrency_n10_20260613_002350_kafka_feed7_rep1,kafka,sb-events-n10-feed7-rep1,2,4356,15904038500,01c545d4-a6cc-4676-8a4d-8009474261f5,3895095,62,5.166666666666667,4421656555,3895095:01c545d4-a6cc-4676-8a4d-8009474261f5,1,False
concurrency_n10_20260613_002350_kafka_feed7_rep1,kafka,sb-events-n10-feed7-rep1,2,4357,15904113300,9148af0d-4762-4534-9be6-d021bfa84229,3895086,62,5.166666666666667,4421656555,3895086:9148af0d-4762-4534-9be6-d021bfa84229,1,False
concurrency_n10_20260613_002350_kafka_feed7_rep1,kafka,sb-events-n10-feed7-rep1,2,4358,15904138000,25afa92b-9c66-4495-9ab0-db38372482b3,3895134,63,5.25,4422351000,3895134:25afa92b-9c66-4495-9ab0-db38372482b3,1,False
concurrency_n10_20260613_002350_kafka_feed7_rep1,kafka,sb-events-n10-feed7-rep1,2,4359,15904158300,23a40fdf-f42f-4d42-8d67-eb5f408de82e,3895107,63,5.25,4422351000,3895107:23a40fdf-f42f-4d42-8d67-eb5f408de82e,1,False
concurrency_n10_20260613_002350_kafka_feed7_rep1,kafka,sb-events-n10-feed7-rep1,2,4360,15904178400,1379ddbd-ee4e-4f78-b58a-fe294f7f36a2,3895107,63,5.25,4422351000,3895107:1379ddbd-ee4e-4f78-b58a-fe294f7f36a2,1,False
concurrency_n10_20260613_002350_kafka_feed7_rep1,kafka,sb-events-n10-feed7-rep1,2,4361,15904200900,4842b3ff-23c6-47cf-8c16-3e48a1cd8d1f,3895134,64,5.333333333333333,4423045444,3895134:4842b3ff-23c6-47cf-8c16-3e48a1cd8d1f,1,False
concurrency_n10_20260613_002350_kafka_feed7_rep1,kafka,sb-events-n10-feed7-rep1,2,4362,15904224000,8d43c287-36a4-460e-a406-9a814d3e200f,3895134,65,5.416666666666667,4423739888,3895134:8d43c287-36a4-460e-a406-9a814d3e200f,1,False
concurrency_n10_20260613_002350_kafka_feed7_rep1,kafka,sb-events-n10-feed7-rep1,2,4363,15904247200,f53c9e0a-20c5-4066-827d-52fd789ef212,3895107,65,5.416666666666667,4423739888,3895107:f53c9e0a-20c5-4066-827d-52fd789ef212,1,False
concurrency_n10_20260613_002350_kafka_feed7_rep1,kafka,sb-events-n10-feed7-rep1,2,4364,15904271500,a915d518-180b-4427-bd9f-e289d0c966bf,3895107,65,5.416666666666667,4423739888,3895107:a915d518-180b-4427-bd9f-e289d0c966bf,1,False
concurrency_n10_20260613_002350_kafka_feed7_rep1,kafka,sb-events-n10-feed7-rep1,0,4235,15915050400,124b56b6-5aad-473a-a03d-51ba544e2841,3895074,66,5.5,4424434333,3895074:124b56b6-5aad-473a-a03d-51ba544e2841,1,False
concurrency_n10_20260613_002350_kafka_feed7_rep1,kafka,sb-events-n10-feed7-rep1,0,4236,15915103400,efc39209-6b62-4e89-889d-cdd3adb621aa,3895095,66,5.5,4424434333,3895095:efc39209-6b62-4e89-889d-cdd3adb621aa,1,False
concurrency_n10_20260613_002350_kafka_feed7_rep1,kafka,sb-events-n10-feed7-rep1,0,4237,15915130100,77baec20-ea17-4e90-9865-9ea44e5b9906,3895060,66,5.5,4424434333,3895060:77baec20-ea17-4e90-9865-9ea44e5b9906,1,False
concurrency_n10_20260613_002350_kafka_feed7_rep1,kafka,sb-events-n10-feed7-rep1,0,4238,15915157900,22d98172-0940-4b76-9d89-977103cfaf56,3895086,66,5.5,4424434333,3895086:22d98172-0940-4b76-9d89-977103cfaf56,1,False
concurrency_n10_20260613_002350_kafka_feed7_rep1,kafka,sb-events-n10-feed7-rep1,1,4398,15915189400,2b0079ed-347b-4639-ae5e-e42346f7f024,3895060,66,5.5,4424434333,3895060:2b0079ed-347b-4639-ae5e-e42346f7f024,1,False
concurrency_n10_20260613_002350_kafka_feed7_rep1,kafka,sb-events-n10-feed7-rep1,2,4365,15984152000,bd92c3a1-9dc9-4b79-bb47-cf45e3d7bb5c,3895134,67,5.583333333333333,4425128777,3895134:bd92c3a1-9dc9-4b79-bb47-cf45e3d7bb5c,1,False
concurrency_n10_20260613_002350_kafka_feed7_rep1,kafka,sb-events-n10-feed7-rep1,2,4366,15984191600,22f1fbed-caed-4cd7-a01a-4c33238f8369,3895060,67,5.583333333333333,4425128777,3895060:22f1fbed-caed-4cd7-a01a-4c33238f8369,1,False
concurrency_n10_20260613_002350_kafka_feed7_rep1,kafka,sb-events-n10-feed7-rep1,0,4239,15984213600,1d25289e-8fad-4dd2-a7ed-f62ac9124432,3895095,67,5.583333333333333,4425128777,3895095:1d25289e-8fad-4dd2-a7ed-f62ac9124432,1,False
concurrency_n10_20260613_002350_kafka_feed7_rep1,kafka,sb-events-n10-feed7-rep1,0,4240,15984235400,f3623e43-a3ad-472d-bf07-52854c1156a0,3895134,67,5.583333333333333,4425128777,3895134:f3623e43-a3ad-472d-bf07-52854c1156a0,1,False
concurrency_n10_20260613_002350_kafka_feed7_rep1,kafka,sb-events-n10-feed7-rep1,1,4399,15984256600,879a2ca6-96c3-4b1b-b2c0-4a20cb875ef0,3895107,66,5.5,4424434333,3895107:879a2ca6-96c3-4b1b-b2c0-4a20cb875ef0,1,False
concurrency_n10_20260613_002350_kafka_feed7_rep1,kafka,sb-events-n10-feed7-rep1,1,4400,15984277400,c2d28a7c-daa5-4926-982f-1652183c5083,3895113,67,5.583333333333333,4425128777,3895113:c2d28a7c-daa5-4926-982f-1652183c5083,1,False
concurrency_n10_20260613_002350_kafka_feed7_rep1,kafka,sb-events-n10-feed7-rep1,1,4401,15984298200,243d0981-94fe-4740-a31e-5ed204a71634,3895095,67,5.583333333333333,4425128777,3895095:243d0981-94fe-4740-a31e-5ed204a71634,1,False
concurrency_n10_20260613_002350_kafka_feed7_rep1,kafka,sb-events-n10-feed7-rep1,1,4402,15984339800,969e6e2a-a707-4254-a316-0c56fe2e1401,3895134,67,5.583333333333333,4425128777,3895134:969e6e2a-a707-4254-a316-0c56fe2e1401,1,False
concurrency_n10_20260613_002350_kafka_feed7_rep1,kafka,sb-events-n10-feed7-rep1,0,4241,15997842900,ec6e3c89-0592-45ca-92a4-0b1f73639cc9,3895086,67,5.583333333333333,4425128777,3895086:ec6e3c89-0592-45ca-92a4-0b1f73639cc9,1,False
concurrency_n10_20260613_002350_kafka_feed7_rep1,kafka,sb-events-n10-feed7-rep1,1,4403,15997965900,6d9d2fb5-5c2e-4d06-8fb2-5ebcf5814440,3895086,67,5.583333333333333,4425128777,3895086:6d9d2fb5-5c2e-4d06-8fb2-5ebcf5814440,1,False
concurrency_n10_20260613_002350_kafka_feed7_rep1,kafka,sb-events-n10-feed7-rep1,2,4367,16018453200,5af1575f-7cd2-4bfd-a8ec-b8345a0203f6,3895107,67,5.583333333333333,4425128777,3895107:5af1575f-7cd2-4bfd-a8ec-b8345a0203f6,1,False
concurrency_n10_20260613_002350_kafka_feed7_rep1,kafka,sb-events-n10-feed7-rep1,2,4368,16018492300,19991ad9-4667-4a8d-ad80-aa34b26b07cc,3895107,67,5.583333333333333,4425128777,3895107:19991ad9-4667-4a8d-ad80-aa34b26b07cc,1,False
concurrency_n10_20260613_002350_kafka_feed7_rep1,kafka,sb-events-n10-feed7-rep1,2,4369,16018513500,b4990958-c5e9-4397-98fb-8b00e533bd8d,3895067,68,5.666666666666667,4425823222,3895067:b4990958-c5e9-4397-98fb-8b00e533bd8d,1,False
concurrency_n10_20260613_002350_kafka_feed7_rep1,kafka,sb-events-n10-feed7-rep1,1,4404,16018533600,867520d6-dfef-41bc-a2cb-92814d1b009e,3895107,67,5.583333333333333,4425128777,3895107:867520d6-dfef-41bc-a2cb-92814d1b009e,1,False
concurrency_n10_20260613_002350_kafka_feed7_rep1,kafka,sb-events-n10-feed7-rep1,0,4242,16030117600,f86f35a5-e792-4bba-a580-a9faaf7b91b8,3895067,68,5.666666666666667,4425823222,3895067:f86f35a5-e792-4bba-a580-a9faaf7b91b8,1,False
concurrency_n10_20260613_002350_kafka_feed7_rep1,kafka,sb-events-n10-feed7-rep1,2,4370,16030161800,36f8affa-15ee-4df1-9318-99c8bafa69d9,3895067,68,5.666666666666667,4425823222,3895067:36f8affa-15ee-4df1-9318-99c8bafa69d9,1,False
concurrency_n10_20260613_002350_kafka_feed7_rep1,kafka,sb-events-n10-feed7-rep1,0,4243,16042004300,0e74dafc-22b0-4338-b83e-c9d1e0aa24f9,3895095,68,5.666666666666667,4425823222,3895095:0e74dafc-22b0-4338-b83e-c9d1e0aa24f9,1,False
concurrency_n10_20260613_002350_kafka_feed7_rep1,kafka,sb-events-n10-feed7-rep1,2,4371,16056294400,ed8b7343-7610-4f35-88df-fd3ee7038bf6,3895095,68,5.666666666666667,4425823222,3895095:ed8b7343-7610-4f35-88df-fd3ee7038bf6,1,False
concurrency_n10_20260613_002350_kafka_feed7_rep1,kafka,sb-events-n10-feed7-rep1,0,4244,16084782500,47a53206-d225-475c-8a03-727c2cea5798,3895107,68,5.666666666666667,4425823222,3895107:47a53206-d225-475c-8a03-727c2cea5798,1,False
concurrency_n10_20260613_002350_kafka_feed7_rep1,kafka,sb-events-n10-feed7-rep1,2,4372,16084822200,b11c6b88-fb5e-40e2-bf63-fdf423948d08,3895134,68,5.666666666666667,4425823222,3895134:b11c6b88-fb5e-40e2-bf63-fdf423948d08,1,False
concurrency_n10_20260613_002350_kafka_feed7_rep1,kafka,sb-events-n10-feed7-rep1,1,4405,16149292100,7f414b32-2539-459e-a9d2-cb11a5bf6bb4,3895107,68,5.666666666666667,4425823222,3895107:7f414b32-2539-459e-a9d2-cb11a5bf6bb4,1,False
concurrency_n10_20260613_002350_kafka_feed7_rep1,kafka,sb-events-n10-feed7-rep1,1,4406,16149335100,367dfd27-b619-44de-b6c4-7ad7d566c4aa,3895074,69,5.75,4426517666,3895074:367dfd27-b619-44de-b6c4-7ad7d566c4aa,1,False
concurrency_n10_20260613_002350_kafka_feed7_rep1,kafka,sb-events-n10-feed7-rep1,0,4245,16149360700,0abe475e-507a-4aa0-8898-55101c96acf3,3895074,69,5.75,4426517666,3895074:0abe475e-507a-4aa0-8898-55101c96acf3,1,False
concurrency_n10_20260613_002350_kafka_feed7_rep1,kafka,sb-events-n10-feed7-rep1,2,4373,16174788300,67aa4360-2ca6-40ae-ae0c-19bc9664a04f,3895134,69,5.75,4426517666,3895134:67aa4360-2ca6-40ae-ae0c-19bc9664a04f,1,False
concurrency_n10_20260613_002350_kafka_feed7_rep1,kafka,sb-events-n10-feed7-rep1,2,4374,16174826800,eacb7d73-9ad3-4ec1-80ea-616c89070d06,3895060,69,5.75,4426517666,3895060:eacb7d73-9ad3-4ec1-80ea-616c89070d06,1,False
concurrency_n10_20260613_002350_kafka_feed7_rep1,kafka,sb-events-n10-feed7-rep1,2,4375,16174849600,ba95ec5e-1bbc-4177-9b95-d5d01d513f38,3895060,69,5.75,4426517666,3895060:ba95ec5e-1bbc-4177-9b95-d5d01d513f38,1,False
concurrency_n10_20260613_002350_kafka_feed7_rep1,kafka,sb-events-n10-feed7-rep1,1,4407,16174870200,281fd3ce-e8df-441f-8cfd-a07364810af5,3895134,69,5.75,4426517666,3895134:281fd3ce-e8df-441f-8cfd-a07364810af5,1,False
concurrency_n10_20260613_002350_kafka_feed7_rep1,kafka,sb-events-n10-feed7-rep1,1,4408,16174889500,2ca85bad-b7b5-47d4-931f-36e0b6ca84c8,3895060,69,5.75,4426517666,3895060:2ca85bad-b7b5-47d4-931f-36e0b6ca84c8,1,False
concurrency_n10_20260613_002350_kafka_feed7_rep1,kafka,sb-events-n10-feed7-rep1,1,4409,16174909600,b98a316d-476c-4b9c-8842-e1bedddaa80c,3895060,69,5.75,4426517666,3895060:b98a316d-476c-4b9c-8842-e1bedddaa80c,1,False
concurrency_n10_20260613_002350_kafka_feed7_rep1,kafka,sb-events-n10-feed7-rep1,0,4246,16174929000,e8a7f976-a305-43a3-a4fa-8c50b143e343,3895074,69,5.75,4426517666,3895074:e8a7f976-a305-43a3-a4fa-8c50b143e343,1,False
concurrency_n10_20260613_002350_kafka_feed7_rep1,kafka,sb-events-n10-feed7-rep1,0,4247,16174948700,4b32f517-ca9b-42eb-b0e2-fa3d3fd72a9d,3895113,69,5.75,4426517666,3895113:4b32f517-ca9b-42eb-b0e2-fa3d3fd72a9d,1,False
concurrency_n10_20260613_002350_kafka_feed7_rep1,kafka,sb-events-n10-feed7-rep1,0,4248,16174968700,703eb940-4760-476a-8e93-15095c5c61ae,3895134,69,5.75,4426517666,3895134:703eb940-4760-476a-8e93-15095c5c61ae,1,False
concurrency_n10_20260613_002350_kafka_feed7_rep1,kafka,sb-events-n10-feed7-rep1,0,4249,16174988900,6391b46f-de24-49c6-bb62-a2ec65d9499b,3895134,69,5.75,4426517666,3895134:6391b46f-de24-49c6-bb62-a2ec65d9499b,1,False
concurrency_n10_20260613_002350_kafka_feed7_rep1,kafka,sb-events-n10-feed7-rep1,2,4376,16185650200,8d519b7c-5ec8-4ac8-84c9-0452499a59e4,3895067,70,5.833333333333333,4427212111,3895067:8d519b7c-5ec8-4ac8-84c9-0452499a59e4,1,False
concurrency_n10_20260613_002350_kafka_feed7_rep1,kafka,sb-events-n10-feed7-rep1,0,4250,16185703300,e1f59890-1435-4ba2-80d9-8b3be217affe,3895086,69,5.75,4426517666,3895086:e1f59890-1435-4ba2-80d9-8b3be217affe,1,False
concurrency_n10_20260613_002350_kafka_feed7_rep1,kafka,sb-events-n10-feed7-rep1,0,4251,16204435400,2d4baaec-2c5a-4ff2-8313-30f9417e93b8,3895067,70,5.833333333333333,4427212111,3895067:2d4baaec-2c5a-4ff2-8313-30f9417e93b8,1,False
concurrency_n10_20260613_002350_kafka_feed7_rep1,kafka,sb-events-n10-feed7-rep1,1,4410,16297988500,4b946b9d-6dfa-4667-9bf3-4a155e7bf557,3895095,70,5.833333333333333,4427212111,3895095:4b946b9d-6dfa-4667-9bf3-4a155e7bf557,1,False
concurrency_n10_20260613_002350_kafka_feed7_rep1,kafka,sb-events-n10-feed7-rep1,0,4252,16298036400,5479badb-65f4-40d6-877b-c6d336d4f055,3895067,70,5.833333333333333,4427212111,3895067:5479badb-65f4-40d6-877b-c6d336d4f055,1,False
concurrency_n10_20260613_002350_kafka_feed7_rep1,kafka,sb-events-n10-feed7-rep1,2,4377,16318501800,d5433b8f-f6d6-45c3-af43-2cddf339f8a2,3895086,70,5.833333333333333,4427212111,3895086:d5433b8f-f6d6-45c3-af43-2cddf339f8a2,1,False
concurrency_n10_20260613_002350_kafka_feed7_rep1,kafka,sb-events-n10-feed7-rep1,2,4378,16318552200,130387fb-d150-4ba9-a5a3-fbad1ec9875a,3895074,71,5.916666666666667,4427906555,3895074:130387fb-d150-4ba9-a5a3-fbad1ec9875a,1,False
concurrency_n10_20260613_002350_kafka_feed7_rep1,kafka,sb-events-n10-feed7-rep1,2,4379,16318584400,a4d7338b-e05b-4a0a-976f-3bc978858503,3895095,72,6.0,4428601000,3895095:a4d7338b-e05b-4a0a-976f-3bc978858503,1,False
concurrency_n10_20260613_002350_kafka_feed7_rep1,kafka,sb-events-n10-feed7-rep1,1,4411,16318616600,0e0c6463-85aa-4e53-95a9-9fb881abd73d,3895095,70,5.833333333333333,4427212111,3895095:0e0c6463-85aa-4e53-95a9-9fb881abd73d,1,False
concurrency_n10_20260613_002350_kafka_feed7_rep1,kafka,sb-events-n10-feed7-rep1,1,4412,16318648600,3a99f56c-7492-450b-8baa-742b6125553f,3895086,70,5.833333333333333,4427212111,3895086:3a99f56c-7492-450b-8baa-742b6125553f,1,False
concurrency_n10_20260613_002350_kafka_feed7_rep1,kafka,sb-events-n10-feed7-rep1,1,4413,16318672200,64edd3bf-0d45-4889-b29d-3e52cf2bfab6,3895113,71,5.916666666666667,4427906555,3895113:64edd3bf-0d45-4889-b29d-3e52cf2bfab6,1,False
concurrency_n10_20260613_002350_kafka_feed7_rep1,kafka,sb-events-n10-feed7-rep1,1,4414,16318693700,a1e9cef7-0191-43da-803d-5de771649a04,3895067,71,5.916666666666667,4427906555,3895067:a1e9cef7-0191-43da-803d-5de771649a04,1,False
concurrency_n10_20260613_002350_kafka_feed7_rep1,kafka,sb-events-n10-feed7-rep1,1,4415,16318713500,7a6f68e7-7f57-4509-ad78-5afa6f5cbcfd,3895095,71,5.916666666666667,4427906555,3895095:7a6f68e7-7f57-4509-ad78-5afa6f5cbcfd,1,False
concurrency_n10_20260613_002350_kafka_feed7_rep1,kafka,sb-events-n10-feed7-rep1,1,4416,16318731500,e8102462-a276-4a5b-a772-16bf8e3d8314,3895095,72,6.0,4428601000,3895095:e8102462-a276-4a5b-a772-16bf8e3d8314,1,False
concurrency_n10_20260613_002350_kafka_feed7_rep1,kafka,sb-events-n10-feed7-rep1,1,4417,16318751100,960ee649-a7e7-4b33-9479-dae36d7e1a3a,3895095,72,6.0,4428601000,3895095:960ee649-a7e7-4b33-9479-dae36d7e1a3a,1,False
concurrency_n10_20260613_002350_kafka_feed7_rep1,kafka,sb-events-n10-feed7-rep1,0,4253,16318772200,080735a9-1e68-4c36-addb-696097f34cad,3895134,70,5.833333333333333,4427212111,3895134:080735a9-1e68-4c36-addb-696097f34cad,1,False
concurrency_n10_20260613_002350_kafka_feed7_rep1,kafka,sb-events-n10-feed7-rep1,0,4254,16318793600,ac53cb18-8fe5-49f9-beb1-7041a7087452,3895134,70,5.833333333333333,4427212111,3895134:ac53cb18-8fe5-49f9-beb1-7041a7087452,1,False
concurrency_n10_20260613_002350_kafka_feed7_rep1,kafka,sb-events-n10-feed7-rep1,0,4255,16318813600,28009e86-e67a-4c78-9ae9-9631dcd03d8d,3895074,71,5.916666666666667,4427906555,3895074:28009e86-e67a-4c78-9ae9-9631dcd03d8d,1,False
concurrency_n10_20260613_002350_kafka_feed7_rep1,kafka,sb-events-n10-feed7-rep1,0,4256,16318834300,0f5b1f64-76db-4a0a-9aa2-19720783e25e,3895067,71,5.916666666666667,4427906555,3895067:0f5b1f64-76db-4a0a-9aa2-19720783e25e,1,False
concurrency_n10_20260613_002350_kafka_feed7_rep1,kafka,sb-events-n10-feed7-rep1,0,4257,16318854300,65416e96-ab82-45f6-83ec-f23beb6e7403,3895052,72,6.0,4428601000,3895052:65416e96-ab82-45f6-83ec-f23beb6e7403,1,False
concurrency_n10_20260613_002350_kafka_feed7_rep1,kafka,sb-events-n10-feed7-rep1,0,4258,16318874500,619811cc-0ff8-4c5d-b3b3-c9d1fc5fd457,3895095,72,6.0,4428601000,3895095:619811cc-0ff8-4c5d-b3b3-c9d1fc5fd457,1,False
concurrency_n10_20260613_002350_kafka_feed7_rep1,kafka,sb-events-n10-feed7-rep1,1,4418,16327722800,a916cdcd-7cb8-4756-987e-8fc479ffcdbf,3895086,72,6.0,4428601000,3895086:a916cdcd-7cb8-4756-987e-8fc479ffcdbf,1,False
concurrency_n10_20260613_002350_kafka_feed7_rep1,kafka,sb-events-n10-feed7-rep1,0,4259,16335717600,eb933861-289b-4a65-8450-301c0f249de2,3895074,73,6.083333333333333,4429295444,3895074:eb933861-289b-4a65-8450-301c0f249de2,1,False
concurrency_n10_20260613_002350_kafka_feed7_rep1,kafka,sb-events-n10-feed7-rep1,0,4260,16346202000,253d7c12-c293-456e-b02f-30065daeb31a,3895052,73,6.083333333333333,4429295444,3895052:253d7c12-c293-456e-b02f-30065daeb31a,1,False
concurrency_n10_20260613_002350_kafka_feed7_rep1,kafka,sb-events-n10-feed7-rep1,2,4380,16365578700,f244b229-4382-49ff-a159-2eb53ec47566,3895113,73,6.083333333333333,4429295444,3895113:f244b229-4382-49ff-a159-2eb53ec47566,1,False
concurrency_n10_20260613_002350_kafka_feed7_rep1,kafka,sb-events-n10-feed7-rep1,1,4419,16365626100,ef8e2d33-6773-4093-9d0c-aa253f6492c6,3895052,73,6.083333333333333,4429295444,3895052:ef8e2d33-6773-4093-9d0c-aa253f6492c6,1,False
concurrency_n10_20260613_002350_kafka_feed7_rep1,kafka,sb-events-n10-feed7-rep1,2,4381,16381038400,e070983c-7ef0-4a59-8492-631b39ddb6ee,3895134,73,6.083333333333333,4429295444,3895134:e070983c-7ef0-4a59-8492-631b39ddb6ee,1,False
concurrency_n10_20260613_002350_kafka_feed7_rep1,kafka,sb-events-n10-feed7-rep1,2,4382,16381085200,86fd9161-30db-4f9d-8709-7b22e7cd9f37,3895086,73,6.083333333333333,4429295444,3895086:86fd9161-30db-4f9d-8709-7b22e7cd9f37,1,False
concurrency_n10_20260613_002350_kafka_feed7_rep1,kafka,sb-events-n10-feed7-rep1,2,4383,16381107200,3dd8c747-4d06-438f-822f-59be62a38dbd,3895086,73,6.083333333333333,4429295444,3895086:3dd8c747-4d06-438f-822f-59be62a38dbd,1,False
concurrency_n10_20260613_002350_kafka_feed7_rep1,kafka,sb-events-n10-feed7-rep1,2,4384,16381188300,0ac2f4e4-a59f-4b03-94ae-b65472503b1c,3895113,74,6.166666666666667,4429989888,3895113:0ac2f4e4-a59f-4b03-94ae-b65472503b1c,1,False
concurrency_n10_20260613_002350_kafka_feed7_rep1,kafka,sb-events-n10-feed7-rep1,1,4420,16381216400,59167877-23ef-4fbd-9e96-127aef642a42,3895134,73,6.083333333333333,4429295444,3895134:59167877-23ef-4fbd-9e96-127aef642a42,1,False
concurrency_n10_20260613_002350_kafka_feed7_rep1,kafka,sb-events-n10-feed7-rep1,1,4421,16401409900,d7de91c1-aaf7-4be5-8968-e876ee80e100,3895086,74,6.166666666666667,4429989888,3895086:d7de91c1-aaf7-4be5-8968-e876ee80e100,1,False
concurrency_n10_20260613_002350_kafka_feed7_rep1,kafka,sb-events-n10-feed7-rep1,0,4261,16487466700,c95f44b1-c0d3-465b-a5b8-24951f956a21,3895121,75,6.25,4430684333,3895121:c95f44b1-c0d3-465b-a5b8-24951f956a21,1,False
concurrency_n10_20260613_002350_kafka_feed7_rep1,kafka,sb-events-n10-feed7-rep1,0,4262,16487554700,7c9e8cf2-07c3-471b-8da6-681419a22208,3895052,75,6.25,4430684333,3895052:7c9e8cf2-07c3-471b-8da6-681419a22208,1,False
concurrency_n10_20260613_002350_kafka_feed7_rep1,kafka,sb-events-n10-feed7-rep1,1,4422,16487669900,347e4824-813c-43a1-9ab5-557ddfa469ae,3895074,75,6.25,4430684333,3895074:347e4824-813c-43a1-9ab5-557ddfa469ae,1,False
concurrency_n10_20260613_002350_kafka_feed7_rep1,kafka,sb-events-n10-feed7-rep1,1,4423,16487822300,3b379bf2-15a7-4ba4-9a0c-b3fb8527a1d4,3895074,75,6.25,4430684333,3895074:3b379bf2-15a7-4ba4-9a0c-b3fb8527a1d4,1,False
concurrency_n10_20260613_002350_kafka_feed7_rep1,kafka,sb-events-n10-feed7-rep1,1,4424,16487843000,2ba1d3c8-01a5-4707-aded-c1032d5c1a2a,3895113,75,6.25,4430684333,3895113:2ba1d3c8-01a5-4707-aded-c1032d5c1a2a,1,False
concurrency_n10_20260613_002350_kafka_feed7_rep1,kafka,sb-events-n10-feed7-rep1,1,4425,16487929100,bb60fb7c-cdba-45cd-9403-9fe70eac599e,3895086,75,6.25,4430684333,3895086:bb60fb7c-cdba-45cd-9403-9fe70eac599e,1,False
concurrency_n10_20260613_002350_kafka_feed7_rep1,kafka,sb-events-n10-feed7-rep1,2,4385,16557676100,1ea7e806-c0fc-48a8-829a-af9ea7b3aa73,3895052,77,6.416666666666667,4432073222,3895052:1ea7e806-c0fc-48a8-829a-af9ea7b3aa73,1,False
concurrency_n10_20260613_002350_kafka_feed7_rep1,kafka,sb-events-n10-feed7-rep1,2,4386,16557720400,068a8c35-4ab7-43d1-8463-c4452fd842bd,3895067,77,6.416666666666667,4432073222,3895067:068a8c35-4ab7-43d1-8463-c4452fd842bd,1,False
concurrency_n10_20260613_002350_kafka_feed7_rep1,kafka,sb-events-n10-feed7-rep1,2,4387,16557745200,1c068f50-c84a-4e1d-824e-578b65120800,3895113,77,6.416666666666667,4432073222,3895113:1c068f50-c84a-4e1d-824e-578b65120800,1,False
concurrency_n10_20260613_002350_kafka_feed7_rep1,kafka,sb-events-n10-feed7-rep1,2,4388,16557769700,7d37b5cc-3e2d-4ab5-b4af-a45e73138874,3895113,77,6.416666666666667,4432073222,3895113:7d37b5cc-3e2d-4ab5-b4af-a45e73138874,1,False
concurrency_n10_20260613_002350_kafka_feed7_rep1,kafka,sb-events-n10-feed7-rep1,2,4389,16557800800,d3eafa83-830e-4546-b34f-72ea722a5e41,3895113,77,6.416666666666667,4432073222,3895113:d3eafa83-830e-4546-b34f-72ea722a5e41,1,False
concurrency_n10_20260613_002350_kafka_feed7_rep1,kafka,sb-events-n10-feed7-rep1,0,4263,16557826200,a0905d11-1ec5-4b7a-a98c-963d4cd31d70,3895086,75,6.25,4430684333,3895086:a0905d11-1ec5-4b7a-a98c-963d4cd31d70,1,False
concurrency_n10_20260613_002350_kafka_feed7_rep1,kafka,sb-events-n10-feed7-rep1,0,4264,16557853900,5f497f92-d774-4657-adf5-8e4bc8af2247,3895095,76,6.333333333333333,4431378777,3895095:5f497f92-d774-4657-adf5-8e4bc8af2247,1,False
concurrency_n10_20260613_002350_kafka_feed7_rep1,kafka,sb-events-n10-feed7-rep1,0,4265,16557882300,a84cf4b4-83d9-478a-aa80-3a0eae44c904,3895052,77,6.416666666666667,4432073222,3895052:a84cf4b4-83d9-478a-aa80-3a0eae44c904,1,False
concurrency_n10_20260613_002350_kafka_feed7_rep1,kafka,sb-events-n10-feed7-rep1,0,4266,16557904100,b772fbf5-f3a6-47cf-99bf-5c7adba135f8,3895113,77,6.416666666666667,4432073222,3895113:b772fbf5-f3a6-47cf-99bf-5c7adba135f8,1,False
concurrency_n10_20260613_002350_kafka_feed7_rep1,kafka,sb-events-n10-feed7-rep1,1,4426,16557929200,7583768d-7e29-47cd-af3c-cf0b393f6ee5,3895086,75,6.25,4430684333,3895086:7583768d-7e29-47cd-af3c-cf0b393f6ee5,1,False
concurrency_n10_20260613_002350_kafka_feed7_rep1,kafka,sb-events-n10-feed7-rep1,1,4427,16557949400,38bdbceb-2d1b-4b19-b303-df25485ff8cf,3895113,76,6.333333333333333,4431378777,3895113:38bdbceb-2d1b-4b19-b303-df25485ff8cf,1,False
concurrency_n10_20260613_002350_kafka_feed7_rep1,kafka,sb-events-n10-feed7-rep1,1,4428,16557978400,e1a2cf65-5a43-4d3d-934d-8c2fe376ad00,3895113,76,6.333333333333333,4431378777,3895113:e1a2cf65-5a43-4d3d-934d-8c2fe376ad00,1,False
concurrency_n10_20260613_002350_kafka_feed7_rep1,kafka,sb-events-n10-feed7-rep1,1,4429,16558001600,7aba694b-2ebc-401d-be15-655d0b773b87,3895095,76,6.333333333333333,4431378777,3895095:7aba694b-2ebc-401d-be15-655d0b773b87,1,False
concurrency_n10_20260613_002350_kafka_feed7_rep1,kafka,sb-events-n10-feed7-rep1,1,4430,16558023900,8dfa2725-e96f-4a76-bb98-9ee4575d6a03,3895086,76,6.333333333333333,4431378777,3895086:8dfa2725-e96f-4a76-bb98-9ee4575d6a03,1,False
concurrency_n10_20260613_002350_kafka_feed7_rep1,kafka,sb-events-n10-feed7-rep1,1,4431,16558043900,f9364b88-b733-45cf-a170-19bd0c68cdbc,3895074,77,6.416666666666667,4432073222,3895074:f9364b88-b733-45cf-a170-19bd0c68cdbc,1,False
concurrency_n10_20260613_002350_kafka_feed7_rep1,kafka,sb-events-n10-feed7-rep1,2,4390,16583460700,7fd60487-cf13-4688-a589-1979aee7d23a,3895113,78,6.5,4432767666,3895113:7fd60487-cf13-4688-a589-1979aee7d23a,1,False
concurrency_n10_20260613_002350_kafka_feed7_rep1,kafka,sb-events-n10-feed7-rep1,0,4267,16583510200,ac7217b3-16a1-434f-a555-38147f80fd38,3895113,77,6.416666666666667,4432073222,3895113:ac7217b3-16a1-434f-a555-38147f80fd38,1,False
concurrency_n10_20260613_002350_kafka_feed7_rep1,kafka,sb-events-n10-feed7-rep1,0,4268,16583538900,195e209c-bc46-4725-ad21-f82a13d77148,3895074,78,6.5,4432767666,3895074:195e209c-bc46-4725-ad21-f82a13d77148,1,False
concurrency_n10_20260613_002350_kafka_feed7_rep1,kafka,sb-events-n10-feed7-rep1,0,4269,16583561700,bbf03926-59ca-4606-9ea2-3cd31eb2fff9,3895067,78,6.5,4432767666,3895067:bbf03926-59ca-4606-9ea2-3cd31eb2fff9,1,False
concurrency_n10_20260613_002350_kafka_feed7_rep1,kafka,sb-events-n10-feed7-rep1,0,4270,16583581900,6fc5bbd2-8105-451e-ad72-538d52fdd810,3895067,78,6.5,4432767666,3895067:6fc5bbd2-8105-451e-ad72-538d52fdd810,1,False
concurrency_n10_20260613_002350_kafka_feed7_rep1,kafka,sb-events-n10-feed7-rep1,0,4271,16583599500,c82d0617-8b6a-4c3a-87b0-6a2aac137cbd,3895121,79,6.583333333333333,4433462111,3895121:c82d0617-8b6a-4c3a-87b0-6a2aac137cbd,1,False
concurrency_n10_20260613_002350_kafka_feed7_rep1,kafka,sb-events-n10-feed7-rep1,1,4432,16583618000,5aab8dfd-d52c-4f67-806a-20e57ec5d557,3895074,78,6.5,4432767666,3895074:5aab8dfd-d52c-4f67-806a-20e57ec5d557,1,False
concurrency_n10_20260613_002350_kafka_feed7_rep1,kafka,sb-events-n10-feed7-rep1,1,4433,16583644100,f500021a-9e63-4063-afe0-b13494e43e25,3895113,78,6.5,4432767666,3895113:f500021a-9e63-4063-afe0-b13494e43e25,1,False
concurrency_n10_20260613_002350_kafka_feed7_rep1,kafka,sb-events-n10-feed7-rep1,2,4391,16612520700,e6ae1bb5-29df-4ee2-861a-12940ff0fa0c,3895121,79,6.583333333333333,4433462111,3895121:e6ae1bb5-29df-4ee2-861a-12940ff0fa0c,1,False
concurrency_n10_20260613_002350_kafka_feed7_rep1,kafka,sb-events-n10-feed7-rep1,2,4392,16612624600,d027a7a8-d227-41d0-854b-c86a4a71e20b,3895074,79,6.583333333333333,4433462111,3895074:d027a7a8-d227-41d0-854b-c86a4a71e20b,1,False
concurrency_n10_20260613_002350_kafka_feed7_rep1,kafka,sb-events-n10-feed7-rep1,0,4272,16612659600,ed5753a5-c289-4649-b971-065a09c34081,3895074,79,6.583333333333333,4433462111,3895074:ed5753a5-c289-4649-b971-065a09c34081,1,False
concurrency_n10_20260613_002350_kafka_feed7_rep1,kafka,sb-events-n10-feed7-rep1,0,4273,16612714400,0cff468a-4801-4e93-bdff-e3cf0fb9e825,3895067,79,6.583333333333333,4433462111,3895067:0cff468a-4801-4e93-bdff-e3cf0fb9e825,1,False
concurrency_n10_20260613_002350_kafka_feed7_rep1,kafka,sb-events-n10-feed7-rep1,1,4434,16619461700,9bae5df9-4f8d-4f3e-861a-e44685e969a9,3895086,79,6.583333333333333,4433462111,3895086:9bae5df9-4f8d-4f3e-861a-e44685e969a9,1,False
concurrency_n10_20260613_002350_kafka_feed7_rep1,kafka,sb-events-n10-feed7-rep1,1,4435,16619504700,030b5453-777e-489d-9691-bca667cdbb07,3895067,80,6.666666666666667,4434156555,3895067:030b5453-777e-489d-9691-bca667cdbb07,1,False
concurrency_n10_20260613_002350_kafka_feed7_rep1,kafka,sb-events-n10-feed7-rep1,2,4393,16619526800,a0ad5112-916a-41aa-8d46-d7681863838a,3895113,79,6.583333333333333,4433462111,3895113:a0ad5112-916a-41aa-8d46-d7681863838a,1,False
concurrency_n10_20260613_002350_kafka_feed7_rep1,kafka,sb-events-n10-feed7-rep1,2,4394,16619549300,b3e931e5-5dc9-4367-8a43-f27bd647d688,3895067,80,6.666666666666667,4434156555,3895067:b3e931e5-5dc9-4367-8a43-f27bd647d688,1,False
concurrency_n10_20260613_002350_kafka_feed7_rep1,kafka,sb-events-n10-feed7-rep1,2,4395,16659609300,86b4af1d-95ac-4092-9d96-efc8703ea4a6,3895113,80,6.666666666666667,4434156555,3895113:86b4af1d-95ac-4092-9d96-efc8703ea4a6,1,False
concurrency_n10_20260613_002350_kafka_feed7_rep1,kafka,sb-events-n10-feed7-rep1,0,4274,16714641400,03442bfd-3838-49c7-898a-1f0c6950d9f2,3895086,80,6.666666666666667,4434156555,3895086:03442bfd-3838-49c7-898a-1f0c6950d9f2,1,False
concurrency_n10_20260613_002350_kafka_feed7_rep1,kafka,sb-events-n10-feed7-rep1,0,4275,16714684400,42ba23fd-6dda-41c5-b674-5fe50e298b30,3895121,81,6.75,4434851000,3895121:42ba23fd-6dda-41c5-b674-5fe50e298b30,1,False
concurrency_n10_20260613_002350_kafka_feed7_rep1,kafka,sb-events-n10-feed7-rep1,0,4276,16714706400,e083ff1e-a815-4ceb-be0d-74e46f4b2105,3895121,81,6.75,4434851000,3895121:e083ff1e-a815-4ceb-be0d-74e46f4b2105,1,False
concurrency_n10_20260613_002350_kafka_feed7_rep1,kafka,sb-events-n10-feed7-rep1,0,4277,16714726700,4accf764-c81d-4823-937b-355299ea8c73,3895074,81,6.75,4434851000,3895074:4accf764-c81d-4823-937b-355299ea8c73,1,False
concurrency_n10_20260613_002350_kafka_feed7_rep1,kafka,sb-events-n10-feed7-rep1,2,4396,16714746700,896dc77b-f5fe-4a62-bcb2-a2b3ea7c36a5,3895086,80,6.666666666666667,4434156555,3895086:896dc77b-f5fe-4a62-bcb2-a2b3ea7c36a5,1,False
concurrency_n10_20260613_002350_kafka_feed7_rep1,kafka,sb-events-n10-feed7-rep1,2,4397,16714767700,e8cfafef-37c7-4e00-be7f-4bee056a1e72,3895052,81,6.75,4434851000,3895052:e8cfafef-37c7-4e00-be7f-4bee056a1e72,1,False
concurrency_n10_20260613_002350_kafka_feed7_rep1,kafka,sb-events-n10-feed7-rep1,1,4436,16729121600,86913597-82b0-4000-9be5-2b7fa42caa76,3895113,81,6.75,4434851000,3895113:86913597-82b0-4000-9be5-2b7fa42caa76,1,False
concurrency_n10_20260613_002350_kafka_feed7_rep1,kafka,sb-events-n10-feed7-rep1,1,4437,16729165300,4c5443dc-d6fc-427d-9bac-1ffea8874db9,3895086,81,6.75,4434851000,3895086:4c5443dc-d6fc-427d-9bac-1ffea8874db9,1,False
concurrency_n10_20260613_002350_kafka_feed7_rep1,kafka,sb-events-n10-feed7-rep1,0,4278,16729189500,ba9abae9-f6c5-434d-ae12-bd0b2c182bc6,3895113,81,6.75,4434851000,3895113:ba9abae9-f6c5-434d-ae12-bd0b2c182bc6,1,False
concurrency_n10_20260613_002350_kafka_feed7_rep1,kafka,sb-events-n10-feed7-rep1,0,4279,16729212000,e243eff1-e63a-41fb-98e9-2bde3272420a,3895113,81,6.75,4434851000,3895113:e243eff1-e63a-41fb-98e9-2bde3272420a,1,False
concurrency_n10_20260613_002350_kafka_feed7_rep1,kafka,sb-events-n10-feed7-rep1,0,4280,16729235600,107a8aee-57d5-4f7a-8971-91621e90374f,3895086,81,6.75,4434851000,3895086:107a8aee-57d5-4f7a-8971-91621e90374f,1,False
concurrency_n10_20260613_002350_kafka_feed7_rep1,kafka,sb-events-n10-feed7-rep1,0,4281,16729257500,507d41e8-a33f-4d01-b9ff-168feada4ee3,3895086,81,6.75,4434851000,3895086:507d41e8-a33f-4d01-b9ff-168feada4ee3,1,False
concurrency_n10_20260613_002350_kafka_feed7_rep1,kafka,sb-events-n10-feed7-rep1,0,4282,16729350500,f21cae0b-5501-4169-bf7a-f978ab2259b1,3895121,82,6.833333333333333,4435545444,3895121:f21cae0b-5501-4169-bf7a-f978ab2259b1,1,False
concurrency_n10_20260613_002350_kafka_feed7_rep1,kafka,sb-events-n10-feed7-rep1,2,4398,16729377200,62fbcc89-c9e1-40a1-acdd-06d58528a62b,3895121,82,6.833333333333333,4435545444,3895121:62fbcc89-c9e1-40a1-acdd-06d58528a62b,1,False
concurrency_n10_20260613_002350_kafka_feed7_rep1,kafka,sb-events-n10-feed7-rep1,1,4438,16741667300,2a4589ee-8a60-4838-bb5f-949f057a46be,3895052,82,6.833333333333333,4435545444,3895052:2a4589ee-8a60-4838-bb5f-949f057a46be,1,False
concurrency_n10_20260613_002350_kafka_feed7_rep1,kafka,sb-events-n10-feed7-rep1,0,4283,16755512300,fe0f397f-f5e0-4759-9e45-af76f196daa7,3895052,82,6.833333333333333,4435545444,3895052:fe0f397f-f5e0-4759-9e45-af76f196daa7,1,False
concurrency_n10_20260613_002350_kafka_feed7_rep1,kafka,sb-events-n10-feed7-rep1,2,4399,16830015000,7e6e7d87-a93a-4d9b-9518-b45914cddc8e,3895086,82,6.833333333333333,4435545444,3895086:7e6e7d87-a93a-4d9b-9518-b45914cddc8e,1,False
concurrency_n10_20260613_002350_kafka_feed7_rep1,kafka,sb-events-n10-feed7-rep1,1,4439,16830069200,13c22074-4da3-469f-af37-643f4a6d2211,3895074,83,6.916666666666667,4436239888,3895074:13c22074-4da3-469f-af37-643f4a6d2211,1,False
concurrency_n10_20260613_002350_kafka_feed7_rep1,kafka,sb-events-n10-feed7-rep1,0,4284,16830102000,7f9bca75-fdac-456a-a077-a1b6679635f9,3895067,82,6.833333333333333,4435545444,3895067:7f9bca75-fdac-456a-a077-a1b6679635f9,1,False
concurrency_n10_20260613_002350_kafka_feed7_rep1,kafka,sb-events-n10-feed7-rep1,2,4400,16905794700,7f356a1a-a126-4380-8bab-651b39b4bceb,3895095,83,6.916666666666667,4436239888,3895095:7f356a1a-a126-4380-8bab-651b39b4bceb,1,False
concurrency_n10_20260613_002350_kafka_feed7_rep1,kafka,sb-events-n10-feed7-rep1,2,4401,16905841100,78eec9d2-2279-474b-8174-5955e289ab49,3895113,83,6.916666666666667,4436239888,3895113:78eec9d2-2279-474b-8174-5955e289ab49,1,False
concurrency_n10_20260613_002350_kafka_feed7_rep1,kafka,sb-events-n10-feed7-rep1,2,4402,16905865500,6c237c16-6750-4dc1-9995-bd07debf26c1,3895052,84,7.0,4436934333,3895052:6c237c16-6750-4dc1-9995-bd07debf26c1,1,False
concurrency_n10_20260613_002350_kafka_feed7_rep1,kafka,sb-events-n10-feed7-rep1,2,4403,16905886300,6b5e6f95-6428-4d18-b21d-9c9a79525b5a,3895095,84,7.0,4436934333,3895095:6b5e6f95-6428-4d18-b21d-9c9a79525b5a,1,False
concurrency_n10_20260613_002350_kafka_feed7_rep1,kafka,sb-events-n10-feed7-rep1,1,4440,16905906600,29ebd69c-b1d1-4dc7-b54b-31a857a4d433,3895067,83,6.916666666666667,4436239888,3895067:29ebd69c-b1d1-4dc7-b54b-31a857a4d433,1,False
concurrency_n10_20260613_002350_kafka_feed7_rep1,kafka,sb-events-n10-feed7-rep1,1,4441,16905928400,787336fc-bb27-441e-9329-430b61f3c14b,3895086,83,6.916666666666667,4436239888,3895086:787336fc-bb27-441e-9329-430b61f3c14b,1,False
concurrency_n10_20260613_002350_kafka_feed7_rep1,kafka,sb-events-n10-feed7-rep1,1,4442,16905950700,587dfd13-6676-4362-a28f-be1edea9a6c6,3895052,84,7.0,4436934333,3895052:587dfd13-6676-4362-a28f-be1edea9a6c6,1,False
concurrency_n10_20260613_002350_kafka_feed7_rep1,kafka,sb-events-n10-feed7-rep1,0,4285,16905971200,fa58fa6c-9d21-48a3-b8f9-7a66751a2a7a,3895074,83,6.916666666666667,4436239888,3895074:fa58fa6c-9d21-48a3-b8f9-7a66751a2a7a,1,False
concurrency_n10_20260613_002350_kafka_feed7_rep1,kafka,sb-events-n10-feed7-rep1,0,4286,16905991700,c5a4b0aa-b03e-4e82-a80a-ea91e7ecf394,3895052,83,6.916666666666667,4436239888,3895052:c5a4b0aa-b03e-4e82-a80a-ea91e7ecf394,1,False
concurrency_n10_20260613_002350_kafka_feed7_rep1,kafka,sb-events-n10-feed7-rep1,0,4287,16906115900,e6de5b8f-521e-495c-bcc2-1496fe2c2457,3895067,83,6.916666666666667,4436239888,3895067:e6de5b8f-521e-495c-bcc2-1496fe2c2457,1,False
concurrency_n10_20260613_002350_kafka_feed7_rep1,kafka,sb-events-n10-feed7-rep1,0,4288,16906166900,ff5a7afc-11a6-4f3c-b55c-403c5730e20b,3895113,83,6.916666666666667,4436239888,3895113:ff5a7afc-11a6-4f3c-b55c-403c5730e20b,1,False
concurrency_n10_20260613_002350_kafka_feed7_rep1,kafka,sb-events-n10-feed7-rep1,2,4404,16928563500,2bac81e7-2ae1-49d5-93fc-c73136033765,3895095,84,7.0,4436934333,3895095:2bac81e7-2ae1-49d5-93fc-c73136033765,1,False
concurrency_n10_20260613_002350_kafka_feed7_rep1,kafka,sb-events-n10-feed7-rep1,2,4405,16928606700,42a5a0e6-3823-4e64-ba59-9875f5ffb0ad,3895086,84,7.0,4436934333,3895086:42a5a0e6-3823-4e64-ba59-9875f5ffb0ad,1,False
concurrency_n10_20260613_002350_kafka_feed7_rep1,kafka,sb-events-n10-feed7-rep1,2,4406,16928629400,d47829c7-5e69-4c6e-bd70-9fcceb367367,3895095,85,7.083333333333333,4437628777,3895095:d47829c7-5e69-4c6e-bd70-9fcceb367367,1,False
concurrency_n10_20260613_002350_kafka_feed7_rep1,kafka,sb-events-n10-feed7-rep1,2,4407,16928652600,726edc96-91b9-4771-85d8-b5dd43e7bbe3,3895086,85,7.083333333333333,4437628777,3895086:726edc96-91b9-4771-85d8-b5dd43e7bbe3,1,False
concurrency_n10_20260613_002350_kafka_feed7_rep1,kafka,sb-events-n10-feed7-rep1,2,4408,16928673100,4d769c60-6b01-42c7-ba36-1565e549eae8,3895052,86,7.166666666666667,4438323222,3895052:4d769c60-6b01-42c7-ba36-1565e549eae8,1,False
concurrency_n10_20260613_002350_kafka_feed7_rep1,kafka,sb-events-n10-feed7-rep1,2,4409,16928693200,c241d9b6-58dd-4ea2-8b5e-16e7aef4e822,3895052,86,7.166666666666667,4438323222,3895052:c241d9b6-58dd-4ea2-8b5e-16e7aef4e822,1,False
concurrency_n10_20260613_002350_kafka_feed7_rep1,kafka,sb-events-n10-feed7-rep1,1,4443,16928718400,56f7af39-fd83-4562-94a1-ef575eab5c2f,3895067,84,7.0,4436934333,3895067:56f7af39-fd83-4562-94a1-ef575eab5c2f,1,False
concurrency_n10_20260613_002350_kafka_feed7_rep1,kafka,sb-events-n10-feed7-rep1,1,4444,16928740400,7b1bfe4d-343b-4a49-9f36-ac1c9281053e,3895121,85,7.083333333333333,4437628777,3895121:7b1bfe4d-343b-4a49-9f36-ac1c9281053e,1,False
concurrency_n10_20260613_002350_kafka_feed7_rep1,kafka,sb-events-n10-feed7-rep1,1,4445,16928762300,5f38e18f-86ae-43b3-a606-39c39db57cee,3895052,85,7.083333333333333,4437628777,3895052:5f38e18f-86ae-43b3-a606-39c39db57cee,1,False
concurrency_n10_20260613_002350_kafka_feed7_rep1,kafka,sb-events-n10-feed7-rep1,1,4446,16928784700,8b9f3b73-7860-4cab-accb-f394ff0cf96f,3895067,85,7.083333333333333,4437628777,3895067:8b9f3b73-7860-4cab-accb-f394ff0cf96f,1,False
concurrency_n10_20260613_002350_kafka_feed7_rep1,kafka,sb-events-n10-feed7-rep1,1,4447,16928804600,6521de44-af00-4c95-a37f-4936185cbd0c,3895067,85,7.083333333333333,4437628777,3895067:6521de44-af00-4c95-a37f-4936185cbd0c,1,False
concurrency_n10_20260613_002350_kafka_feed7_rep1,kafka,sb-events-n10-feed7-rep1,0,4289,16928824400,111b9035-afa8-4884-8908-b5c13ccb8b02,3895086,84,7.0,4436934333,3895086:111b9035-afa8-4884-8908-b5c13ccb8b02,1,False
concurrency_n10_20260613_002350_kafka_feed7_rep1,kafka,sb-events-n10-feed7-rep1,0,4290,16928844400,5b4be5da-e353-47d1-9aa2-e412034a7cc9,3895121,85,7.083333333333333,4437628777,3895121:5b4be5da-e353-47d1-9aa2-e412034a7cc9,1,False
concurrency_n10_20260613_002350_kafka_feed7_rep1,kafka,sb-events-n10-feed7-rep1,0,4291,16928864600,5f0b504c-329e-4a36-9b61-e4fcfa79dbad,3895067,85,7.083333333333333,4437628777,3895067:5f0b504c-329e-4a36-9b61-e4fcfa79dbad,1,False
concurrency_n10_20260613_002350_kafka_feed7_rep1,kafka,sb-events-n10-feed7-rep1,0,4292,16928886700,f3f24509-b665-4851-9411-fa3fd6de93f8,3895113,85,7.083333333333333,4437628777,3895113:f3f24509-b665-4851-9411-fa3fd6de93f8,1,False
concurrency_n10_20260613_002350_kafka_feed7_rep1,kafka,sb-events-n10-feed7-rep1,1,4448,16956576700,3c0fbaec-8fc8-4e7a-99c4-0210d8e061e5,3895095,86,7.166666666666667,4438323222,3895095:3c0fbaec-8fc8-4e7a-99c4-0210d8e061e5,1,False
concurrency_n10_20260613_002350_kafka_feed7_rep1,kafka,sb-events-n10-feed7-rep1,0,4293,16956621500,5d5b8e92-4834-42c7-886b-7c908d58f5ae,3895095,86,7.166666666666667,4438323222,3895095:5d5b8e92-4834-42c7-886b-7c908d58f5ae,1,False
concurrency_n10_20260613_002350_kafka_feed7_rep1,kafka,sb-events-n10-feed7-rep1,2,4410,16971880100,9f6e6858-572d-4258-b587-e91b56d684d3,3895067,86,7.166666666666667,4438323222,3895067:9f6e6858-572d-4258-b587-e91b56d684d3,1,False
concurrency_n10_20260613_002350_kafka_feed7_rep1,kafka,sb-events-n10-feed7-rep1,2,4411,16971943500,a4f84a5e-7d03-4a36-97ae-d1ad5b9e1121,3895067,86,7.166666666666667,4438323222,3895067:a4f84a5e-7d03-4a36-97ae-d1ad5b9e1121,1,False
concurrency_n10_20260613_002350_kafka_feed7_rep1,kafka,sb-events-n10-feed7-rep1,2,4412,16971965000,345cb7e8-5870-4a38-bc70-b4727a52d6fa,3895113,86,7.166666666666667,4438323222,3895113:345cb7e8-5870-4a38-bc70-b4727a52d6fa,1,False
concurrency_n10_20260613_002350_kafka_feed7_rep1,kafka,sb-events-n10-feed7-rep1,2,4413,16971984800,6abd10fe-abb5-4ef7-8139-fc8300228420,3895113,86,7.166666666666667,4438323222,3895113:6abd10fe-abb5-4ef7-8139-fc8300228420,1,False
concurrency_n10_20260613_002350_kafka_feed7_rep1,kafka,sb-events-n10-feed7-rep1,2,4414,16972002700,540d57d3-6135-4d4e-ac1b-cdaf6d884ea2,3895086,86,7.166666666666667,4438323222,3895086:540d57d3-6135-4d4e-ac1b-cdaf6d884ea2,1,False
concurrency_n10_20260613_002350_kafka_feed7_rep1,kafka,sb-events-n10-feed7-rep1,1,4449,16984000700,f1de8ed7-dd06-4972-8198-fc3268ff24cf,3895052,87,7.25,4439017666,3895052:f1de8ed7-dd06-4972-8198-fc3268ff24cf,1,False
concurrency_n10_20260613_002350_kafka_feed7_rep1,kafka,sb-events-n10-feed7-rep1,1,4450,16984058000,a8d82eb3-1443-4b6d-b31d-5118f044f4bc,3895052,87,7.25,4439017666,3895052:a8d82eb3-1443-4b6d-b31d-5118f044f4bc,1,False
concurrency_n10_20260613_002350_kafka_feed7_rep1,kafka,sb-events-n10-feed7-rep1,0,4294,16984084400,bbe8d73a-45fd-4e6a-a589-d54755e6a1cc,3895086,86,7.166666666666667,4438323222,3895086:bbe8d73a-45fd-4e6a-a589-d54755e6a1cc,1,False
concurrency_n10_20260613_002350_kafka_feed7_rep1,kafka,sb-events-n10-feed7-rep1,2,4415,17031901300,2747e907-b5f5-49ce-a909-8fda34bd750f,3895086,87,7.25,4439017666,3895086:2747e907-b5f5-49ce-a909-8fda34bd750f,1,False
concurrency_n10_20260613_002350_kafka_feed7_rep1,kafka,sb-events-n10-feed7-rep1,0,4295,17031939400,56d69800-edf7-4142-ab4c-9526158c14df,3895086,87,7.25,4439017666,3895086:56d69800-edf7-4142-ab4c-9526158c14df,1,False
concurrency_n10_20260613_002350_kafka_feed7_rep1,kafka,sb-events-n10-feed7-rep1,1,4451,17068250000,beca7090-e47b-48f6-97fe-75ca3adcef14,3895095,88,7.333333333333333,4439712111,3895095:beca7090-e47b-48f6-97fe-75ca3adcef14,1,False
concurrency_n10_20260613_002350_kafka_feed7_rep1,kafka,sb-events-n10-feed7-rep1,1,4452,17068298200,2a4b618e-fbb6-4fd9-b3f6-17220dbb0cd2,3895074,89,7.416666666666667,4440406555,3895074:2a4b618e-fbb6-4fd9-b3f6-17220dbb0cd2,1,False
concurrency_n10_20260613_002350_kafka_feed7_rep1,kafka,sb-events-n10-feed7-rep1,2,4416,17068325800,d9b493eb-d245-442c-9601-4b14887e636d,3895067,88,7.333333333333333,4439712111,3895067:d9b493eb-d245-442c-9601-4b14887e636d,1,False
concurrency_n10_20260613_002350_kafka_feed7_rep1,kafka,sb-events-n10-feed7-rep1,0,4296,17068349100,2893e770-31b5-4ebb-841e-a1658c844d55,3895074,88,7.333333333333333,4439712111,3895074:2893e770-31b5-4ebb-841e-a1658c844d55,1,False
concurrency_n10_20260613_002350_kafka_feed7_rep1,kafka,sb-events-n10-feed7-rep1,0,4297,17068371700,29f5b82a-3d6b-4a71-9a45-22f52290b730,3895121,88,7.333333333333333,4439712111,3895121:29f5b82a-3d6b-4a71-9a45-22f52290b730,1,False
concurrency_n10_20260613_002350_kafka_feed7_rep1,kafka,sb-events-n10-feed7-rep1,0,4298,17068394600,42d34e4a-89a3-415f-a454-449a5dd7cdee,3895121,88,7.333333333333333,4439712111,3895121:42d34e4a-89a3-415f-a454-449a5dd7cdee,1,False
concurrency_n10_20260613_002350_kafka_feed7_rep1,kafka,sb-events-n10-feed7-rep1,0,4299,17068414500,0376753a-5e29-4cd4-a4d7-008663a3ef13,3895052,88,7.333333333333333,4439712111,3895052:0376753a-5e29-4cd4-a4d7-008663a3ef13,1,False
concurrency_n10_20260613_002350_kafka_feed7_rep1,kafka,sb-events-n10-feed7-rep1,0,4300,17068498000,2d52eb52-cff2-401e-a12e-b6299e0198b1,3895067,88,7.333333333333333,4439712111,3895067:2d52eb52-cff2-401e-a12e-b6299e0198b1,1,False
concurrency_n10_20260613_002350_kafka_feed7_rep1,kafka,sb-events-n10-feed7-rep1,1,4453,17083588800,646f5a83-a844-4c20-9a34-2cfae264f835,3895074,89,7.416666666666667,4440406555,3895074:646f5a83-a844-4c20-9a34-2cfae264f835,1,False
concurrency_n10_20260613_002350_kafka_feed7_rep1,kafka,sb-events-n10-feed7-rep1,1,4454,17083628800,3c5e67f5-946c-4062-bb82-b40e613923ab,3895121,89,7.416666666666667,4440406555,3895121:3c5e67f5-946c-4062-bb82-b40e613923ab,1,False
concurrency_n10_20260613_002350_kafka_feed7_rep1,kafka,sb-events-n10-feed7-rep1,1,4455,17083649400,1ebc41a8-9a54-4ed7-b7f0-0ad98ca182d9,3895121,90,7.5,4441101000,3895121:1ebc41a8-9a54-4ed7-b7f0-0ad98ca182d9,1,False
concurrency_n10_20260613_002350_kafka_feed7_rep1,kafka,sb-events-n10-feed7-rep1,2,4417,17083669100,64be0f38-c5d1-4a99-842b-603860a63b66,3895121,89,7.416666666666667,4440406555,3895121:64be0f38-c5d1-4a99-842b-603860a63b66,1,False
concurrency_n10_20260613_002350_kafka_feed7_rep1,kafka,sb-events-n10-feed7-rep1,2,4418,17083689100,4365972f-a6eb-41f4-8405-84a44f9c3f15,3895052,89,7.416666666666667,4440406555,3895052:4365972f-a6eb-41f4-8405-84a44f9c3f15,1,False
concurrency_n10_20260613_002350_kafka_feed7_rep1,kafka,sb-events-n10-feed7-rep1,0,4301,17083709300,d8fa0a0f-dbd5-4d56-849d-e542d0f4c863,3895052,89,7.416666666666667,4440406555,3895052:d8fa0a0f-dbd5-4d56-849d-e542d0f4c863,1,False
concurrency_n10_20260613_002350_kafka_feed7_rep1,kafka,sb-events-n10-feed7-rep1,1,4456,17103554200,e9349458-19c1-433d-a74b-514a898592ca,3895052,90,7.5,4441101000,3895052:e9349458-19c1-433d-a74b-514a898592ca,1,False
concurrency_n10_20260613_002350_kafka_feed7_rep1,kafka,sb-events-n10-feed7-rep1,0,4302,17103606000,f5b2bcc8-9b50-4da0-aa1f-3d552544b1f0,3895095,90,7.5,4441101000,3895095:f5b2bcc8-9b50-4da0-aa1f-3d552544b1f0,1,False
concurrency_n10_20260613_002350_kafka_feed7_rep1,kafka,sb-events-n10-feed7-rep1,1,4457,17112586600,942e1fa9-401d-4f6a-aeda-0317698cd045,3895095,90,7.5,4441101000,3895095:942e1fa9-401d-4f6a-aeda-0317698cd045,1,False
concurrency_n10_20260613_002350_kafka_feed7_rep1,kafka,sb-events-n10-feed7-rep1,0,4303,17112625900,87f538be-2098-4fe4-8810-f51747834230,3895113,90,7.5,4441101000,3895113:87f538be-2098-4fe4-8810-f51747834230,1,False
concurrency_n10_20260613_002350_kafka_feed7_rep1,kafka,sb-events-n10-feed7-rep1,0,4304,17112647000,66b31129-9550-48eb-aab9-fdc69ac92c81,3895113,90,7.5,4441101000,3895113:66b31129-9550-48eb-aab9-fdc69ac92c81,1,False
concurrency_n10_20260613_002350_kafka_feed7_rep1,kafka,sb-events-n10-feed7-rep1,1,4458,17121701100,df2e5510-62cc-4163-98c5-5a8a588c1ad8,3895113,90,7.5,4441101000,3895113:df2e5510-62cc-4163-98c5-5a8a588c1ad8,1,False
concurrency_n10_20260613_002350_kafka_feed7_rep1,kafka,sb-events-n10-feed7-rep1,0,4305,17153987400,8e334322-dfb2-4dec-825b-7b610bd9d614,3895074,91,7.583333333333333,4441795444,3895074:8e334322-dfb2-4dec-825b-7b610bd9d614,1,False
concurrency_n10_20260613_002350_kafka_feed7_rep1,kafka,sb-events-n10-feed7-rep1,1,4459,17154027000,b313223c-4773-4a1b-bfa4-80104490c9eb,3895113,90,7.5,4441101000,3895113:b313223c-4773-4a1b-bfa4-80104490c9eb,1,False
concurrency_n10_20260613_002350_kafka_feed7_rep1,kafka,sb-events-n10-feed7-rep1,2,4419,17176601400,70c06522-06f2-43da-a2bd-4356b359a600,3895067,91,7.583333333333333,4441795444,3895067:70c06522-06f2-43da-a2bd-4356b359a600,1,False
concurrency_n10_20260613_002350_kafka_feed7_rep1,kafka,sb-events-n10-feed7-rep1,1,4460,17176642200,b0a8fbce-c821-491c-a37f-da9d3746ba52,3895067,91,7.583333333333333,4441795444,3895067:b0a8fbce-c821-491c-a37f-da9d3746ba52,1,False
concurrency_n10_20260613_002350_kafka_feed7_rep1,kafka,sb-events-n10-feed7-rep1,1,4461,17176664000,dd6208c4-623c-488d-be28-3134d724633f,3895067,91,7.583333333333333,4441795444,3895067:dd6208c4-623c-488d-be28-3134d724633f,1,False
concurrency_n10_20260613_002350_kafka_feed7_rep1,kafka,sb-events-n10-feed7-rep1,1,4462,17176683400,5b7445ba-ce8f-482b-8d65-82b1b4f2988a,3895067,91,7.583333333333333,4441795444,3895067:5b7445ba-ce8f-482b-8d65-82b1b4f2988a,1,False
concurrency_n10_20260613_002350_kafka_feed7_rep1,kafka,sb-events-n10-feed7-rep1,1,4463,17176702200,828b3f57-9b71-4499-ae26-f64755e48e20,3895113,91,7.583333333333333,4441795444,3895113:828b3f57-9b71-4499-ae26-f64755e48e20,1,False
concurrency_n10_20260613_002350_kafka_feed7_rep1,kafka,sb-events-n10-feed7-rep1,0,4306,17189547000,d258e6f7-f318-4cb5-88c3-f16a5e8f313c,3895086,91,7.583333333333333,4441795444,3895086:d258e6f7-f318-4cb5-88c3-f16a5e8f313c,1,False
concurrency_n10_20260613_002350_kafka_feed7_rep1,kafka,sb-events-n10-feed7-rep1,1,4464,17189591100,e68a1a15-69d7-40f2-b136-55b7c64aef10,3895074,92,7.666666666666667,4442489888,3895074:e68a1a15-69d7-40f2-b136-55b7c64aef10,1,False
concurrency_n10_20260613_002350_kafka_feed7_rep1,kafka,sb-events-n10-feed7-rep1,2,4420,17208873700,416f6860-d593-4042-949c-a5da924f1a3a,3895113,92,7.666666666666667,4442489888,3895113:416f6860-d593-4042-949c-a5da924f1a3a,1,False
concurrency_n10_20260613_002350_kafka_feed7_rep1,kafka,sb-events-n10-feed7-rep1,1,4465,17208917500,66973f0d-2300-46ef-a265-d3cf2d66f504,3895095,92,7.666666666666667,4442489888,3895095:66973f0d-2300-46ef-a265-d3cf2d66f504,1,False
concurrency_n10_20260613_002350_kafka_feed7_rep1,kafka,sb-events-n10-feed7-rep1,0,4307,17227864100,0581db2b-9d21-40c8-a8fe-a36bac9bd0fe,3895113,92,7.666666666666667,4442489888,3895113:0581db2b-9d21-40c8-a8fe-a36bac9bd0fe,1,False
concurrency_n10_20260613_002350_kafka_feed7_rep1,kafka,sb-events-n10-feed7-rep1,0,4308,17227907000,c6712579-4e48-4c9d-aca9-13c7ae5216d1,3895113,92,7.666666666666667,4442489888,3895113:c6712579-4e48-4c9d-aca9-13c7ae5216d1,1,False
concurrency_n10_20260613_002350_kafka_feed7_rep1,kafka,sb-events-n10-feed7-rep1,0,4309,17227956500,2fa064d8-f9d2-4c60-87c3-f13c608a9d28,3895113,92,7.666666666666667,4442489888,3895113:2fa064d8-f9d2-4c60-87c3-f13c608a9d28,1,False
concurrency_n10_20260613_002350_kafka_feed7_rep1,kafka,sb-events-n10-feed7-rep1,1,4466,17227979100,7754eb17-443e-4c9f-8d7e-72d1d27c6976,3895086,92,7.666666666666667,4442489888,3895086:7754eb17-443e-4c9f-8d7e-72d1d27c6976,1,False
concurrency_n10_20260613_002350_kafka_feed7_rep1,kafka,sb-events-n10-feed7-rep1,1,4467,17228000600,c1b1b2dc-2091-4daa-84c0-0d2383d34a86,3895086,92,7.666666666666667,4442489888,3895086:c1b1b2dc-2091-4daa-84c0-0d2383d34a86,1,False
concurrency_n10_20260613_002350_kafka_feed7_rep1,kafka,sb-events-n10-feed7-rep1,2,4421,17252525900,c9193dbc-a436-48e8-8fd1-6edce33ef239,3895121,93,7.75,4443184333,3895121:c9193dbc-a436-48e8-8fd1-6edce33ef239,1,False
concurrency_n10_20260613_002350_kafka_feed7_rep1,kafka,sb-events-n10-feed7-rep1,0,4310,17252574700,8591e32d-b0d5-4d52-99c1-f6f01c29e65c,3895134,93,7.75,4443184333,3895134:8591e32d-b0d5-4d52-99c1-f6f01c29e65c,1,False
concurrency_n10_20260613_002350_kafka_feed7_rep1,kafka,sb-events-n10-feed7-rep1,0,4311,17252598600,05cd20fa-12bd-4596-bee5-f161b155bfcc,3895052,93,7.75,4443184333,3895052:05cd20fa-12bd-4596-bee5-f161b155bfcc,1,False
concurrency_n10_20260613_002350_kafka_feed7_rep1,kafka,sb-events-n10-feed7-rep1,0,4312,17252619600,c5f54ab2-8a92-40ea-8281-2ef5c18edb30,3895052,93,7.75,4443184333,3895052:c5f54ab2-8a92-40ea-8281-2ef5c18edb30,1,False
concurrency_n10_20260613_002350_kafka_feed7_rep1,kafka,sb-events-n10-feed7-rep1,0,4313,17261899400,edee64bb-b610-4ca3-ae10-9c2b105e12c6,3895052,93,7.75,4443184333,3895052:edee64bb-b610-4ca3-ae10-9c2b105e12c6,1,False
concurrency_n10_20260613_002350_kafka_feed7_rep1,kafka,sb-events-n10-feed7-rep1,2,4422,17269898100,728082f9-d38e-463f-b904-e542e36fb188,3895095,93,7.75,4443184333,3895095:728082f9-d38e-463f-b904-e542e36fb188,1,False
concurrency_n10_20260613_002350_kafka_feed7_rep1,kafka,sb-events-n10-feed7-rep1,0,4314,17269941400,3ccfac04-5845-4f47-8032-20180f4ffe45,3895095,93,7.75,4443184333,3895095:3ccfac04-5845-4f47-8032-20180f4ffe45,1,False
concurrency_n10_20260613_002350_kafka_feed7_rep1,kafka,sb-events-n10-feed7-rep1,2,4423,17276354900,e9499440-364d-4088-acc6-78a5c8f79b80,3895113,93,7.75,4443184333,3895113:e9499440-364d-4088-acc6-78a5c8f79b80,1,False
concurrency_n10_20260613_002350_kafka_feed7_rep1,kafka,sb-events-n10-feed7-rep1,1,4468,17285177800,66f99ca0-8d55-4369-b532-8afa4fb60cb6,3895113,93,7.75,4443184333,3895113:66f99ca0-8d55-4369-b532-8afa4fb60cb6,1,False
concurrency_n10_20260613_002350_kafka_feed7_rep1,kafka,sb-events-n10-feed7-rep1,0,4315,17285217000,cab10015-6ac5-42f8-8be8-4ef18eb0c600,3895113,93,7.75,4443184333,3895113:cab10015-6ac5-42f8-8be8-4ef18eb0c600,1,False
concurrency_n10_20260613_002350_kafka_feed7_rep1,kafka,sb-events-n10-feed7-rep1,1,4469,17294691900,43dbd405-1322-474b-af1c-daa2625cddd6,3895074,94,7.833333333333333,4443878777,3895074:43dbd405-1322-474b-af1c-daa2625cddd6,1,False
concurrency_n10_20260613_002350_kafka_feed7_rep1,kafka,sb-events-n10-feed7-rep1,2,4424,17300889100,1d6d4b5f-fcb8-4542-a2a0-cef25ccdbd81,3895121,94,7.833333333333333,4443878777,3895121:1d6d4b5f-fcb8-4542-a2a0-cef25ccdbd81,1,False
concurrency_n10_20260613_002350_kafka_feed7_rep1,kafka,sb-events-n10-feed7-rep1,2,4425,17300939500,7b40fbd4-a6c0-40d7-b4f9-23abcffcd4c5,3895121,94,7.833333333333333,4443878777,3895121:7b40fbd4-a6c0-40d7-b4f9-23abcffcd4c5,1,False
concurrency_n10_20260613_002350_kafka_feed7_rep1,kafka,sb-events-n10-feed7-rep1,0,4316,17300966800,e00a5ad0-eaf2-4669-b550-11fd0e701be9,3895074,94,7.833333333333333,4443878777,3895074:e00a5ad0-eaf2-4669-b550-11fd0e701be9,1,False
concurrency_n10_20260613_002350_kafka_feed7_rep1,kafka,sb-events-n10-feed7-rep1,2,4426,17309014900,d661cba6-658b-499f-805a-039b315ddbd1,3895134,94,7.833333333333333,4443878777,3895134:d661cba6-658b-499f-805a-039b315ddbd1,1,False
concurrency_n10_20260613_002350_kafka_feed7_rep1,kafka,sb-events-n10-feed7-rep1,2,4427,17319561500,373c00ad-aaab-417b-8bd0-1d896bdb010c,3895134,94,7.833333333333333,4443878777,3895134:373c00ad-aaab-417b-8bd0-1d896bdb010c,1,False
concurrency_n10_20260613_002350_kafka_feed7_rep1,kafka,sb-events-n10-feed7-rep1,2,4428,17319602400,292d775e-e7f6-4184-a905-16b5d63af2ad,3895134,94,7.833333333333333,4443878777,3895134:292d775e-e7f6-4184-a905-16b5d63af2ad,1,False
concurrency_n10_20260613_002350_kafka_feed7_rep1,kafka,sb-events-n10-feed7-rep1,1,4470,17339585900,f37a2ea2-ffd2-4be1-ae29-4d6fcdaa75c8,3895052,94,7.833333333333333,4443878777,3895052:f37a2ea2-ffd2-4be1-ae29-4d6fcdaa75c8,1,False
concurrency_n10_20260613_002350_kafka_feed7_rep1,kafka,sb-events-n10-feed7-rep1,0,4317,17339626600,2b9c84e1-253a-4b23-ade6-906d178e7dbf,3895052,94,7.833333333333333,4443878777,3895052:2b9c84e1-253a-4b23-ade6-906d178e7dbf,1,False
concurrency_n10_20260613_002350_kafka_feed7_rep1,kafka,sb-events-n10-feed7-rep1,0,4318,17339653400,28947f12-5bda-4d7a-8819-ae670f2b2ca1,3895052,94,7.833333333333333,4443878777,3895052:28947f12-5bda-4d7a-8819-ae670f2b2ca1,1,False
concurrency_n10_20260613_002350_kafka_feed7_rep1,kafka,sb-events-n10-feed7-rep1,2,4429,17345971500,6db048b0-fb35-4772-b8a4-385ff5d3bf54,3895052,94,7.833333333333333,4443878777,3895052:6db048b0-fb35-4772-b8a4-385ff5d3bf54,1,False
concurrency_n10_20260613_002350_kafka_feed7_rep1,kafka,sb-events-n10-feed7-rep1,0,4319,17346013800,bd1d1124-a984-42f1-b66b-28b07f32153e,3895052,94,7.833333333333333,4443878777,3895052:bd1d1124-a984-42f1-b66b-28b07f32153e,1,False
concurrency_n10_20260613_002350_kafka_feed7_rep1,kafka,sb-events-n10-feed7-rep1,0,4320,17346033600,e4c17700-43bb-43a3-ac49-f13944a9566e,3895052,94,7.833333333333333,4443878777,3895052:e4c17700-43bb-43a3-ac49-f13944a9566e,1,False
concurrency_n10_20260613_002350_kafka_feed7_rep1,kafka,sb-events-n10-feed7-rep1,0,4321,17351866700,f0ddd78d-dbb8-4d59-a5a9-59a4471fb126,3895067,94,7.833333333333333,4443878777,3895067:f0ddd78d-dbb8-4d59-a5a9-59a4471fb126,1,False
concurrency_n10_20260613_002350_kafka_feed7_rep1,kafka,sb-events-n10-feed7-rep1,1,4471,17361633200,ace43399-85d9-46d5-9d23-fb51847aead6,3895086,94,7.833333333333333,4443878777,3895086:ace43399-85d9-46d5-9d23-fb51847aead6,1,False
concurrency_n10_20260613_002350_kafka_feed7_rep1,kafka,sb-events-n10-feed7-rep1,0,4322,17361741000,5043e3af-3c3c-4fde-b62f-9da75c031686,3895074,95,7.916666666666667,4444573222,3895074:5043e3af-3c3c-4fde-b62f-9da75c031686,1,False
concurrency_n10_20260613_002350_kafka_feed7_rep1,kafka,sb-events-n10-feed7-rep1,1,4472,17367263900,7fae2d6a-026a-49ee-96da-30429e822d18,3895134,95,7.916666666666667,4444573222,3895134:7fae2d6a-026a-49ee-96da-30429e822d18,1,False
concurrency_n10_20260613_002350_kafka_feed7_rep1,kafka,sb-events-n10-feed7-rep1,0,4323,17375939800,3742c998-92f6-475b-84cb-66d216cbb7b9,3895134,95,7.916666666666667,4444573222,3895134:3742c998-92f6-475b-84cb-66d216cbb7b9,1,False
concurrency_n10_20260613_002350_kafka_feed7_rep1,kafka,sb-events-n10-feed7-rep1,1,4473,17375987000,8a11b84c-28ad-45df-b47d-888026d081da,3895134,95,7.916666666666667,4444573222,3895134:8a11b84c-28ad-45df-b47d-888026d081da,1,False
concurrency_n10_20260613_002350_kafka_feed7_rep1,kafka,sb-events-n10-feed7-rep1,1,4474,17380481700,6d272944-e0e1-4bba-95ea-74ddbcd89857,3895067,95,7.916666666666667,4444573222,3895067:6d272944-e0e1-4bba-95ea-74ddbcd89857,1,False
concurrency_n10_20260613_002350_kafka_feed7_rep1,kafka,sb-events-n10-feed7-rep1,2,4430,17394059900,e72b1bcb-24bf-49c9-b727-7e1159f070d7,3895067,95,7.916666666666667,4444573222,3895067:e72b1bcb-24bf-49c9-b727-7e1159f070d7,1,False
concurrency_n10_20260613_002350_kafka_feed7_rep1,kafka,sb-events-n10-feed7-rep1,1,4475,17394114100,c3e5d0fb-db35-45e3-ab6f-992a3559fa70,3895113,95,7.916666666666667,4444573222,3895113:c3e5d0fb-db35-45e3-ab6f-992a3559fa70,1,False
concurrency_n10_20260613_002350_kafka_feed7_rep1,kafka,sb-events-n10-feed7-rep1,2,4431,17404208800,2b992ee9-94f0-4cab-8f7a-855c68a6839d,3895086,95,7.916666666666667,4444573222,3895086:2b992ee9-94f0-4cab-8f7a-855c68a6839d,1,False
concurrency_n10_20260613_002350_kafka_feed7_rep1,kafka,sb-events-n10-feed7-rep1,1,4476,17404248200,38441982-a067-4462-a822-42717582d3f6,3895113,95,7.916666666666667,4444573222,3895113:38441982-a067-4462-a822-42717582d3f6,1,False
concurrency_n10_20260613_002350_kafka_feed7_rep1,kafka,sb-events-n10-feed7-rep1,1,4477,17404268500,fdbc2ce9-1260-4093-84c7-967fefe71601,3895074,96,8.0,4445267666,3895074:fdbc2ce9-1260-4093-84c7-967fefe71601,1,False
concurrency_n10_20260613_002350_kafka_feed7_rep1,kafka,sb-events-n10-feed7-rep1,0,4324,17411726100,689ce84b-5aa2-4e4d-856a-ae00e2bc2164,3895074,96,8.0,4445267666,3895074:689ce84b-5aa2-4e4d-856a-ae00e2bc2164,1,False
concurrency_n10_20260613_002350_kafka_feed7_rep1,kafka,sb-events-n10-feed7-rep1,2,4432,17416405100,81a2e0ba-0069-484b-b48d-3028ad8f8901,3895113,96,8.0,4445267666,3895113:81a2e0ba-0069-484b-b48d-3028ad8f8901,1,False
concurrency_n10_20260613_002350_kafka_feed7_rep1,kafka,sb-events-n10-feed7-rep1,0,4325,17425541700,5e3179a0-084a-4e80-9da2-5f35e8ec0452,3895086,96,8.0,4445267666,3895086:5e3179a0-084a-4e80-9da2-5f35e8ec0452,1,False
concurrency_n10_20260613_002350_kafka_feed7_rep1,kafka,sb-events-n10-feed7-rep1,0,4326,17433691100,ba5596c8-74af-4d91-971f-67e828d714f1,3895086,96,8.0,4445267666,3895086:ba5596c8-74af-4d91-971f-67e828d714f1,1,False
concurrency_n10_20260613_002350_kafka_feed7_rep1,kafka,sb-events-n10-feed7-rep1,0,4327,17433734600,f1642bb5-9d19-4590-a656-35b6b538b16f,3895095,97,8.083333333333334,4445962111,3895095:f1642bb5-9d19-4590-a656-35b6b538b16f,1,False
concurrency_n10_20260613_002350_kafka_feed7_rep1,kafka,sb-events-n10-feed7-rep1,1,4478,17442162700,604cba08-934e-4d65-adfc-d2e0e276c634,3895095,97,8.083333333333334,4445962111,3895095:604cba08-934e-4d65-adfc-d2e0e276c634,1,False
concurrency_n10_20260613_002350_kafka_feed7_rep1,kafka,sb-events-n10-feed7-rep1,2,4433,17442201100,4e0c0132-c685-4866-babe-f1f6449ebb28,3895067,97,8.083333333333334,4445962111,3895067:4e0c0132-c685-4866-babe-f1f6449ebb28,1,False
concurrency_n10_20260613_002350_kafka_feed7_rep1,kafka,sb-events-n10-feed7-rep1,2,4434,17452209100,6c6e6e43-3708-4a97-a623-144db45e0acf,3895113,97,8.083333333333334,4445962111,3895113:6c6e6e43-3708-4a97-a623-144db45e0acf,1,False
concurrency_n10_20260613_002350_kafka_feed7_rep1,kafka,sb-events-n10-feed7-rep1,2,4435,17452325400,1c8f3337-ba8c-4afc-9ce5-ba81c530b442,3895113,97,8.083333333333334,4445962111,3895113:1c8f3337-ba8c-4afc-9ce5-ba81c530b442,1,False
concurrency_n10_20260613_002350_kafka_feed7_rep1,kafka,sb-events-n10-feed7-rep1,0,4328,17458659600,246150e9-1505-46a9-bdb8-34f5bffecb20,3895113,97,8.083333333333334,4445962111,3895113:246150e9-1505-46a9-bdb8-34f5bffecb20,1,False
concurrency_n10_20260613_002350_kafka_feed7_rep1,kafka,sb-events-n10-feed7-rep1,2,4436,17462174700,c0f7d5c0-0cc1-4b31-b688-e44c5aeb403a,3895067,98,8.166666666666666,4446656555,3895067:c0f7d5c0-0cc1-4b31-b688-e44c5aeb403a,1,False
concurrency_n10_20260613_002350_kafka_feed7_rep1,kafka,sb-events-n10-feed7-rep1,0,4329,17472984800,904d4597-9a8b-4c50-b89c-5e1276d64954,3895067,98,8.166666666666666,4446656555,3895067:904d4597-9a8b-4c50-b89c-5e1276d64954,1,False
concurrency_n10_20260613_002350_kafka_feed7_rep1,kafka,sb-events-n10-feed7-rep1,1,4479,17482880200,f5f5e776-6f22-45f7-b749-df1979955015,3895113,98,8.166666666666666,4446656555,3895113:f5f5e776-6f22-45f7-b749-df1979955015,1,False
concurrency_n10_20260613_002350_kafka_feed7_rep1,kafka,sb-events-n10-feed7-rep1,2,4437,17482920800,a1aa8792-71c5-4cec-8342-1f1de877fc46,3895074,99,8.25,4447351000,3895074:a1aa8792-71c5-4cec-8342-1f1de877fc46,1,False
concurrency_n10_20260613_002350_kafka_feed7_rep1,kafka,sb-events-n10-feed7-rep1,1,4480,17489715300,0e820704-1d4e-443f-a7a5-d4851762f39a,3895134,99,8.25,4447351000,3895134:0e820704-1d4e-443f-a7a5-d4851762f39a,1,False
concurrency_n10_20260613_002350_kafka_feed7_rep1,kafka,sb-events-n10-feed7-rep1,2,4438,17489762400,6a114c66-3879-45e7-a3f1-7127dc522348,3895134,99,8.25,4447351000,3895134:6a114c66-3879-45e7-a3f1-7127dc522348,1,False
concurrency_n10_20260613_002350_kafka_feed7_rep1,kafka,sb-events-n10-feed7-rep1,2,4439,17497296300,17827804-f674-473a-902e-f330c076c8c1,3895134,99,8.25,4447351000,3895134:17827804-f674-473a-902e-f330c076c8c1,1,False
concurrency_n10_20260613_002350_kafka_feed7_rep1,kafka,sb-events-n10-feed7-rep1,1,4481,17501335700,723686b3-e9f2-4317-bbcb-e453383a72c7,3895113,99,8.25,4447351000,3895113:723686b3-e9f2-4317-bbcb-e453383a72c7,1,False
concurrency_n10_20260613_002350_kafka_feed7_rep1,kafka,sb-events-n10-feed7-rep1,2,4440,17501378800,e21625cc-e833-4fae-8f65-fa74a92271c7,3895113,99,8.25,4447351000,3895113:e21625cc-e833-4fae-8f65-fa74a92271c7,1,False
concurrency_n10_20260613_002350_kafka_feed7_rep1,kafka,sb-events-n10-feed7-rep1,0,4330,17515941900,0210955c-5e97-4eaa-962a-9b505438af33,3895067,100,8.333333333333334,4448045444,3895067:0210955c-5e97-4eaa-962a-9b505438af33,1,False
concurrency_n10_20260613_002350_kafka_feed7_rep1,kafka,sb-events-n10-feed7-rep1,2,4441,17525232700,e7a32d60-17f2-4653-b406-d3c00919ba68,3895086,100,8.333333333333334,4448045444,3895086:e7a32d60-17f2-4653-b406-d3c00919ba68,1,False
concurrency_n10_20260613_002350_kafka_feed7_rep1,kafka,sb-events-n10-feed7-rep1,0,4331,17525272200,d662683e-78f4-4327-a130-eca57da08e65,3895113,100,8.333333333333334,4448045444,3895113:d662683e-78f4-4327-a130-eca57da08e65,1,False
concurrency_n10_20260613_002350_kafka_feed7_rep1,kafka,sb-events-n10-feed7-rep1,0,4332,17525293800,82c166fa-ade3-48e4-9cfd-0a7b77351e5d,3895074,101,8.416666666666666,4448739888,3895074:82c166fa-ade3-48e4-9cfd-0a7b77351e5d,1,False
concurrency_n10_20260613_002350_kafka_feed7_rep1,kafka,sb-events-n10-feed7-rep1,1,4482,17534557900,0ba11e25-68d9-45a5-8a08-7fb1024e737b,3895074,101,8.416666666666666,4448739888,3895074:0ba11e25-68d9-45a5-8a08-7fb1024e737b,1,False
concurrency_n10_20260613_002350_kafka_feed7_rep1,kafka,sb-events-n10-feed7-rep1,0,4333,17534603400,90292410-abee-4709-9724-ebceff929eb5,3895074,101,8.416666666666666,4448739888,3895074:90292410-abee-4709-9724-ebceff929eb5,1,False
concurrency_n10_20260613_002350_kafka_feed7_rep1,kafka,sb-events-n10-feed7-rep1,2,4442,17543668300,de7eb155-5947-48f4-a85b-989cf955acad,3895067,101,8.416666666666666,4448739888,3895067:de7eb155-5947-48f4-a85b-989cf955acad,1,False
concurrency_n10_20260613_002350_kafka_feed7_rep1,kafka,sb-events-n10-feed7-rep1,2,4443,17543709800,1e5fa95c-f7bb-4ee5-b98f-7e2a7d2d8740,3895067,101,8.416666666666666,4448739888,3895067:1e5fa95c-f7bb-4ee5-b98f-7e2a7d2d8740,1,False
concurrency_n10_20260613_002350_kafka_feed7_rep1,kafka,sb-events-n10-feed7-rep1,1,4483,17552876400,8853c9b4-5f34-4c74-bb8e-5e91ea6e82fd,3895067,101,8.416666666666666,4448739888,3895067:8853c9b4-5f34-4c74-bb8e-5e91ea6e82fd,1,False
concurrency_n10_20260613_002350_kafka_feed7_rep1,kafka,sb-events-n10-feed7-rep1,2,4444,17559862100,13308a5e-185e-437c-93b3-04925e1f7a7f,3895113,101,8.416666666666666,4448739888,3895113:13308a5e-185e-437c-93b3-04925e1f7a7f,1,False
concurrency_n10_20260613_002350_kafka_feed7_rep1,kafka,sb-events-n10-feed7-rep1,1,4484,17568905100,55ae1db6-a1c7-4396-b6fa-6639141da51f,3895113,101,8.416666666666666,4448739888,3895113:55ae1db6-a1c7-4396-b6fa-6639141da51f,1,False
concurrency_n10_20260613_002350_kafka_feed7_rep1,kafka,sb-events-n10-feed7-rep1,2,4445,17568947800,e1b23096-a8e4-46c7-bf3c-5a8d02ec2fca,3895113,101,8.416666666666666,4448739888,3895113:e1b23096-a8e4-46c7-bf3c-5a8d02ec2fca,1,False
concurrency_n10_20260613_002350_kafka_feed7_rep1,kafka,sb-events-n10-feed7-rep1,2,4446,17576106200,ec34c8e8-e439-417d-be80-dee7a13d9afe,3895134,102,8.5,4449434333,3895134:ec34c8e8-e439-417d-be80-dee7a13d9afe,1,False
concurrency_n10_20260613_002350_kafka_feed7_rep1,kafka,sb-events-n10-feed7-rep1,1,4485,17595360800,55dbbd79-e70f-447c-ab7a-e41b1498ac79,3895134,102,8.5,4449434333,3895134:55dbbd79-e70f-447c-ab7a-e41b1498ac79,1,False
concurrency_n10_20260613_002350_kafka_feed7_rep1,kafka,sb-events-n10-feed7-rep1,1,4486,17595401500,cfe7d394-f3bb-49eb-84d0-499aabcfe0e2,3895134,102,8.5,4449434333,3895134:cfe7d394-f3bb-49eb-84d0-499aabcfe0e2,1,False
concurrency_n10_20260613_002350_kafka_feed7_rep1,kafka,sb-events-n10-feed7-rep1,0,4334,17622158600,9e3a9e99-b3bd-4944-b63c-656899f9748c,3895113,102,8.5,4449434333,3895113:9e3a9e99-b3bd-4944-b63c-656899f9748c,1,False
concurrency_n10_20260613_002350_kafka_feed7_rep1,kafka,sb-events-n10-feed7-rep1,2,4447,17622202700,5b0a5ebd-4ef7-42d2-86e9-765c1bf6aacd,3895113,102,8.5,4449434333,3895113:5b0a5ebd-4ef7-42d2-86e9-765c1bf6aacd,1,False
concurrency_n10_20260613_002350_kafka_feed7_rep1,kafka,sb-events-n10-feed7-rep1,1,4487,17622223200,f1c92395-1a06-456d-9d88-ab3208cfe8f6,3895113,102,8.5,4449434333,3895113:f1c92395-1a06-456d-9d88-ab3208cfe8f6,1,False
concurrency_n10_20260613_002350_kafka_feed7_rep1,kafka,sb-events-n10-feed7-rep1,1,4488,17622242700,2819dbe2-3954-4dc1-b68f-d793b69fb516,3895086,102,8.5,4449434333,3895086:2819dbe2-3954-4dc1-b68f-d793b69fb516,1,False
concurrency_n10_20260613_002350_kafka_feed7_rep1,kafka,sb-events-n10-feed7-rep1,0,4335,17628831100,7c0046e9-5242-4e8f-b221-663acbf246b9,3895086,102,8.5,4449434333,3895086:7c0046e9-5242-4e8f-b221-663acbf246b9,1,False
concurrency_n10_20260613_002350_kafka_feed7_rep1,kafka,sb-events-n10-feed7-rep1,2,4448,17635453000,b784b8bd-c600-44fd-8613-ef300f482c1b,3895067,103,8.583333333333334,4450128777,3895067:b784b8bd-c600-44fd-8613-ef300f482c1b,1,False
concurrency_n10_20260613_002350_kafka_feed7_rep1,kafka,sb-events-n10-feed7-rep1,2,4449,17646502600,1709bde2-a33d-4bff-ab11-c14976e26251,3895113,103,8.583333333333334,4450128777,3895113:1709bde2-a33d-4bff-ab11-c14976e26251,1,False
concurrency_n10_20260613_002350_kafka_feed7_rep1,kafka,sb-events-n10-feed7-rep1,1,4489,17760667600,d410a0bd-dba4-4ce7-abf5-6e2d33f31d8d,3895086,103,8.583333333333334,4450128777,3895086:d410a0bd-dba4-4ce7-abf5-6e2d33f31d8d,1,False
concurrency_n10_20260613_002350_kafka_feed7_rep1,kafka,sb-events-n10-feed7-rep1,0,4336,17760708100,ab82d08d-066f-4d9a-af27-bdf9139ddf57,3895113,103,8.583333333333334,4450128777,3895113:ab82d08d-066f-4d9a-af27-bdf9139ddf57,1,False
concurrency_n10_20260613_002350_kafka_feed7_rep1,kafka,sb-events-n10-feed7-rep1,2,4450,17835215200,11460547-0c20-4ed4-9e6b-f686939aeada,3895134,104,8.666666666666666,4450823222,3895134:11460547-0c20-4ed4-9e6b-f686939aeada,1,False
concurrency_n10_20260613_002350_kafka_feed7_rep1,kafka,sb-events-n10-feed7-rep1,2,4451,17835301500,7b844904-4518-49e9-8d58-2d70f4261222,3895067,104,8.666666666666666,4450823222,3895067:7b844904-4518-49e9-8d58-2d70f4261222,1,False
concurrency_n10_20260613_002350_kafka_feed7_rep1,kafka,sb-events-n10-feed7-rep1,2,4452,17835329500,c33b8bd3-6d11-49d7-a7c4-ef3e239c1f54,3895113,104,8.666666666666666,4450823222,3895113:c33b8bd3-6d11-49d7-a7c4-ef3e239c1f54,1,False
concurrency_n10_20260613_002350_kafka_feed7_rep1,kafka,sb-events-n10-feed7-rep1,2,4453,17835352800,5d93f9ec-dd62-4143-b88c-53cf9db42807,3895134,105,8.75,4451517666,3895134:5d93f9ec-dd62-4143-b88c-53cf9db42807,1,False
concurrency_n10_20260613_002350_kafka_feed7_rep1,kafka,sb-events-n10-feed7-rep1,2,4454,17835376000,bc5ac9dc-cfb7-40ad-9fbb-76f4bc5fe84c,3895067,105,8.75,4451517666,3895067:bc5ac9dc-cfb7-40ad-9fbb-76f4bc5fe84c,1,False
concurrency_n10_20260613_002350_kafka_feed7_rep1,kafka,sb-events-n10-feed7-rep1,2,4455,17835397800,e65f6899-862d-413f-8f65-7e29da7b66d1,3895067,105,8.75,4451517666,3895067:e65f6899-862d-413f-8f65-7e29da7b66d1,1,False
concurrency_n10_20260613_002350_kafka_feed7_rep1,kafka,sb-events-n10-feed7-rep1,1,4490,17835420000,379b1c5d-9bb5-4352-b0dd-7d4224d24cf1,3895067,104,8.666666666666666,4450823222,3895067:379b1c5d-9bb5-4352-b0dd-7d4224d24cf1,1,False
concurrency_n10_20260613_002350_kafka_feed7_rep1,kafka,sb-events-n10-feed7-rep1,1,4491,17835442500,72e045c1-5699-46b1-b609-47e88ca8b9c6,3895052,105,8.75,4451517666,3895052:72e045c1-5699-46b1-b609-47e88ca8b9c6,1,False
concurrency_n10_20260613_002350_kafka_feed7_rep1,kafka,sb-events-n10-feed7-rep1,1,4492,17835465000,bba7fe11-e6e4-4489-9154-a1b0e1527094,3895107,105,8.75,4451517666,3895107:bba7fe11-e6e4-4489-9154-a1b0e1527094,1,False
concurrency_n10_20260613_002350_kafka_feed7_rep1,kafka,sb-events-n10-feed7-rep1,0,4337,17835487600,0f7c0920-c2ab-4b17-823a-d1b6604457e9,3895134,104,8.666666666666666,4450823222,3895134:0f7c0920-c2ab-4b17-823a-d1b6604457e9,1,False
concurrency_n10_20260613_002350_kafka_feed7_rep1,kafka,sb-events-n10-feed7-rep1,0,4338,17835510200,c65987b8-a2c4-47cb-a3a4-b90d6e934106,3895067,104,8.666666666666666,4450823222,3895067:c65987b8-a2c4-47cb-a3a4-b90d6e934106,1,False
concurrency_n10_20260613_002350_kafka_feed7_rep1,kafka,sb-events-n10-feed7-rep1,0,4339,17835532300,8581b9b0-2405-4d83-99b5-371a0d861078,3895086,104,8.666666666666666,4450823222,3895086:8581b9b0-2405-4d83-99b5-371a0d861078,1,False
concurrency_n10_20260613_002350_kafka_feed7_rep1,kafka,sb-events-n10-feed7-rep1,0,4340,17835554400,37948d06-f6fd-4260-8720-417930402e39,3895113,104,8.666666666666666,4450823222,3895113:37948d06-f6fd-4260-8720-417930402e39,1,False
concurrency_n10_20260613_002350_kafka_feed7_rep1,kafka,sb-events-n10-feed7-rep1,0,4341,17835577100,5a0472aa-e08b-4d06-ab73-efbd5b50381b,3895086,104,8.666666666666666,4450823222,3895086:5a0472aa-e08b-4d06-ab73-efbd5b50381b,1,False
concurrency_n10_20260613_002350_kafka_feed7_rep1,kafka,sb-events-n10-feed7-rep1,0,4342,17835599800,b7e73470-d092-435d-b493-4c5a02853b61,3895067,105,8.75,4451517666,3895067:b7e73470-d092-435d-b493-4c5a02853b61,1,False
concurrency_n10_20260613_002350_kafka_feed7_rep1,kafka,sb-events-n10-feed7-rep1,0,4343,17835621400,ef25cd4c-3a03-4433-bcce-04171dcc3521,3895086,105,8.75,4451517666,3895086:ef25cd4c-3a03-4433-bcce-04171dcc3521,1,False
concurrency_n10_20260613_002350_kafka_feed7_rep1,kafka,sb-events-n10-feed7-rep1,0,4344,17835642800,343a3699-95eb-48de-a123-f751839fa5d5,3895134,106,8.833333333333334,4452212111,3895134:343a3699-95eb-48de-a123-f751839fa5d5,1,False
concurrency_n10_20260613_002350_kafka_feed7_rep1,kafka,sb-events-n10-feed7-rep1,2,4456,17851895200,f2c5825d-365a-4682-a9dc-dd203fbf5457,3895113,106,8.833333333333334,4452212111,3895113:f2c5825d-365a-4682-a9dc-dd203fbf5457,1,False
concurrency_n10_20260613_002350_kafka_feed7_rep1,kafka,sb-events-n10-feed7-rep1,2,4457,17851932700,29e0c466-391a-40f8-b4ce-2fe8f2d3cbd9,3895113,106,8.833333333333334,4452212111,3895113:29e0c466-391a-40f8-b4ce-2fe8f2d3cbd9,1,False
concurrency_n10_20260613_002350_kafka_feed7_rep1,kafka,sb-events-n10-feed7-rep1,2,4458,17851952100,9be6d5b2-1def-4cbc-ae53-a779159d0915,3895113,106,8.833333333333334,4452212111,3895113:9be6d5b2-1def-4cbc-ae53-a779159d0915,1,False
concurrency_n10_20260613_002350_kafka_feed7_rep1,kafka,sb-events-n10-feed7-rep1,2,4459,17851970000,e9cab33f-5f40-49a3-b7fc-a69771b80008,3895086,106,8.833333333333334,4452212111,3895086:e9cab33f-5f40-49a3-b7fc-a69771b80008,1,False
concurrency_n10_20260613_002350_kafka_feed7_rep1,kafka,sb-events-n10-feed7-rep1,2,4460,17851988200,27646fac-073e-4ef6-b37d-d3e1d12fadff,3895134,107,8.916666666666666,4452906555,3895134:27646fac-073e-4ef6-b37d-d3e1d12fadff,1,False
concurrency_n10_20260613_002350_kafka_feed7_rep1,kafka,sb-events-n10-feed7-rep1,1,4493,17852006300,7c71c9e4-3c68-4d91-a719-0c1f3b736f50,3895067,106,8.833333333333334,4452212111,3895067:7c71c9e4-3c68-4d91-a719-0c1f3b736f50,1,False
concurrency_n10_20260613_002350_kafka_feed7_rep1,kafka,sb-events-n10-feed7-rep1,1,4494,17852024100,cbdba06b-9e29-414c-bc4f-9580fbb9f441,3895052,107,8.916666666666666,4452906555,3895052:cbdba06b-9e29-414c-bc4f-9580fbb9f441,1,False
concurrency_n10_20260613_002350_kafka_feed7_rep1,kafka,sb-events-n10-feed7-rep1,1,4495,17852041600,2526c2b2-3b7c-436a-b75d-14c0e76b7337,3895052,107,8.916666666666666,4452906555,3895052:2526c2b2-3b7c-436a-b75d-14c0e76b7337,1,False
concurrency_n10_20260613_002350_kafka_feed7_rep1,kafka,sb-events-n10-feed7-rep1,1,4496,17852059600,9e3511f7-13cb-4b3c-9f7e-5a70e1446bcb,3895134,107,8.916666666666666,4452906555,3895134:9e3511f7-13cb-4b3c-9f7e-5a70e1446bcb,1,False
concurrency_n10_20260613_002350_kafka_feed7_rep1,kafka,sb-events-n10-feed7-rep1,0,4345,17852077600,5007351f-cf6d-4f38-abfb-07149e361068,3895067,106,8.833333333333334,4452212111,3895067:5007351f-cf6d-4f38-abfb-07149e361068,1,False
concurrency_n10_20260613_002350_kafka_feed7_rep1,kafka,sb-events-n10-feed7-rep1,0,4346,17852095200,0e8d6519-0edf-47c9-8305-2c826a71513f,3895086,106,8.833333333333334,4452212111,3895086:0e8d6519-0edf-47c9-8305-2c826a71513f,1,False
concurrency_n10_20260613_002350_kafka_feed7_rep1,kafka,sb-events-n10-feed7-rep1,1,4497,17868796400,702f074d-fb36-45a2-be9a-6abdcd182ce0,3895134,107,8.916666666666666,4452906555,3895134:702f074d-fb36-45a2-be9a-6abdcd182ce0,1,False
concurrency_n10_20260613_002350_kafka_feed7_rep1,kafka,sb-events-n10-feed7-rep1,1,4498,17868844400,9ad57bd7-c9d8-4dbc-b7df-c826e2a93276,3895107,107,8.916666666666666,4452906555,3895107:9ad57bd7-c9d8-4dbc-b7df-c826e2a93276,1,False
concurrency_n10_20260613_002350_kafka_feed7_rep1,kafka,sb-events-n10-feed7-rep1,2,4461,17904582500,c97e8cf5-546c-47b5-ae9a-2727d472a505,3895107,107,8.916666666666666,4452906555,3895107:c97e8cf5-546c-47b5-ae9a-2727d472a505,1,False
concurrency_n10_20260613_002350_kafka_feed7_rep1,kafka,sb-events-n10-feed7-rep1,2,4462,17904629300,9de49e44-f9ca-4936-8169-093f6a29bbb3,3895121,108,9.0,4453601000,3895121:9de49e44-f9ca-4936-8169-093f6a29bbb3,1,False
concurrency_n10_20260613_002350_kafka_feed7_rep1,kafka,sb-events-n10-feed7-rep1,0,4347,17904655700,20619fe5-acd9-4561-b937-977ea2e815a4,3895107,107,8.916666666666666,4452906555,3895107:20619fe5-acd9-4561-b937-977ea2e815a4,1,False
concurrency_n10_20260613_002350_kafka_feed7_rep1,kafka,sb-events-n10-feed7-rep1,1,4499,17953108900,f6a1cf5d-91aa-4da6-92eb-ea7261dc67e3,3895107,108,9.0,4453601000,3895107:f6a1cf5d-91aa-4da6-92eb-ea7261dc67e3,1,False
concurrency_n10_20260613_002350_kafka_feed7_rep1,kafka,sb-events-n10-feed7-rep1,1,4500,17953146600,41d0ce65-e3fe-4ec0-a9f2-c2a7eebff4e0,3895107,108,9.0,4453601000,3895107:41d0ce65-e3fe-4ec0-a9f2-c2a7eebff4e0,1,False
concurrency_n10_20260613_002350_kafka_feed7_rep1,kafka,sb-events-n10-feed7-rep1,1,4501,17953165700,0c2762f4-d89c-498f-8f26-7427fe581ffb,3895121,109,9.083333333333334,4454295444,3895121:0c2762f4-d89c-498f-8f26-7427fe581ffb,1,False
concurrency_n10_20260613_002350_kafka_feed7_rep1,kafka,sb-events-n10-feed7-rep1,2,4463,17953186800,1f358520-88de-4fba-acdc-1b07a205435e,3895107,108,9.0,4453601000,3895107:1f358520-88de-4fba-acdc-1b07a205435e,1,False
concurrency_n10_20260613_002350_kafka_feed7_rep1,kafka,sb-events-n10-feed7-rep1,2,4464,17953247700,21dee0fb-5d81-48c1-8288-7f701d838295,3895067,108,9.0,4453601000,3895067:21dee0fb-5d81-48c1-8288-7f701d838295,1,False
concurrency_n10_20260613_002350_kafka_feed7_rep1,kafka,sb-events-n10-feed7-rep1,2,4465,17953270100,9c0d8c9d-b5b7-46ba-9304-d716adc447c2,3895086,108,9.0,4453601000,3895086:9c0d8c9d-b5b7-46ba-9304-d716adc447c2,1,False
concurrency_n10_20260613_002350_kafka_feed7_rep1,kafka,sb-events-n10-feed7-rep1,0,4348,17980278600,b5ebc124-dbfd-4356-a6eb-2609f9143ccd,3895121,109,9.083333333333334,4454295444,3895121:b5ebc124-dbfd-4356-a6eb-2609f9143ccd,1,False
concurrency_n10_20260613_002350_kafka_feed7_rep1,kafka,sb-events-n10-feed7-rep1,1,4502,17980321700,6a9dcea1-2952-4c3a-98e4-4c6c65274736,3895052,109,9.083333333333334,4454295444,3895052:6a9dcea1-2952-4c3a-98e4-4c6c65274736,1,False
concurrency_n10_20260613_002350_kafka_feed7_rep1,kafka,sb-events-n10-feed7-rep1,1,4503,17980344800,b4b06f9a-98a5-44e6-ba3e-b31d9951b125,3895052,109,9.083333333333334,4454295444,3895052:b4b06f9a-98a5-44e6-ba3e-b31d9951b125,1,False
concurrency_n10_20260613_002350_kafka_feed7_rep1,kafka,sb-events-n10-feed7-rep1,2,4466,17980366900,a08bd5e4-b884-40a9-99e7-2e6ec11c9468,3895052,109,9.083333333333334,4454295444,3895052:a08bd5e4-b884-40a9-99e7-2e6ec11c9468,1,False
concurrency_n10_20260613_002350_kafka_feed7_rep1,kafka,sb-events-n10-feed7-rep1,2,4467,17980387900,992bbe98-e47e-4708-89d4-a6ab8c0af31d,3895134,109,9.083333333333334,4454295444,3895134:992bbe98-e47e-4708-89d4-a6ab8c0af31d,1,False
concurrency_n10_20260613_002350_kafka_feed7_rep1,kafka,sb-events-n10-feed7-rep1,1,4504,18044087600,142b9c29-49d5-4f3a-b30a-e573ddbf7700,3895107,109,9.083333333333334,4454295444,3895107:142b9c29-49d5-4f3a-b30a-e573ddbf7700,1,False
concurrency_n10_20260613_002350_kafka_feed7_rep1,kafka,sb-events-n10-feed7-rep1,2,4468,18044132100,e0feafd9-95d2-4415-a36f-cb898baf5a29,3895107,109,9.083333333333334,4454295444,3895107:e0feafd9-95d2-4415-a36f-cb898baf5a29,1,False
concurrency_n10_20260613_002350_kafka_feed7_rep1,kafka,sb-events-n10-feed7-rep1,0,4349,18109266200,911c8215-0099-46a6-ad30-00c107b2179a,3895107,109,9.083333333333334,4454295444,3895107:911c8215-0099-46a6-ad30-00c107b2179a,1,False
concurrency_n10_20260613_002350_kafka_feed7_rep1,kafka,sb-events-n10-feed7-rep1,0,4350,18109308200,c5f98d0c-da42-4c2c-82fe-8b575b76bda1,3895107,109,9.083333333333334,4454295444,3895107:c5f98d0c-da42-4c2c-82fe-8b575b76bda1,1,False
concurrency_n10_20260613_002350_kafka_feed7_rep1,kafka,sb-events-n10-feed7-rep1,0,4351,18109332700,c3323881-9112-4b7d-b3cf-06062fcb5902,3895052,110,9.166666666666666,4454989888,3895052:c3323881-9112-4b7d-b3cf-06062fcb5902,1,False
concurrency_n10_20260613_002350_kafka_feed7_rep1,kafka,sb-events-n10-feed7-rep1,0,4352,18109353900,8107f6b4-2ca4-4426-b2f1-fddbf56b3d12,3895107,110,9.166666666666666,4454989888,3895107:8107f6b4-2ca4-4426-b2f1-fddbf56b3d12,1,False
concurrency_n10_20260613_002350_kafka_feed7_rep1,kafka,sb-events-n10-feed7-rep1,1,4505,18109375600,24d6b1ef-00d0-4d6c-aa3b-c7820ef973c0,3895113,109,9.083333333333334,4454295444,3895113:24d6b1ef-00d0-4d6c-aa3b-c7820ef973c0,1,False
concurrency_n10_20260613_002350_kafka_feed7_rep1,kafka,sb-events-n10-feed7-rep1,1,4506,18109395300,c7efcc3e-070e-40d8-a151-a97c646a22dc,3895086,109,9.083333333333334,4454295444,3895086:c7efcc3e-070e-40d8-a151-a97c646a22dc,1,False
concurrency_n10_20260613_002350_kafka_feed7_rep1,kafka,sb-events-n10-feed7-rep1,1,4507,18109416100,ce9691b1-8c85-4575-8f83-6d6b0dd6ae29,3895086,109,9.083333333333334,4454295444,3895086:ce9691b1-8c85-4575-8f83-6d6b0dd6ae29,1,False
concurrency_n10_20260613_002350_kafka_feed7_rep1,kafka,sb-events-n10-feed7-rep1,2,4469,18109586900,97be3159-7459-47e2-a9a3-236c8c402e2e,3895052,110,9.166666666666666,4454989888,3895052:97be3159-7459-47e2-a9a3-236c8c402e2e,1,False
concurrency_n10_20260613_002350_kafka_feed7_rep1,kafka,sb-events-n10-feed7-rep1,0,4353,18127785300,61d9445d-6620-45a8-9d8c-b32705645f62,3895107,110,9.166666666666666,4454989888,3895107:61d9445d-6620-45a8-9d8c-b32705645f62,1,False
concurrency_n10_20260613_002350_kafka_feed7_rep1,kafka,sb-events-n10-feed7-rep1,0,4354,18127832300,91483f9e-a629-476a-9701-36dbd203741d,3895067,110,9.166666666666666,4454989888,3895067:91483f9e-a629-476a-9701-36dbd203741d,1,False
concurrency_n10_20260613_002350_kafka_feed7_rep1,kafka,sb-events-n10-feed7-rep1,0,4355,18127863100,7c853898-8a8a-46f3-ba54-ccd88563a52e,3895113,110,9.166666666666666,4454989888,3895113:7c853898-8a8a-46f3-ba54-ccd88563a52e,1,False
concurrency_n10_20260613_002350_kafka_feed7_rep1,kafka,sb-events-n10-feed7-rep1,1,4508,18127893300,5cdf8f93-3144-4a4d-b2b7-50ef011136b8,3895107,110,9.166666666666666,4454989888,3895107:5cdf8f93-3144-4a4d-b2b7-50ef011136b8,1,False
concurrency_n10_20260613_002350_kafka_feed7_rep1,kafka,sb-events-n10-feed7-rep1,1,4509,18127923200,a9799eea-c672-4ecd-9ba0-90a736c24a87,3895067,110,9.166666666666666,4454989888,3895067:a9799eea-c672-4ecd-9ba0-90a736c24a87,1,False
concurrency_n10_20260613_002350_kafka_feed7_rep1,kafka,sb-events-n10-feed7-rep1,1,4510,18127953000,6762475a-b66e-4b20-b7af-fbde39fdc7c9,3895113,110,9.166666666666666,4454989888,3895113:6762475a-b66e-4b20-b7af-fbde39fdc7c9,1,False
concurrency_n10_20260613_002350_kafka_feed7_rep1,kafka,sb-events-n10-feed7-rep1,2,4470,18127982300,e7340a13-792c-4042-b5d0-9ead45dbf21f,3895067,110,9.166666666666666,4454989888,3895067:e7340a13-792c-4042-b5d0-9ead45dbf21f,1,False
concurrency_n10_20260613_002350_kafka_feed7_rep1,kafka,sb-events-n10-feed7-rep1,2,4471,18128011000,b8b38f3e-a656-4846-a0ed-da17aa29d986,3895113,110,9.166666666666666,4454989888,3895113:b8b38f3e-a656-4846-a0ed-da17aa29d986,1,False
concurrency_n10_20260613_002350_kafka_feed7_rep1,kafka,sb-events-n10-feed7-rep1,2,4472,18128040300,26c094bc-d1c8-42f2-b616-325b8e085f8f,3895113,110,9.166666666666666,4454989888,3895113:26c094bc-d1c8-42f2-b616-325b8e085f8f,1,False
concurrency_n10_20260613_002350_kafka_feed7_rep1,kafka,sb-events-n10-feed7-rep1,0,4356,18155714900,70ac486f-ae17-4fb7-9926-eff1d5fcb4d3,3895113,110,9.166666666666666,4454989888,3895113:70ac486f-ae17-4fb7-9926-eff1d5fcb4d3,1,False
concurrency_n10_20260613_002350_kafka_feed7_rep1,kafka,sb-events-n10-feed7-rep1,1,4511,18155760000,67f159f8-0e87-477b-aad7-f2484553936e,3895113,110,9.166666666666666,4454989888,3895113:67f159f8-0e87-477b-aad7-f2484553936e,1,False
concurrency_n10_20260613_002350_kafka_feed7_rep1,kafka,sb-events-n10-feed7-rep1,2,4473,18166320200,6aa04e2b-f226-4e4c-84a1-6438d188c9a6,3895052,112,9.333333333333334,4456378777,3895052:6aa04e2b-f226-4e4c-84a1-6438d188c9a6,1,False
concurrency_n10_20260613_002350_kafka_feed7_rep1,kafka,sb-events-n10-feed7-rep1,0,4357,18166409400,64bc8b69-4baf-4c85-9ea8-a8cb97bc5fb4,3895121,111,9.25,4455684333,3895121:64bc8b69-4baf-4c85-9ea8-a8cb97bc5fb4,1,False
concurrency_n10_20260613_002350_kafka_feed7_rep1,kafka,sb-events-n10-feed7-rep1,1,4512,18166485700,3fd9667f-d5ab-42b7-9320-b4a4407a7260,3895113,111,9.25,4455684333,3895113:3fd9667f-d5ab-42b7-9320-b4a4407a7260,1,False
concurrency_n10_20260613_002350_kafka_feed7_rep1,kafka,sb-events-n10-feed7-rep1,2,4474,18188304600,2e64c80b-b9a7-440c-8066-930bfa2c46bb,3895107,112,9.333333333333334,4456378777,3895107:2e64c80b-b9a7-440c-8066-930bfa2c46bb,1,False
concurrency_n10_20260613_002350_kafka_feed7_rep1,kafka,sb-events-n10-feed7-rep1,1,4513,18188374500,19bba5a5-8072-4b4c-801f-234c78944a77,3895107,112,9.333333333333334,4456378777,3895107:19bba5a5-8072-4b4c-801f-234c78944a77,1,False
concurrency_n10_20260613_002350_kafka_feed7_rep1,kafka,sb-events-n10-feed7-rep1,2,4475,18198229100,7a548134-dd4e-470b-bfab-5d177d356f45,3895067,112,9.333333333333334,4456378777,3895067:7a548134-dd4e-470b-bfab-5d177d356f45,1,False
concurrency_n10_20260613_002350_kafka_feed7_rep1,kafka,sb-events-n10-feed7-rep1,1,4514,18198270100,45002568-a496-4ab7-87a7-380e89d6640d,3895067,112,9.333333333333334,4456378777,3895067:45002568-a496-4ab7-87a7-380e89d6640d,1,False
concurrency_n10_20260613_002350_kafka_feed7_rep1,kafka,sb-events-n10-feed7-rep1,1,4515,18217090200,ddadd240-6377-490e-a404-b37b67a30fd4,3895067,112,9.333333333333334,4456378777,3895067:ddadd240-6377-490e-a404-b37b67a30fd4,1,False
concurrency_n10_20260613_002350_kafka_feed7_rep1,kafka,sb-events-n10-feed7-rep1,1,4516,18217162500,9314664c-5c01-4a5a-b79c-e7881d06fd32,3895086,112,9.333333333333334,4456378777,3895086:9314664c-5c01-4a5a-b79c-e7881d06fd32,1,False
concurrency_n10_20260613_002350_kafka_feed7_rep1,kafka,sb-events-n10-feed7-rep1,1,4517,18241358200,dc4271d8-7107-479f-a6b7-343a5e10fc80,3895113,112,9.333333333333334,4456378777,3895113:dc4271d8-7107-479f-a6b7-343a5e10fc80,1,False
concurrency_n10_20260613_002350_kafka_feed7_rep1,kafka,sb-events-n10-feed7-rep1,0,4358,18255027100,750b8b16-cb65-4b93-9bf2-b66af9280590,3895121,113,9.416666666666666,4457073222,3895121:750b8b16-cb65-4b93-9bf2-b66af9280590,1,False
concurrency_n10_20260613_002350_kafka_feed7_rep1,kafka,sb-events-n10-feed7-rep1,1,4518,18255089500,d61632a6-1e43-412c-9930-695e7a0e3878,3895121,113,9.416666666666666,4457073222,3895121:d61632a6-1e43-412c-9930-695e7a0e3878,1,False
concurrency_n10_20260613_002350_kafka_feed7_rep1,kafka,sb-events-n10-feed7-rep1,0,4359,18270971300,c7d7a1e8-0f1a-4674-8818-e29ff292795b,3895052,113,9.416666666666666,4457073222,3895052:c7d7a1e8-0f1a-4674-8818-e29ff292795b,1,False
concurrency_n10_20260613_002350_kafka_feed7_rep1,kafka,sb-events-n10-feed7-rep1,1,4519,18271018000,9a0e6542-ddb5-4cc5-ac8e-762f234226e1,3895121,113,9.416666666666666,4457073222,3895121:9a0e6542-ddb5-4cc5-ac8e-762f234226e1,1,False
concurrency_n10_20260613_002350_kafka_feed7_rep1,kafka,sb-events-n10-feed7-rep1,2,4476,18282777300,97d8e43c-7f14-4447-ae06-290765162250,3895052,113,9.416666666666666,4457073222,3895052:97d8e43c-7f14-4447-ae06-290765162250,1,False
concurrency_n10_20260613_002350_kafka_feed7_rep1,kafka,sb-events-n10-feed7-rep1,0,4360,18282825700,c8ff62dc-59ef-4080-baee-5f6217dbc1bb,3895052,113,9.416666666666666,4457073222,3895052:c8ff62dc-59ef-4080-baee-5f6217dbc1bb,1,False
concurrency_n10_20260613_002350_kafka_feed7_rep1,kafka,sb-events-n10-feed7-rep1,0,4361,18282855800,b248d17d-7408-44b7-80ac-950b87e98a57,3895052,113,9.416666666666666,4457073222,3895052:b248d17d-7408-44b7-80ac-950b87e98a57,1,False
concurrency_n10_20260613_002350_kafka_feed7_rep1,kafka,sb-events-n10-feed7-rep1,0,4362,18282882700,d504c8cc-bf08-403b-9f0f-1d3dfc3b260c,3895067,113,9.416666666666666,4457073222,3895067:d504c8cc-bf08-403b-9f0f-1d3dfc3b260c,1,False
concurrency_n10_20260613_002350_kafka_feed7_rep1,kafka,sb-events-n10-feed7-rep1,1,4520,18298526700,dbc49305-1448-401e-a486-14dac27ad308,3895086,113,9.416666666666666,4457073222,3895086:dbc49305-1448-401e-a486-14dac27ad308,1,False
concurrency_n10_20260613_002350_kafka_feed7_rep1,kafka,sb-events-n10-feed7-rep1,0,4363,18298571400,b50cfe07-9c82-4ab6-8959-f4124f7e95da,3895067,113,9.416666666666666,4457073222,3895067:b50cfe07-9c82-4ab6-8959-f4124f7e95da,1,False
concurrency_n10_20260613_002350_kafka_feed7_rep1,kafka,sb-events-n10-feed7-rep1,0,4364,18298593600,c58e2f66-49be-477c-bbb6-b18188180609,3895086,113,9.416666666666666,4457073222,3895086:c58e2f66-49be-477c-bbb6-b18188180609,1,False
concurrency_n10_20260613_002350_kafka_feed7_rep1,kafka,sb-events-n10-feed7-rep1,2,4477,18310194600,3d1371cd-b194-40a5-92e0-a41779d68bd5,3895113,113,9.416666666666666,4457073222,3895113:3d1371cd-b194-40a5-92e0-a41779d68bd5,1,False
concurrency_n10_20260613_002350_kafka_feed7_rep1,kafka,sb-events-n10-feed7-rep1,0,4365,18310236900,26953926-00a3-4f5f-bb1d-6a7249bae936,3895113,113,9.416666666666666,4457073222,3895113:26953926-00a3-4f5f-bb1d-6a7249bae936,1,False
concurrency_n10_20260613_002350_kafka_feed7_rep1,kafka,sb-events-n10-feed7-rep1,2,4478,18325888200,2116b6a3-7d95-4e53-98ab-20afb5dd9951,3895113,113,9.416666666666666,4457073222,3895113:2116b6a3-7d95-4e53-98ab-20afb5dd9951,1,False
concurrency_n10_20260613_002350_kafka_feed7_rep1,kafka,sb-events-n10-feed7-rep1,0,4366,18336840100,91f0bfc9-6dac-47b0-bafb-9f62e10a710f,3895113,113,9.416666666666666,4457073222,3895113:91f0bfc9-6dac-47b0-bafb-9f62e10a710f,1,False
concurrency_n10_20260613_002350_kafka_feed7_rep1,kafka,sb-events-n10-feed7-rep1,0,4367,18336881400,0186c979-505b-41c3-9b8e-6bb584c2d354,3895134,114,9.5,4457767666,3895134:0186c979-505b-41c3-9b8e-6bb584c2d354,1,False
concurrency_n10_20260613_002350_kafka_feed7_rep1,kafka,sb-events-n10-feed7-rep1,2,4479,18336902100,171eff5b-4437-41ee-927f-e533939b451c,3895134,114,9.5,4457767666,3895134:171eff5b-4437-41ee-927f-e533939b451c,1,False
concurrency_n10_20260613_002350_kafka_feed7_rep1,kafka,sb-events-n10-feed7-rep1,1,4521,18353742400,ed61d850-a665-4e5e-a9b4-fa4860cd73a9,3895052,114,9.5,4457767666,3895052:ed61d850-a665-4e5e-a9b4-fa4860cd73a9,1,False
concurrency_n10_20260613_002350_kafka_feed7_rep1,kafka,sb-events-n10-feed7-rep1,2,4480,18366086900,c9f142b4-0f18-423c-9272-741f44713316,3895052,114,9.5,4457767666,3895052:c9f142b4-0f18-423c-9272-741f44713316,1,False
concurrency_n10_20260613_002350_kafka_feed7_rep1,kafka,sb-events-n10-feed7-rep1,1,4522,18381190600,be1bdcf2-142d-411b-ba28-d6c2499bbd28,3895052,114,9.5,4457767666,3895052:be1bdcf2-142d-411b-ba28-d6c2499bbd28,1,False
concurrency_n10_20260613_002350_kafka_feed7_rep1,kafka,sb-events-n10-feed7-rep1,1,4523,18381231500,b45e1a89-6f3c-4d8f-ad6c-9deb82845628,3895052,114,9.5,4457767666,3895052:b45e1a89-6f3c-4d8f-ad6c-9deb82845628,1,False
concurrency_n10_20260613_002350_kafka_feed7_rep1,kafka,sb-events-n10-feed7-rep1,2,4481,18403613600,db789b2b-870f-4716-b452-e54958307050,3895052,114,9.5,4457767666,3895052:db789b2b-870f-4716-b452-e54958307050,1,False
concurrency_n10_20260613_002350_kafka_feed7_rep1,kafka,sb-events-n10-feed7-rep1,2,4482,18403656800,a9acce11-8ebc-41d3-9fe6-2333092d65b6,3895107,114,9.5,4457767666,3895107:a9acce11-8ebc-41d3-9fe6-2333092d65b6,1,False
concurrency_n10_20260613_002350_kafka_feed7_rep1,kafka,sb-events-n10-feed7-rep1,0,4368,18415791300,0f2e3e9c-1659-4b1e-8767-68615acb8390,3895067,114,9.5,4457767666,3895067:0f2e3e9c-1659-4b1e-8767-68615acb8390,1,False
concurrency_n10_20260613_002350_kafka_feed7_rep1,kafka,sb-events-n10-feed7-rep1,1,4524,18415849100,7377ad6e-fa0b-4596-81b9-ac590287046b,3895107,114,9.5,4457767666,3895107:7377ad6e-fa0b-4596-81b9-ac590287046b,1,False
concurrency_n10_20260613_002350_kafka_feed7_rep1,kafka,sb-events-n10-feed7-rep1,1,4525,18415881700,d3ed5183-b51f-426c-9c0d-0b3772c2d450,3895113,114,9.5,4457767666,3895113:d3ed5183-b51f-426c-9c0d-0b3772c2d450,1,False
concurrency_n10_20260613_002350_kafka_feed7_rep1,kafka,sb-events-n10-feed7-rep1,2,4483,18429053100,0ede5dbd-8812-4aea-8181-e9fa6fd135cf,3895113,114,9.5,4457767666,3895113:0ede5dbd-8812-4aea-8181-e9fa6fd135cf,1,False
concurrency_n10_20260613_002350_kafka_feed7_rep1,kafka,sb-events-n10-feed7-rep1,1,4526,18429311000,cdde5370-fb15-4a58-adf4-45eed020acf8,3895113,114,9.5,4457767666,3895113:cdde5370-fb15-4a58-adf4-45eed020acf8,1,False
concurrency_n10_20260613_002350_kafka_feed7_rep1,kafka,sb-events-n10-feed7-rep1,1,4527,18451449800,17cb5297-54dd-428b-9795-e463bf435ca1,3895121,115,9.583333333333334,4458462111,3895121:17cb5297-54dd-428b-9795-e463bf435ca1,1,False
concurrency_n10_20260613_002350_kafka_feed7_rep1,kafka,sb-events-n10-feed7-rep1,0,4369,18495158100,50a6623d-60b8-45b1-8685-0701fb4f6c9f,3895121,115,9.583333333333334,4458462111,3895121:50a6623d-60b8-45b1-8685-0701fb4f6c9f,1,False
concurrency_n10_20260613_002350_kafka_feed7_rep1,kafka,sb-events-n10-feed7-rep1,2,4484,18495197100,7a1ba5fc-c4e3-4918-a896-085d43ee76b6,3895121,115,9.583333333333334,4458462111,3895121:7a1ba5fc-c4e3-4918-a896-085d43ee76b6,1,False
concurrency_n10_20260613_002350_kafka_feed7_rep1,kafka,sb-events-n10-feed7-rep1,1,4528,18495282100,3d4305d7-c8f8-4354-b310-21e2b727b442,3895134,115,9.583333333333334,4458462111,3895134:3d4305d7-c8f8-4354-b310-21e2b727b442,1,False
concurrency_n10_20260613_002350_kafka_feed7_rep1,kafka,sb-events-n10-feed7-rep1,0,4370,18524410400,0e3ede14-3ebc-41c2-a975-1d49d5de4bb2,3895052,115,9.583333333333334,4458462111,3895052:0e3ede14-3ebc-41c2-a975-1d49d5de4bb2,1,False
concurrency_n10_20260613_002350_kafka_feed7_rep1,kafka,sb-events-n10-feed7-rep1,0,4371,18524506000,b5e59fb5-c369-47e1-92be-0a5e0073312b,3895107,115,9.583333333333334,4458462111,3895107:b5e59fb5-c369-47e1-92be-0a5e0073312b,1,False
concurrency_n10_20260613_002350_kafka_feed7_rep1,kafka,sb-events-n10-feed7-rep1,2,4485,18524530800,9448c0b2-c494-4c40-a7e6-8959d9c073ef,3895134,115,9.583333333333334,4458462111,3895134:9448c0b2-c494-4c40-a7e6-8959d9c073ef,1,False
concurrency_n10_20260613_002350_kafka_feed7_rep1,kafka,sb-events-n10-feed7-rep1,2,4486,18524551600,9074ea1f-84fd-41b2-a58d-64c5e86f206f,3895107,115,9.583333333333334,4458462111,3895107:9074ea1f-84fd-41b2-a58d-64c5e86f206f,1,False
concurrency_n10_20260613_002350_kafka_feed7_rep1,kafka,sb-events-n10-feed7-rep1,1,4529,18524572500,0e7d8edf-fcfa-4072-b346-cbca8880cbc6,3895052,115,9.583333333333334,4458462111,3895052:0e7d8edf-fcfa-4072-b346-cbca8880cbc6,1,False
concurrency_n10_20260613_002350_kafka_feed7_rep1,kafka,sb-events-n10-feed7-rep1,1,4530,18524592600,f10a1738-f05c-41c3-bb31-199f77d1efe5,3895052,115,9.583333333333334,4458462111,3895052:f10a1738-f05c-41c3-bb31-199f77d1efe5,1,False
concurrency_n10_20260613_002350_kafka_feed7_rep1,kafka,sb-events-n10-feed7-rep1,1,4531,18524611100,0b564d85-b990-494e-92dc-f5c12a9ad7e7,3895067,115,9.583333333333334,4458462111,3895067:0b564d85-b990-494e-92dc-f5c12a9ad7e7,1,False
concurrency_n10_20260613_002350_kafka_feed7_rep1,kafka,sb-events-n10-feed7-rep1,0,4372,18545366900,53f544f0-0701-4acc-8950-50e2edc7b679,3895052,116,9.666666666666666,4459156555,3895052:53f544f0-0701-4acc-8950-50e2edc7b679,1,False
concurrency_n10_20260613_002350_kafka_feed7_rep1,kafka,sb-events-n10-feed7-rep1,2,4487,18545409500,dfa44927-1786-4242-a3c9-6bb78f92a41d,3895121,116,9.666666666666666,4459156555,3895121:dfa44927-1786-4242-a3c9-6bb78f92a41d,1,False
concurrency_n10_20260613_002350_kafka_feed7_rep1,kafka,sb-events-n10-feed7-rep1,2,4488,18545434300,12de5a66-0731-4744-9042-e9da4bd3738e,3895121,116,9.666666666666666,4459156555,3895121:12de5a66-0731-4744-9042-e9da4bd3738e,1,False
concurrency_n10_20260613_002350_kafka_feed7_rep1,kafka,sb-events-n10-feed7-rep1,1,4532,18545457600,28167a01-c198-4e27-808e-d05ab7dd92fe,3895121,116,9.666666666666666,4459156555,3895121:28167a01-c198-4e27-808e-d05ab7dd92fe,1,False
concurrency_n10_20260613_002350_kafka_feed7_rep1,kafka,sb-events-n10-feed7-rep1,1,4533,18545480300,ba8994b3-43e5-4898-9f47-3d747cc8a03e,3895052,116,9.666666666666666,4459156555,3895052:ba8994b3-43e5-4898-9f47-3d747cc8a03e,1,False
concurrency_n10_20260613_002350_kafka_feed7_rep1,kafka,sb-events-n10-feed7-rep1,0,4373,18558756000,3297912b-e9f2-42e0-a8f7-19bca286fa92,3895067,116,9.666666666666666,4459156555,3895067:3297912b-e9f2-42e0-a8f7-19bca286fa92,1,False
concurrency_n10_20260613_002350_kafka_feed7_rep1,kafka,sb-events-n10-feed7-rep1,2,4489,18558795100,22f8ff4f-420d-4b03-b190-3fe080a231eb,3895107,116,9.666666666666666,4459156555,3895107:22f8ff4f-420d-4b03-b190-3fe080a231eb,1,False
concurrency_n10_20260613_002350_kafka_feed7_rep1,kafka,sb-events-n10-feed7-rep1,2,4490,18558820200,6b35b1b1-3299-4f91-9b89-b78502892306,3895067,116,9.666666666666666,4459156555,3895067:6b35b1b1-3299-4f91-9b89-b78502892306,1,False
concurrency_n10_20260613_002350_kafka_feed7_rep1,kafka,sb-events-n10-feed7-rep1,2,4491,18567012100,98e9e7f9-90c2-49d9-8f4a-9b3f5f40c4e7,3895113,116,9.666666666666666,4459156555,3895113:98e9e7f9-90c2-49d9-8f4a-9b3f5f40c4e7,1,False
concurrency_n10_20260613_002350_kafka_feed7_rep1,kafka,sb-events-n10-feed7-rep1,0,4374,18579045000,17bc10e3-7560-4f0f-a656-c11a10466f53,3895107,117,9.75,4459851000,3895107:17bc10e3-7560-4f0f-a656-c11a10466f53,1,False
concurrency_n10_20260613_002350_kafka_feed7_rep1,kafka,sb-events-n10-feed7-rep1,0,4375,18579089000,d509cfef-14fd-48df-9635-76fd2b71384f,3895107,117,9.75,4459851000,3895107:d509cfef-14fd-48df-9635-76fd2b71384f,1,False
concurrency_n10_20260613_002350_kafka_feed7_rep1,kafka,sb-events-n10-feed7-rep1,1,4534,18595004900,07e7d61f-9a36-47c6-9600-14f7c660e7be,3895067,117,9.75,4459851000,3895067:07e7d61f-9a36-47c6-9600-14f7c660e7be,1,False
concurrency_n10_20260613_002350_kafka_feed7_rep1,kafka,sb-events-n10-feed7-rep1,2,4492,18595045500,6c18a770-7237-4414-8130-1ac21c24d62c,3895107,117,9.75,4459851000,3895107:6c18a770-7237-4414-8130-1ac21c24d62c,1,False
concurrency_n10_20260613_002350_kafka_feed7_rep1,kafka,sb-events-n10-feed7-rep1,1,4535,18603919200,ae378274-737d-4255-a738-ee950d3e72e0,3895113,117,9.75,4459851000,3895113:ae378274-737d-4255-a738-ee950d3e72e0,1,False
concurrency_n10_20260613_002350_kafka_feed7_rep1,kafka,sb-events-n10-feed7-rep1,2,4493,18603963400,e3ba7692-e4e0-4c95-8c4e-2cae2279d589,3895113,117,9.75,4459851000,3895113:e3ba7692-e4e0-4c95-8c4e-2cae2279d589,1,False
concurrency_n10_20260613_002350_kafka_feed7_rep1,kafka,sb-events-n10-feed7-rep1,0,4376,18632104300,942c2d63-be6b-4ef5-9631-886f35366d16,3895121,118,9.833333333333334,4460545444,3895121:942c2d63-be6b-4ef5-9631-886f35366d16,1,False
concurrency_n10_20260613_002350_kafka_feed7_rep1,kafka,sb-events-n10-feed7-rep1,0,4377,18632148600,cac04a9b-0c8b-4906-a427-775d3abf3395,3895121,118,9.833333333333334,4460545444,3895121:cac04a9b-0c8b-4906-a427-775d3abf3395,1,False
concurrency_n10_20260613_002350_kafka_feed7_rep1,kafka,sb-events-n10-feed7-rep1,1,4536,18632171700,1ef6537d-42b1-4a9a-845b-a152415c04ff,3895121,118,9.833333333333334,4460545444,3895121:1ef6537d-42b1-4a9a-845b-a152415c04ff,1,False
concurrency_n10_20260613_002350_kafka_feed7_rep1,kafka,sb-events-n10-feed7-rep1,1,4537,18656187300,9eee3473-7f29-4358-899e-97c57243b3fc,3895086,118,9.833333333333334,4460545444,3895086:9eee3473-7f29-4358-899e-97c57243b3fc,1,False
concurrency_n10_20260613_002350_kafka_feed7_rep1,kafka,sb-events-n10-feed7-rep1,1,4538,18656229700,2fa0470b-b096-4e0f-8f7e-5c3bdc27abbd,3895052,119,9.916666666666666,4461239888,3895052:2fa0470b-b096-4e0f-8f7e-5c3bdc27abbd,1,False
concurrency_n10_20260613_002350_kafka_feed7_rep1,kafka,sb-events-n10-feed7-rep1,1,4539,18656252700,8e75e7d9-d322-4c00-a2af-f2c35092b10a,3895107,119,9.916666666666666,4461239888,3895107:8e75e7d9-d322-4c00-a2af-f2c35092b10a,1,False
concurrency_n10_20260613_002350_kafka_feed7_rep1,kafka,sb-events-n10-feed7-rep1,2,4494,18673693300,7ae4a7ff-a6c4-4c74-942a-ad61360cea97,3895086,119,9.916666666666666,4461239888,3895086:7ae4a7ff-a6c4-4c74-942a-ad61360cea97,1,False
concurrency_n10_20260613_002350_kafka_feed7_rep1,kafka,sb-events-n10-feed7-rep1,2,4495,18673742400,eb426907-87c9-419e-8ee6-0ed8b6b740e4,3895052,120,10.0,4461934333,3895052:eb426907-87c9-419e-8ee6-0ed8b6b740e4,1,False
concurrency_n10_20260613_002350_kafka_feed7_rep1,kafka,sb-events-n10-feed7-rep1,0,4378,18673766200,fc9c2958-2dc2-428b-957b-587677606e28,3895086,119,9.916666666666666,4461239888,3895086:fc9c2958-2dc2-428b-957b-587677606e28,1,False
concurrency_n10_20260613_002350_kafka_feed7_rep1,kafka,sb-events-n10-feed7-rep1,1,4540,18673789200,9b98774e-3075-42de-b94e-96ed73663d39,3895086,119,9.916666666666666,4461239888,3895086:9b98774e-3075-42de-b94e-96ed73663d39,1,False
concurrency_n10_20260613_002350_kafka_feed7_rep1,kafka,sb-events-n10-feed7-rep1,1,4541,18673809800,d786abf4-38cb-40e5-b6b5-e8eb9625a8ba,3895121,120,10.0,4461934333,3895121:d786abf4-38cb-40e5-b6b5-e8eb9625a8ba,1,False
concurrency_n10_20260613_002350_kafka_feed7_rep1,kafka,sb-events-n10-feed7-rep1,2,4496,18698614000,555bc5c4-24ff-470a-bcb3-f1f8c805a727,3895121,122,10.166666666666666,4463323222,3895121:555bc5c4-24ff-470a-bcb3-f1f8c805a727,1,False
concurrency_n10_20260613_002350_kafka_feed7_rep1,kafka,sb-events-n10-feed7-rep1,0,4379,18698655900,ae318e73-9edd-4aa7-8a31-7ab53c980a7f,3895113,120,10.0,4461934333,3895113:ae318e73-9edd-4aa7-8a31-7ab53c980a7f,1,False
concurrency_n10_20260613_002350_kafka_feed7_rep1,kafka,sb-events-n10-feed7-rep1,0,4380,18698677600,bdcb87b4-886d-4a51-846a-e3daf9134550,3895113,121,10.083333333333334,4462628777,3895113:bdcb87b4-886d-4a51-846a-e3daf9134550,1,False
concurrency_n10_20260613_002350_kafka_feed7_rep1,kafka,sb-events-n10-feed7-rep1,0,4381,18698743900,c6fa8cba-1701-4ea3-ac1a-392f3600fa7f,3895113,121,10.083333333333334,4462628777,3895113:c6fa8cba-1701-4ea3-ac1a-392f3600fa7f,1,False
concurrency_n10_20260613_002350_kafka_feed7_rep1,kafka,sb-events-n10-feed7-rep1,1,4542,18698767800,a46567a2-874a-4083-b7d8-7fb9c77581c9,3895113,121,10.083333333333334,4462628777,3895113:a46567a2-874a-4083-b7d8-7fb9c77581c9,1,False
concurrency_n10_20260613_002350_kafka_feed7_rep1,kafka,sb-events-n10-feed7-rep1,2,4497,18724786200,5e463067-3b5f-41a2-94c8-8f2b45bde467,3895113,122,10.166666666666666,4463323222,3895113:5e463067-3b5f-41a2-94c8-8f2b45bde467,1,False
concurrency_n10_20260613_002350_kafka_feed7_rep1,kafka,sb-events-n10-feed7-rep1,0,4382,18724824800,5eedec80-f645-4cfb-aa12-58c2d9e4aa76,3895134,122,10.166666666666666,4463323222,3895134:5eedec80-f645-4cfb-aa12-58c2d9e4aa76,1,False
concurrency_n10_20260613_002350_kafka_feed7_rep1,kafka,sb-events-n10-feed7-rep1,1,4543,18724846000,408f4bbf-413e-4694-89db-f672c83307a8,3895121,122,10.166666666666666,4463323222,3895121:408f4bbf-413e-4694-89db-f672c83307a8,1,False
concurrency_n10_20260613_002350_kafka_feed7_rep1,kafka,sb-events-n10-feed7-rep1,0,4383,18753695700,5d9832a6-a171-4ef4-b701-f6b4d05feee6,3895086,123,10.25,4464017666,3895086:5d9832a6-a171-4ef4-b701-f6b4d05feee6,1,False
concurrency_n10_20260613_002350_kafka_feed7_rep1,kafka,sb-events-n10-feed7-rep1,0,4384,18753734300,b146373c-bfd4-4689-9a30-2425bedbaea1,3895121,125,10.416666666666666,4465406555,3895121:b146373c-bfd4-4689-9a30-2425bedbaea1,1,False
concurrency_n10_20260613_002350_kafka_feed7_rep1,kafka,sb-events-n10-feed7-rep1,1,4544,18753757500,91ebf0de-d5c2-4d9a-afc6-8a0886f2b8d9,3895113,122,10.166666666666666,4463323222,3895113:91ebf0de-d5c2-4d9a-afc6-8a0886f2b8d9,1,False
concurrency_n10_20260613_002350_kafka_feed7_rep1,kafka,sb-events-n10-feed7-rep1,1,4545,18753780700,0ebcc909-cb95-4c8d-9d1e-9a5a1602fab8,3895074,124,10.333333333333334,4464712111,3895074:0ebcc909-cb95-4c8d-9d1e-9a5a1602fab8,1,False
concurrency_n10_20260613_002350_kafka_feed7_rep1,kafka,sb-events-n10-feed7-rep1,1,4546,18753803500,0e86a8f0-fac3-4b94-ae98-503bef435107,3895086,124,10.333333333333334,4464712111,3895086:0e86a8f0-fac3-4b94-ae98-503bef435107,1,False
concurrency_n10_20260613_002350_kafka_feed7_rep1,kafka,sb-events-n10-feed7-rep1,1,4547,18753827600,3df3c610-7558-40f2-8409-3980c81df760,3895086,124,10.333333333333334,4464712111,3895086:3df3c610-7558-40f2-8409-3980c81df760,1,False
concurrency_n10_20260613_002350_kafka_feed7_rep1,kafka,sb-events-n10-feed7-rep1,2,4498,18803076100,7668f311-474c-4a09-ba73-976cb6e622e9,3895134,125,10.416666666666666,4465406555,3895134:7668f311-474c-4a09-ba73-976cb6e622e9,1,False
concurrency_n10_20260613_002350_kafka_feed7_rep1,kafka,sb-events-n10-feed7-rep1,0,4385,18803111700,d486aa6d-6028-4a09-817b-504a539439c0,3895134,125,10.416666666666666,4465406555,3895134:d486aa6d-6028-4a09-817b-504a539439c0,1,False
concurrency_n10_20260613_002350_kafka_feed7_rep1,kafka,sb-events-n10-feed7-rep1,0,4386,18803129500,0c3a05f7-8245-4880-8929-7fcf36f2ea64,3895086,126,10.5,4466101000,3895086:0c3a05f7-8245-4880-8929-7fcf36f2ea64,1,False
concurrency_n10_20260613_002350_kafka_feed7_rep1,kafka,sb-events-n10-feed7-rep1,1,4548,18803147200,bc78e1b9-5446-43ae-a64a-472f49fcc426,3895134,125,10.416666666666666,4465406555,3895134:bc78e1b9-5446-43ae-a64a-472f49fcc426,1,False
concurrency_n10_20260613_002350_kafka_feed7_rep1,kafka,sb-events-n10-feed7-rep1,2,4499,18826526700,62daa303-276e-4025-88fd-f274ca6391a5,3895095,127,10.583333333333334,4466795444,3895095:62daa303-276e-4025-88fd-f274ca6391a5,1,False
concurrency_n10_20260613_002350_kafka_feed7_rep1,kafka,sb-events-n10-feed7-rep1,2,4500,18826656900,64d6040f-180b-47a2-87ef-500952d04dc9,3895121,127,10.583333333333334,4466795444,3895121:64d6040f-180b-47a2-87ef-500952d04dc9,1,False
concurrency_n10_20260613_002350_kafka_feed7_rep1,kafka,sb-events-n10-feed7-rep1,2,4501,18826687700,39cbe823-8aa4-40ec-8e9c-fafa182c583c,3895086,127,10.583333333333334,4466795444,3895086:39cbe823-8aa4-40ec-8e9c-fafa182c583c,1,False
concurrency_n10_20260613_002350_kafka_feed7_rep1,kafka,sb-events-n10-feed7-rep1,2,4502,18826712700,b5a26a30-b128-4077-a30b-60fe783e8f6e,3895121,128,10.666666666666666,4467489888,3895121:b5a26a30-b128-4077-a30b-60fe783e8f6e,1,False
concurrency_n10_20260613_002350_kafka_feed7_rep1,kafka,sb-events-n10-feed7-rep1,2,4503,18826734700,34f794a7-c154-4ea0-9022-72271af0e55b,3895121,129,10.75,4468184333,3895121:34f794a7-c154-4ea0-9022-72271af0e55b,1,False
concurrency_n10_20260613_002350_kafka_feed7_rep1,kafka,sb-events-n10-feed7-rep1,0,4387,18826755900,afeefed6-d0ce-472b-bb6d-1575badb8431,3895121,127,10.583333333333334,4466795444,3895121:afeefed6-d0ce-472b-bb6d-1575badb8431,1,False
concurrency_n10_20260613_002350_kafka_feed7_rep1,kafka,sb-events-n10-feed7-rep1,0,4388,18826777200,5ba62c14-0531-4810-8b10-81c900dabc24,3895052,127,10.583333333333334,4466795444,3895052:5ba62c14-0531-4810-8b10-81c900dabc24,1,False
concurrency_n10_20260613_002350_kafka_feed7_rep1,kafka,sb-events-n10-feed7-rep1,0,4389,18826798800,e1be1dd2-b23a-4194-bab1-2f8cf03e4b91,3895086,127,10.583333333333334,4466795444,3895086:e1be1dd2-b23a-4194-bab1-2f8cf03e4b91,1,False
concurrency_n10_20260613_002350_kafka_feed7_rep1,kafka,sb-events-n10-feed7-rep1,0,4390,18826820600,00dfb475-72a7-4673-ba72-cb20316a774f,3895086,127,10.583333333333334,4466795444,3895086:00dfb475-72a7-4673-ba72-cb20316a774f,1,False
concurrency_n10_20260613_002350_kafka_feed7_rep1,kafka,sb-events-n10-feed7-rep1,0,4391,18826840900,e217828c-5b24-44e5-98c4-da628ea86b68,3895086,127,10.583333333333334,4466795444,3895086:e217828c-5b24-44e5-98c4-da628ea86b68,1,False
concurrency_n10_20260613_002350_kafka_feed7_rep1,kafka,sb-events-n10-feed7-rep1,1,4549,18826974500,48d9689f-34d4-42dc-b2bb-ddaefd5f083a,3895121,129,10.75,4468184333,3895121:48d9689f-34d4-42dc-b2bb-ddaefd5f083a,1,False
concurrency_n10_20260613_002350_kafka_feed7_rep1,kafka,sb-events-n10-feed7-rep1,2,4504,18858202300,cb8a277a-542b-4c45-9c92-4eeb0146cc5a,3895121,129,10.75,4468184333,3895121:cb8a277a-542b-4c45-9c92-4eeb0146cc5a,1,False
concurrency_n10_20260613_002350_kafka_feed7_rep1,kafka,sb-events-n10-feed7-rep1,2,4505,18858243000,5b520ef2-a8d3-4a67-8426-b36c70e7f981,3895086,129,10.75,4468184333,3895086:5b520ef2-a8d3-4a67-8426-b36c70e7f981,1,False
concurrency_n10_20260613_002350_kafka_feed7_rep1,kafka,sb-events-n10-feed7-rep1,2,4506,18858263600,9c855d8d-f090-4c54-961f-74a84bc48724,3895121,130,10.833333333333334,4468878777,3895121:9c855d8d-f090-4c54-961f-74a84bc48724,1,False
concurrency_n10_20260613_002350_kafka_feed7_rep1,kafka,sb-events-n10-feed7-rep1,2,4507,18858283600,c1a39259-85ef-4ad6-a099-74dca9a15d3d,3895052,130,10.833333333333334,4468878777,3895052:c1a39259-85ef-4ad6-a099-74dca9a15d3d,1,False
concurrency_n10_20260613_002350_kafka_feed7_rep1,kafka,sb-events-n10-feed7-rep1,2,4508,18858303100,a97cdc41-3859-49e2-a4e9-71cdf9d4722a,3895095,131,10.916666666666666,4469573222,3895095:a97cdc41-3859-49e2-a4e9-71cdf9d4722a,1,False
concurrency_n10_20260613_002350_kafka_feed7_rep1,kafka,sb-events-n10-feed7-rep1,2,4509,18858322100,48ae3e9b-f068-4b72-8c89-64d3fd6673db,3895095,131,10.916666666666666,4469573222,3895095:48ae3e9b-f068-4b72-8c89-64d3fd6673db,1,False
concurrency_n10_20260613_002350_kafka_feed7_rep1,kafka,sb-events-n10-feed7-rep1,0,4392,18858347600,e3332c0d-b466-4873-9fbc-85232deb3925,3895121,130,10.833333333333334,4468878777,3895121:e3332c0d-b466-4873-9fbc-85232deb3925,1,False
concurrency_n10_20260613_002350_kafka_feed7_rep1,kafka,sb-events-n10-feed7-rep1,0,4393,18858375900,c205f5fd-bef3-4eeb-80a5-3e15ad9d2d75,3895095,132,11.0,4470267666,3895095:c205f5fd-bef3-4eeb-80a5-3e15ad9d2d75,1,False
concurrency_n10_20260613_002350_kafka_feed7_rep1,kafka,sb-events-n10-feed7-rep1,1,4550,18858407000,e7fddee0-3be2-4805-b58f-a6ffc185442d,3895095,131,10.916666666666666,4469573222,3895095:e7fddee0-3be2-4805-b58f-a6ffc185442d,1,False
concurrency_n10_20260613_002350_kafka_feed7_rep1,kafka,sb-events-n10-feed7-rep1,2,4510,18865542200,b28bd901-d527-4796-8f1a-3f35c620200a,3895095,132,11.0,4470267666,3895095:b28bd901-d527-4796-8f1a-3f35c620200a,1,False
concurrency_n10_20260613_002350_kafka_feed7_rep1,kafka,sb-events-n10-feed7-rep1,0,4394,18865595800,9ccbcba8-de45-4714-9f61-5898f2125d47,3895095,132,11.0,4470267666,3895095:9ccbcba8-de45-4714-9f61-5898f2125d47,1,False
concurrency_n10_20260613_002350_kafka_feed7_rep1,kafka,sb-events-n10-feed7-rep1,0,4395,18876603100,939b2704-1335-4e90-8ddb-1f203784962d,3895095,132,11.0,4470267666,3895095:939b2704-1335-4e90-8ddb-1f203784962d,1,False
concurrency_n10_20260613_002350_kafka_feed7_rep1,kafka,sb-events-n10-feed7-rep1,1,4551,18884712300,62a7bbe1-0f07-4fc3-984c-d3bd87ace61c,3895095,133,11.083333333333334,4470962111,3895095:62a7bbe1-0f07-4fc3-984c-d3bd87ace61c,1,False
concurrency_n10_20260613_002350_kafka_feed7_rep1,kafka,sb-events-n10-feed7-rep1,2,4511,18884768100,9a0df9ec-ca29-416b-9455-6d0699245517,3895086,132,11.0,4470267666,3895086:9a0df9ec-ca29-416b-9455-6d0699245517,1,False
concurrency_n10_20260613_002350_kafka_feed7_rep1,kafka,sb-events-n10-feed7-rep1,2,4512,18900581100,40cc1606-a137-4b66-9bcb-a6ce6855c8bd,3895095,133,11.083333333333334,4470962111,3895095:40cc1606-a137-4b66-9bcb-a6ce6855c8bd,1,False
concurrency_n10_20260613_002350_kafka_feed7_rep1,kafka,sb-events-n10-feed7-rep1,0,4396,18913767400,1d2350ad-32f9-42d6-bf6d-3c446a78528c,3895060,134,11.166666666666666,4471656555,3895060:1d2350ad-32f9-42d6-bf6d-3c446a78528c,1,False
concurrency_n10_20260613_002350_kafka_feed7_rep1,kafka,sb-events-n10-feed7-rep1,2,4513,18913824800,17ae4e97-cbd8-431e-b4f2-0f5e66ead733,3895060,134,11.166666666666666,4471656555,3895060:17ae4e97-cbd8-431e-b4f2-0f5e66ead733,1,False
concurrency_n10_20260613_002350_kafka_feed7_rep1,kafka,sb-events-n10-feed7-rep1,2,4514,18913848200,ee2a9e51-6167-4107-b5d7-222a8364c5b2,3895060,134,11.166666666666666,4471656555,3895060:ee2a9e51-6167-4107-b5d7-222a8364c5b2,1,False
concurrency_n10_20260613_002350_kafka_feed7_rep1,kafka,sb-events-n10-feed7-rep1,0,4397,18928205500,43285854-773c-442d-b4c6-83e7303a059a,3895095,134,11.166666666666666,4471656555,3895095:43285854-773c-442d-b4c6-83e7303a059a,1,False
concurrency_n10_20260613_002350_kafka_feed7_rep1,kafka,sb-events-n10-feed7-rep1,1,4552,18936857600,2d5d9d93-1f1e-4b29-a84b-53e672619caf,3895095,134,11.166666666666666,4471656555,3895095:2d5d9d93-1f1e-4b29-a84b-53e672619caf,1,False
concurrency_n10_20260613_002350_kafka_feed7_rep1,kafka,sb-events-n10-feed7-rep1,0,4398,18936919700,fccd97a6-e828-4e8a-b6d2-74137a5c76da,3895095,134,11.166666666666666,4471656555,3895095:fccd97a6-e828-4e8a-b6d2-74137a5c76da,1,False
concurrency_n10_20260613_002350_kafka_feed7_rep1,kafka,sb-events-n10-feed7-rep1,0,4399,18936954700,df1f5572-1cdb-4db5-a7fe-c8a1f4b2dbc4,3895060,136,11.333333333333334,4473045444,3895060:df1f5572-1cdb-4db5-a7fe-c8a1f4b2dbc4,1,False
concurrency_n10_20260613_002350_kafka_feed7_rep1,kafka,sb-events-n10-feed7-rep1,2,4515,18947758200,8034c2f5-3b8b-448f-84b6-3d56d1317298,3895095,136,11.333333333333334,4473045444,3895095:8034c2f5-3b8b-448f-84b6-3d56d1317298,1,False
concurrency_n10_20260613_002350_kafka_feed7_rep1,kafka,sb-events-n10-feed7-rep1,2,4516,18947808300,4720aca0-dc33-4b91-bf79-28e5d02a9823,3895052,136,11.333333333333334,4473045444,3895052:4720aca0-dc33-4b91-bf79-28e5d02a9823,1,False
concurrency_n10_20260613_002350_kafka_feed7_rep1,kafka,sb-events-n10-feed7-rep1,2,4517,18947858200,2ee5f551-c20e-44d1-ae04-f3a72bb838fd,3895060,137,11.416666666666666,4473739888,3895060:2ee5f551-c20e-44d1-ae04-f3a72bb838fd,1,False
concurrency_n10_20260613_002350_kafka_feed7_rep1,kafka,sb-events-n10-feed7-rep1,2,4518,18953513300,629f26cc-12a2-4b57-9cc8-712cc9bd6865,3895060,137,11.416666666666666,4473739888,3895060:629f26cc-12a2-4b57-9cc8-712cc9bd6865,1,False
concurrency_n10_20260613_002350_kafka_feed7_rep1,kafka,sb-events-n10-feed7-rep1,1,4553,18967376000,45a9de9f-a580-42b7-9ffe-7875d9e2cd85,3895095,137,11.416666666666666,4473739888,3895095:45a9de9f-a580-42b7-9ffe-7875d9e2cd85,1,False
concurrency_n10_20260613_002350_kafka_feed7_rep1,kafka,sb-events-n10-feed7-rep1,0,4400,18967433800,b84450d8-0b22-4986-8df3-0e2857770d62,3895095,137,11.416666666666666,4473739888,3895095:b84450d8-0b22-4986-8df3-0e2857770d62,1,False
concurrency_n10_20260613_002350_kafka_feed7_rep1,kafka,sb-events-n10-feed7-rep1,2,4519,18981594700,5c6ffce4-0b2a-4651-b593-33aa03a60daa,3895095,137,11.416666666666666,4473739888,3895095:5c6ffce4-0b2a-4651-b593-33aa03a60daa,1,False
concurrency_n10_20260613_002350_kafka_feed7_rep1,kafka,sb-events-n10-feed7-rep1,2,4520,18981637100,8343a3d7-f2a3-4b5f-8a66-ee83553e0b14,3895052,137,11.416666666666666,4473739888,3895052:8343a3d7-f2a3-4b5f-8a66-ee83553e0b14,1,False
concurrency_n10_20260613_002350_kafka_feed7_rep1,kafka,sb-events-n10-feed7-rep1,1,4554,18994117300,d684e5e4-ee5a-4a7a-8013-d787ae77e932,3895052,137,11.416666666666666,4473739888,3895052:d684e5e4-ee5a-4a7a-8013-d787ae77e932,1,False
concurrency_n10_20260613_002350_kafka_feed7_rep1,kafka,sb-events-n10-feed7-rep1,1,4555,18994163600,8861d98d-8203-4cf2-a8cd-292630b66f01,3895052,137,11.416666666666666,4473739888,3895052:8861d98d-8203-4cf2-a8cd-292630b66f01,1,False
concurrency_n10_20260613_002350_kafka_feed7_rep1,kafka,sb-events-n10-feed7-rep1,2,4521,18994186200,a62239ed-a51a-421b-8166-92c7a2439ab1,3895060,138,11.5,4474434333,3895060:a62239ed-a51a-421b-8166-92c7a2439ab1,1,False
concurrency_n10_20260613_002350_kafka_feed7_rep1,kafka,sb-events-n10-feed7-rep1,0,4401,19030306100,5e363256-e968-42b8-b91a-ff98b9978997,3895052,138,11.5,4474434333,3895052:5e363256-e968-42b8-b91a-ff98b9978997,1,False
concurrency_n10_20260613_002350_kafka_feed7_rep1,kafka,sb-events-n10-feed7-rep1,1,4556,19030342600,a94f1482-b5d0-45ea-9c8a-a578eb26ade6,3895060,139,11.583333333333334,4475128777,3895060:a94f1482-b5d0-45ea-9c8a-a578eb26ade6,1,False
concurrency_n10_20260613_002350_kafka_feed7_rep1,kafka,sb-events-n10-feed7-rep1,2,4522,19030362800,ceca0c62-9a68-4003-a66f-6408d2996153,3895052,138,11.5,4474434333,3895052:ceca0c62-9a68-4003-a66f-6408d2996153,1,False
concurrency_n10_20260613_002350_kafka_feed7_rep1,kafka,sb-events-n10-feed7-rep1,0,4402,19041574300,2e82cdf4-082a-4d1e-9590-c48cd417ba08,3895052,139,11.583333333333334,4475128777,3895052:2e82cdf4-082a-4d1e-9590-c48cd417ba08,1,False
concurrency_n10_20260613_002350_kafka_feed7_rep1,kafka,sb-events-n10-feed7-rep1,0,4403,19041611800,6bc4c8b2-62da-473a-b751-2a43ebdc54fb,3895052,139,11.583333333333334,4475128777,3895052:6bc4c8b2-62da-473a-b751-2a43ebdc54fb,1,False
concurrency_n10_20260613_002350_kafka_feed7_rep1,kafka,sb-events-n10-feed7-rep1,1,4557,19041633800,a0b9412b-af5d-4ae7-a768-2fb5ca78088c,3895095,139,11.583333333333334,4475128777,3895095:a0b9412b-af5d-4ae7-a768-2fb5ca78088c,1,False
concurrency_n10_20260613_002350_kafka_feed7_rep1,kafka,sb-events-n10-feed7-rep1,1,4558,19041654500,b8237fa5-ce5b-46d9-b92b-7c5d2fc0882a,3895107,139,11.583333333333334,4475128777,3895107:b8237fa5-ce5b-46d9-b92b-7c5d2fc0882a,1,False
concurrency_n10_20260613_002350_kafka_feed7_rep1,kafka,sb-events-n10-feed7-rep1,2,4523,19041673200,860f5c36-ef9b-4b21-bc71-35e0157762a2,3895060,139,11.583333333333334,4475128777,3895060:860f5c36-ef9b-4b21-bc71-35e0157762a2,1,False
concurrency_n10_20260613_002350_kafka_feed7_rep1,kafka,sb-events-n10-feed7-rep1,2,4524,19041692300,4522c929-1571-459e-b17b-c2ab5a6247a2,3895052,139,11.583333333333334,4475128777,3895052:4522c929-1571-459e-b17b-c2ab5a6247a2,1,False
concurrency_n10_20260613_002350_kafka_feed7_rep1,kafka,sb-events-n10-feed7-rep1,2,4525,19041713700,3be64c0b-6dad-4022-a71b-2ee59ed562fb,3895095,140,11.666666666666666,4475823222,3895095:3be64c0b-6dad-4022-a71b-2ee59ed562fb,1,False
concurrency_n10_20260613_002350_kafka_feed7_rep1,kafka,sb-events-n10-feed7-rep1,2,4526,19055215800,7d0b87cf-fe4a-4f0d-bf10-8f1cb6bb60aa,3895095,140,11.666666666666666,4475823222,3895095:7d0b87cf-fe4a-4f0d-bf10-8f1cb6bb60aa,1,False
concurrency_n10_20260613_002350_kafka_feed7_rep1,kafka,sb-events-n10-feed7-rep1,2,4527,19055309600,7d80a5a5-c9aa-4f70-be18-22fc1fa21038,3895095,140,11.666666666666666,4475823222,3895095:7d80a5a5-c9aa-4f70-be18-22fc1fa21038,1,False
concurrency_n10_20260613_002350_kafka_feed7_rep1,kafka,sb-events-n10-feed7-rep1,0,4404,19064675700,d0c874f5-c964-4141-8b5a-b4603dc98153,3895060,141,11.75,4476517666,3895060:d0c874f5-c964-4141-8b5a-b4603dc98153,1,False
concurrency_n10_20260613_002350_kafka_feed7_rep1,kafka,sb-events-n10-feed7-rep1,1,4559,19081862700,e42abc58-f3f6-471d-9d22-1ae2102faef1,3895095,141,11.75,4476517666,3895095:e42abc58-f3f6-471d-9d22-1ae2102faef1,1,False
concurrency_n10_20260613_002350_kafka_feed7_rep1,kafka,sb-events-n10-feed7-rep1,0,4405,19081921200,fc1d2703-50cf-44fc-9a11-e2005c1a4742,3895060,141,11.75,4476517666,3895060:fc1d2703-50cf-44fc-9a11-e2005c1a4742,1,False
concurrency_n10_20260613_002350_kafka_feed7_rep1,kafka,sb-events-n10-feed7-rep1,2,4528,19090462500,06d8c140-613c-415f-897a-9ff64cf3c9e4,3895052,141,11.75,4476517666,3895052:06d8c140-613c-415f-897a-9ff64cf3c9e4,1,False
concurrency_n10_20260613_002350_kafka_feed7_rep1,kafka,sb-events-n10-feed7-rep1,2,4529,19090531500,8716c4f7-df1a-4c73-86c6-7af9557668c9,3895060,142,11.833333333333334,4477212111,3895060:8716c4f7-df1a-4c73-86c6-7af9557668c9,1,False
concurrency_n10_20260613_002350_kafka_feed7_rep1,kafka,sb-events-n10-feed7-rep1,1,4560,19090641200,c97920dc-91b1-4ba4-90d4-d2ee1eb8ec4f,3895060,142,11.833333333333334,4477212111,3895060:c97920dc-91b1-4ba4-90d4-d2ee1eb8ec4f,1,False
concurrency_n10_20260613_002350_kafka_feed7_rep1,kafka,sb-events-n10-feed7-rep1,2,4530,19095175300,d1eee694-bd64-4580-aae4-cf9edba91fe0,3895095,142,11.833333333333334,4477212111,3895095:d1eee694-bd64-4580-aae4-cf9edba91fe0,1,False
concurrency_n10_20260613_002350_kafka_feed7_rep1,kafka,sb-events-n10-feed7-rep1,1,4561,19095216900,dcbde8b8-ac84-457d-8048-5ac02e6f03cd,3895095,142,11.833333333333334,4477212111,3895095:dcbde8b8-ac84-457d-8048-5ac02e6f03cd,1,False
concurrency_n10_20260613_002350_kafka_feed7_rep1,kafka,sb-events-n10-feed7-rep1,1,4562,19104137100,38e364aa-af8a-4dbf-b99e-a24330dd2459,3895095,142,11.833333333333334,4477212111,3895095:38e364aa-af8a-4dbf-b99e-a24330dd2459,1,False
concurrency_n10_20260613_002350_kafka_feed7_rep1,kafka,sb-events-n10-feed7-rep1,0,4406,19115880100,41c876fb-891b-43ac-a188-4c32b52e1fb2,3895107,142,11.833333333333334,4477212111,3895107:41c876fb-891b-43ac-a188-4c32b52e1fb2,1,False
concurrency_n10_20260613_002350_kafka_feed7_rep1,kafka,sb-events-n10-feed7-rep1,2,4531,19127409100,c31ba033-bcf9-4d3c-83f2-c72b6d7d9dee,3895107,143,11.916666666666666,4477906555,3895107:c31ba033-bcf9-4d3c-83f2-c72b6d7d9dee,1,False
concurrency_n10_20260613_002350_kafka_feed7_rep1,kafka,sb-events-n10-feed7-rep1,2,4532,19127478200,14769c8b-1ce7-4a1a-9280-f86fcb3970c4,3895134,144,12.0,4478601000,3895134:14769c8b-1ce7-4a1a-9280-f86fcb3970c4,1,False
concurrency_n10_20260613_002350_kafka_feed7_rep1,kafka,sb-events-n10-feed7-rep1,1,4563,19127571100,e513158e-b9e9-40d0-a11f-a77b226a2fdf,3895052,143,11.916666666666666,4477906555,3895052:e513158e-b9e9-40d0-a11f-a77b226a2fdf,1,False
concurrency_n10_20260613_002350_kafka_feed7_rep1,kafka,sb-events-n10-feed7-rep1,0,4407,19127604400,a10f0ac6-c79a-4bb1-b6a3-6a425336db0b,3895052,143,11.916666666666666,4477906555,3895052:a10f0ac6-c79a-4bb1-b6a3-6a425336db0b,1,False
concurrency_n10_20260613_002350_kafka_feed7_rep1,kafka,sb-events-n10-feed7-rep1,2,4533,19144108500,27da8a02-d707-4ce8-a293-db4242406f9d,3895095,144,12.0,4478601000,3895095:27da8a02-d707-4ce8-a293-db4242406f9d,1,False
concurrency_n10_20260613_002350_kafka_feed7_rep1,kafka,sb-events-n10-feed7-rep1,0,4408,19144149600,2bbbcd7d-6c83-4bcb-b2da-5d70b7b62595,3895095,144,12.0,4478601000,3895095:2bbbcd7d-6c83-4bcb-b2da-5d70b7b62595,1,False
concurrency_n10_20260613_002350_kafka_feed7_rep1,kafka,sb-events-n10-feed7-rep1,0,4409,19163436400,4e4aad3f-1662-4b68-818c-8a861d35dad3,3895060,145,12.083333333333334,4479295444,3895060:4e4aad3f-1662-4b68-818c-8a861d35dad3,1,False
concurrency_n10_20260613_002350_kafka_feed7_rep1,kafka,sb-events-n10-feed7-rep1,0,4410,19163476600,2af2b993-757d-4545-8b47-d555bd5647ba,3895060,145,12.083333333333334,4479295444,3895060:2af2b993-757d-4545-8b47-d555bd5647ba,1,False
concurrency_n10_20260613_002350_kafka_feed7_rep1,kafka,sb-events-n10-feed7-rep1,1,4564,19182389200,b72e24dd-2850-4c5f-8d96-f16624b518cd,3895134,145,12.083333333333334,4479295444,3895134:b72e24dd-2850-4c5f-8d96-f16624b518cd,1,False
concurrency_n10_20260613_002350_kafka_feed7_rep1,kafka,sb-events-n10-feed7-rep1,2,4534,19182434400,274e4c69-0479-4360-8935-b4b883d351bd,3895134,145,12.083333333333334,4479295444,3895134:274e4c69-0479-4360-8935-b4b883d351bd,1,False
concurrency_n10_20260613_002350_kafka_feed7_rep1,kafka,sb-events-n10-feed7-rep1,0,4411,19191259400,6ee3cb36-02c5-4388-9dd0-e89b8e673c69,3895107,145,12.083333333333334,4479295444,3895107:6ee3cb36-02c5-4388-9dd0-e89b8e673c69,1,False
concurrency_n10_20260613_002350_kafka_feed7_rep1,kafka,sb-events-n10-feed7-rep1,2,4535,19191296300,d5778bdf-d6e5-4a9e-98d0-307cefd0aa3a,3895134,145,12.083333333333334,4479295444,3895134:d5778bdf-d6e5-4a9e-98d0-307cefd0aa3a,1,False
concurrency_n10_20260613_002350_kafka_feed7_rep1,kafka,sb-events-n10-feed7-rep1,1,4565,19200059100,d492ff71-49f1-47b9-93d5-3a2ba41aa1a6,3895107,145,12.083333333333334,4479295444,3895107:d492ff71-49f1-47b9-93d5-3a2ba41aa1a6,1,False
concurrency_n10_20260613_002350_kafka_feed7_rep1,kafka,sb-events-n10-feed7-rep1,0,4412,19223269600,61823ed4-1479-4890-b776-23c242285441,3895052,145,12.083333333333334,4479295444,3895052:61823ed4-1479-4890-b776-23c242285441,1,False
concurrency_n10_20260613_002350_kafka_feed7_rep1,kafka,sb-events-n10-feed7-rep1,2,4536,19229744200,df1c3c1b-e9a2-4e50-a24b-0789cd2a61bd,3895052,146,12.166666666666666,4479989888,3895052:df1c3c1b-e9a2-4e50-a24b-0789cd2a61bd,1,False
concurrency_n10_20260613_002350_kafka_feed7_rep1,kafka,sb-events-n10-feed7-rep1,1,4566,19229797200,2ad342b1-7289-486b-a50a-dd635e0fe308,3895095,146,12.166666666666666,4479989888,3895095:2ad342b1-7289-486b-a50a-dd635e0fe308,1,False
concurrency_n10_20260613_002350_kafka_feed7_rep1,kafka,sb-events-n10-feed7-rep1,0,4413,19229828600,905aae4b-8bb8-4cbe-b367-1dbdb13016f8,3895095,146,12.166666666666666,4479989888,3895095:905aae4b-8bb8-4cbe-b367-1dbdb13016f8,1,False
concurrency_n10_20260613_002350_kafka_feed7_rep1,kafka,sb-events-n10-feed7-rep1,0,4414,19229860900,16f50eaa-bf9a-435a-869e-b4b94d90aef3,3895052,146,12.166666666666666,4479989888,3895052:16f50eaa-bf9a-435a-869e-b4b94d90aef3,1,False
concurrency_n10_20260613_002350_kafka_feed7_rep1,kafka,sb-events-n10-feed7-rep1,0,4415,19233368500,5bc87cbd-db36-4bd5-a4d7-c07ed5435238,3895052,146,12.166666666666666,4479989888,3895052:5bc87cbd-db36-4bd5-a4d7-c07ed5435238,1,False
concurrency_n10_20260613_002350_kafka_feed7_rep1,kafka,sb-events-n10-feed7-rep1,0,4416,19243382100,94b8fb4f-15a6-4678-b49e-dbb1635dac91,3895074,147,12.25,4480684333,3895074:94b8fb4f-15a6-4678-b49e-dbb1635dac91,1,False
concurrency_n10_20260613_002350_kafka_feed7_rep1,kafka,sb-events-n10-feed7-rep1,2,4537,19255112700,3a8e7135-5cd1-47d4-a1a8-caa6066bc446,3895060,147,12.25,4480684333,3895060:3a8e7135-5cd1-47d4-a1a8-caa6066bc446,1,False
concurrency_n10_20260613_002350_kafka_feed7_rep1,kafka,sb-events-n10-feed7-rep1,1,4567,19272398200,3bac1e29-591a-46c6-b1a0-98c8ce30328e,3895134,147,12.25,4480684333,3895134:3bac1e29-591a-46c6-b1a0-98c8ce30328e,1,False
concurrency_n10_20260613_002350_kafka_feed7_rep1,kafka,sb-events-n10-feed7-rep1,2,4538,19272468200,a690da0f-daea-46a9-8c95-fb0028dc9d52,3895060,147,12.25,4480684333,3895060:a690da0f-daea-46a9-8c95-fb0028dc9d52,1,False
concurrency_n10_20260613_002350_kafka_feed7_rep1,kafka,sb-events-n10-feed7-rep1,2,4539,19272496500,dae48e3b-1290-4abc-a270-e05bcb5f6d54,3895134,147,12.25,4480684333,3895134:dae48e3b-1290-4abc-a270-e05bcb5f6d54,1,False
concurrency_n10_20260613_002350_kafka_feed7_rep1,kafka,sb-events-n10-feed7-rep1,0,4417,19292191600,1bedfa64-1d37-4506-aa21-4945f199f31e,3895052,147,12.25,4480684333,3895052:1bedfa64-1d37-4506-aa21-4945f199f31e,1,False
concurrency_n10_20260613_002350_kafka_feed7_rep1,kafka,sb-events-n10-feed7-rep1,1,4568,19292255100,e7879c9d-92f2-4c18-b907-e14444eaa7ef,3895107,147,12.25,4480684333,3895107:e7879c9d-92f2-4c18-b907-e14444eaa7ef,1,False
concurrency_n10_20260613_002350_kafka_feed7_rep1,kafka,sb-events-n10-feed7-rep1,2,4540,19292292100,929a1602-3f39-4a54-810e-a0a90e250ff3,3895052,147,12.25,4480684333,3895052:929a1602-3f39-4a54-810e-a0a90e250ff3,1,False
concurrency_n10_20260613_002350_kafka_feed7_rep1,kafka,sb-events-n10-feed7-rep1,0,4418,19320851600,5cbd0c3c-0bbf-4858-9d74-0206232f9fca,3895052,147,12.25,4480684333,3895052:5cbd0c3c-0bbf-4858-9d74-0206232f9fca,1,False
concurrency_n10_20260613_002350_kafka_feed7_rep1,kafka,sb-events-n10-feed7-rep1,2,4541,19320886900,fe614350-e134-46ba-8efb-925f5ac87ae7,3895060,148,12.333333333333334,4481378777,3895060:fe614350-e134-46ba-8efb-925f5ac87ae7,1,False
concurrency_n10_20260613_002350_kafka_feed7_rep1,kafka,sb-events-n10-feed7-rep1,1,4569,19386330100,efb14b0b-f196-4536-8723-97a984f41655,3895095,148,12.333333333333334,4481378777,3895095:efb14b0b-f196-4536-8723-97a984f41655,1,False
concurrency_n10_20260613_002350_kafka_feed7_rep1,kafka,sb-events-n10-feed7-rep1,1,4570,19386364800,e9b560c1-2ff1-4cfc-b6b6-f593904510c4,3895134,149,12.416666666666666,4482073222,3895134:e9b560c1-2ff1-4cfc-b6b6-f593904510c4,1,False
concurrency_n10_20260613_002350_kafka_feed7_rep1,kafka,sb-events-n10-feed7-rep1,1,4571,19386383500,4fa6170b-3931-48f1-8db7-6af349365210,3895095,149,12.416666666666666,4482073222,3895095:4fa6170b-3931-48f1-8db7-6af349365210,1,False
concurrency_n10_20260613_002350_kafka_feed7_rep1,kafka,sb-events-n10-feed7-rep1,0,4419,19386400800,a4c1b81e-781e-4d08-83a5-c54a57580b62,3895134,148,12.333333333333334,4481378777,3895134:a4c1b81e-781e-4d08-83a5-c54a57580b62,1,False
concurrency_n10_20260613_002350_kafka_feed7_rep1,kafka,sb-events-n10-feed7-rep1,2,4542,19408789000,5758447e-1001-49e1-a0ab-154017c719b5,3895095,149,12.416666666666666,4482073222,3895095:5758447e-1001-49e1-a0ab-154017c719b5,1,False
concurrency_n10_20260613_002350_kafka_feed7_rep1,kafka,sb-events-n10-feed7-rep1,2,4543,19408850000,3c21c5d0-aa2b-4f7e-8add-85164d82adfa,3895095,149,12.416666666666666,4482073222,3895095:3c21c5d0-aa2b-4f7e-8add-85164d82adfa,1,False
concurrency_n10_20260613_002350_kafka_feed7_rep1,kafka,sb-events-n10-feed7-rep1,2,4544,19408873700,41fd2317-da9a-4fa3-8cbb-1848d1bdeb69,3895107,149,12.416666666666666,4482073222,3895107:41fd2317-da9a-4fa3-8cbb-1848d1bdeb69,1,False
concurrency_n10_20260613_002350_kafka_feed7_rep1,kafka,sb-events-n10-feed7-rep1,2,4545,19408893500,d5d8d151-674a-421d-8a54-7f334aa9777f,3895052,150,12.5,4482767666,3895052:d5d8d151-674a-421d-8a54-7f334aa9777f,1,False
concurrency_n10_20260613_002350_kafka_feed7_rep1,kafka,sb-events-n10-feed7-rep1,1,4572,19408934000,3e95469a-5da3-41cb-9f40-0ff79f6eee66,3895121,150,12.5,4482767666,3895121:3e95469a-5da3-41cb-9f40-0ff79f6eee66,1,False
concurrency_n10_20260613_002350_kafka_feed7_rep1,kafka,sb-events-n10-feed7-rep1,1,4573,19408952200,4d521520-8fe2-4624-a9ba-edbd457751d2,3895052,150,12.5,4482767666,3895052:4d521520-8fe2-4624-a9ba-edbd457751d2,1,False
concurrency_n10_20260613_002350_kafka_feed7_rep1,kafka,sb-events-n10-feed7-rep1,1,4574,19408968900,7ce1c8d6-183a-46fb-8712-67062f116c4f,3895060,151,12.583333333333334,4483462111,3895060:7ce1c8d6-183a-46fb-8712-67062f116c4f,1,False
concurrency_n10_20260613_002350_kafka_feed7_rep1,kafka,sb-events-n10-feed7-rep1,0,4420,19408988700,32bb9c4d-af8f-4d4b-8694-0c58f8fae3b8,3895095,149,12.416666666666666,4482073222,3895095:32bb9c4d-af8f-4d4b-8694-0c58f8fae3b8,1,False
concurrency_n10_20260613_002350_kafka_feed7_rep1,kafka,sb-events-n10-feed7-rep1,0,4421,19409092500,1d4d5d50-bf23-4946-a4d9-a43b9b640a29,3895107,149,12.416666666666666,4482073222,3895107:1d4d5d50-bf23-4946-a4d9-a43b9b640a29,1,False
concurrency_n10_20260613_002350_kafka_feed7_rep1,kafka,sb-events-n10-feed7-rep1,0,4422,19409116600,8135d562-0da3-440b-a0e2-268dae7d9672,3895060,151,12.583333333333334,4483462111,3895060:8135d562-0da3-440b-a0e2-268dae7d9672,1,False
concurrency_n10_20260613_002350_kafka_feed7_rep1,kafka,sb-events-n10-feed7-rep1,2,4546,19419981000,9bd995e3-84c3-4035-856f-bdba64f40d06,3895052,151,12.583333333333334,4483462111,3895052:9bd995e3-84c3-4035-856f-bdba64f40d06,1,False
concurrency_n10_20260613_002350_kafka_feed7_rep1,kafka,sb-events-n10-feed7-rep1,2,4547,19420027300,3efe044e-977e-40db-9d4a-0e3476de3f67,3895095,152,12.666666666666666,4484156555,3895095:3efe044e-977e-40db-9d4a-0e3476de3f67,1,False
concurrency_n10_20260613_002350_kafka_feed7_rep1,kafka,sb-events-n10-feed7-rep1,0,4423,19420051800,e5697ff1-eca1-4a24-aae7-62ba05de1074,3895052,151,12.583333333333334,4483462111,3895052:e5697ff1-eca1-4a24-aae7-62ba05de1074,1,False
concurrency_n10_20260613_002350_kafka_feed7_rep1,kafka,sb-events-n10-feed7-rep1,1,4575,19439594300,560019c8-3875-4a6f-94d2-2d748c2ef69c,3895095,152,12.666666666666666,4484156555,3895095:560019c8-3875-4a6f-94d2-2d748c2ef69c,1,False
concurrency_n10_20260613_002350_kafka_feed7_rep1,kafka,sb-events-n10-feed7-rep1,0,4424,19439689700,ee231cf7-4ea9-423c-aa4a-d19a0e921779,3895095,152,12.666666666666666,4484156555,3895095:ee231cf7-4ea9-423c-aa4a-d19a0e921779,1,False
concurrency_n10_20260613_002350_kafka_feed7_rep1,kafka,sb-events-n10-feed7-rep1,2,4548,19452558400,7821e82d-571e-4aa1-a8e3-56c4eefc7b05,3895121,153,12.75,4484851000,3895121:7821e82d-571e-4aa1-a8e3-56c4eefc7b05,1,False
concurrency_n10_20260613_002350_kafka_feed7_rep1,kafka,sb-events-n10-feed7-rep1,1,4576,19452611000,3a186596-9309-482a-bbad-7b51899fc415,3895121,153,12.75,4484851000,3895121:3a186596-9309-482a-bbad-7b51899fc415,1,False
concurrency_n10_20260613_002350_kafka_feed7_rep1,kafka,sb-events-n10-feed7-rep1,0,4425,19452641300,53c69f88-d128-4cb5-a2d9-a75cbdf9777e,3895121,153,12.75,4484851000,3895121:53c69f88-d128-4cb5-a2d9-a75cbdf9777e,1,False
concurrency_n10_20260613_002350_kafka_feed7_rep1,kafka,sb-events-n10-feed7-rep1,1,4577,19464789200,2b913c12-2cfc-440e-8fcf-7ff6726c5114,3895134,153,12.75,4484851000,3895134:2b913c12-2cfc-440e-8fcf-7ff6726c5114,1,False
concurrency_n10_20260613_002350_kafka_feed7_rep1,kafka,sb-events-n10-feed7-rep1,0,4426,19471345200,1cd2a870-6e10-4903-a9f4-f9d3c7d27880,3895134,153,12.75,4484851000,3895134:1cd2a870-6e10-4903-a9f4-f9d3c7d27880,1,False
concurrency_n10_20260613_002350_kafka_feed7_rep1,kafka,sb-events-n10-feed7-rep1,1,4578,19471388000,2710caf5-de6e-4803-a75f-13924c689eff,3895052,153,12.75,4484851000,3895052:2710caf5-de6e-4803-a75f-13924c689eff,1,False
concurrency_n10_20260613_002350_kafka_feed7_rep1,kafka,sb-events-n10-feed7-rep1,2,4549,19485471900,67ca4c48-ec9b-4c45-9485-ae00f0ffa467,3895052,153,12.75,4484851000,3895052:67ca4c48-ec9b-4c45-9485-ae00f0ffa467,1,False
concurrency_n10_20260613_002350_kafka_feed7_rep1,kafka,sb-events-n10-feed7-rep1,1,4579,19492869800,02fdd3d0-6246-4121-a658-c8c64d83c9e7,3895060,154,12.833333333333334,4485545444,3895060:02fdd3d0-6246-4121-a658-c8c64d83c9e7,1,False
concurrency_n10_20260613_002350_kafka_feed7_rep1,kafka,sb-events-n10-feed7-rep1,1,4580,19492915800,1e0d6109-9dfd-400c-a886-d2276b2b2b20,3895060,154,12.833333333333334,4485545444,3895060:1e0d6109-9dfd-400c-a886-d2276b2b2b20,1,False
concurrency_n10_20260613_002350_kafka_feed7_rep1,kafka,sb-events-n10-feed7-rep1,0,4427,19499905200,37a43b9f-5690-41fd-b4f7-53215ab15ee1,3895060,155,12.916666666666666,4486239888,3895060:37a43b9f-5690-41fd-b4f7-53215ab15ee1,1,False
concurrency_n10_20260613_002350_kafka_feed7_rep1,kafka,sb-events-n10-feed7-rep1,2,4550,19509326600,49bd1cab-27d5-4339-b91a-7dfbd42952eb,3895121,155,12.916666666666666,4486239888,3895121:49bd1cab-27d5-4339-b91a-7dfbd42952eb,1,False
concurrency_n10_20260613_002350_kafka_feed7_rep1,kafka,sb-events-n10-feed7-rep1,1,4581,19509385100,a27b2434-031d-4a71-af65-f628ef68fc5b,3895121,155,12.916666666666666,4486239888,3895121:a27b2434-031d-4a71-af65-f628ef68fc5b,1,False
concurrency_n10_20260613_002350_kafka_feed7_rep1,kafka,sb-events-n10-feed7-rep1,0,4428,19517537700,10ac3bc0-892c-4260-9e07-97c22aef1ce2,3895134,155,12.916666666666666,4486239888,3895134:10ac3bc0-892c-4260-9e07-97c22aef1ce2,1,False
concurrency_n10_20260613_002350_kafka_feed7_rep1,kafka,sb-events-n10-feed7-rep1,1,4582,19527927200,a736895f-1c77-494e-8f8e-502d082d0ca0,3895052,155,12.916666666666666,4486239888,3895052:a736895f-1c77-494e-8f8e-502d082d0ca0,1,False
concurrency_n10_20260613_002350_kafka_feed7_rep1,kafka,sb-events-n10-feed7-rep1,2,4551,19538065200,74620976-1608-4f8c-a5de-b1e3dd833aef,3895052,155,12.916666666666666,4486239888,3895052:74620976-1608-4f8c-a5de-b1e3dd833aef,1,False
concurrency_n10_20260613_002350_kafka_feed7_rep1,kafka,sb-events-n10-feed7-rep1,2,4552,19538113500,d6c0e2f9-eb69-40e7-bd64-4657105044bb,3895134,156,13.0,4486934333,3895134:d6c0e2f9-eb69-40e7-bd64-4657105044bb,1,False
concurrency_n10_20260613_002350_kafka_feed7_rep1,kafka,sb-events-n10-feed7-rep1,1,4583,19538264000,38175d9c-de79-4c30-bc4c-b0d7f7fe5980,3895052,155,12.916666666666666,4486239888,3895052:38175d9c-de79-4c30-bc4c-b0d7f7fe5980,1,False
concurrency_n10_20260613_002350_kafka_feed7_rep1,kafka,sb-events-n10-feed7-rep1,0,4429,19555901100,4cfebc37-3c47-4d89-97e7-503777ab08f4,3895113,157,13.083333333333334,4487628777,3895113:4cfebc37-3c47-4d89-97e7-503777ab08f4,1,False
concurrency_n10_20260613_002350_kafka_feed7_rep1,kafka,sb-events-n10-feed7-rep1,2,4553,19555946800,6b911dbc-6b25-422a-b5d3-7dd506d777c1,3895052,157,13.083333333333334,4487628777,3895052:6b911dbc-6b25-422a-b5d3-7dd506d777c1,1,False
concurrency_n10_20260613_002350_kafka_feed7_rep1,kafka,sb-events-n10-feed7-rep1,1,4584,19555968800,66be2bd8-927e-4312-a10f-c69ce778c754,3895052,157,13.083333333333334,4487628777,3895052:66be2bd8-927e-4312-a10f-c69ce778c754,1,False
concurrency_n10_20260613_002350_kafka_feed7_rep1,kafka,sb-events-n10-feed7-rep1,0,4430,19564073600,f467bace-c955-4ce1-830c-9cccfe579e16,3895121,158,13.166666666666666,4488323222,3895121:f467bace-c955-4ce1-830c-9cccfe579e16,1,False
concurrency_n10_20260613_002350_kafka_feed7_rep1,kafka,sb-events-n10-feed7-rep1,0,4431,19564125400,fdd7141d-e8fc-4721-8aba-a514a2ffc07f,3895134,158,13.166666666666666,4488323222,3895134:fdd7141d-e8fc-4721-8aba-a514a2ffc07f,1,False
concurrency_n10_20260613_002350_kafka_feed7_rep1,kafka,sb-events-n10-feed7-rep1,2,4554,19568565100,3527c8c9-9a06-4440-b7e7-cbed73e892a4,3895134,158,13.166666666666666,4488323222,3895134:3527c8c9-9a06-4440-b7e7-cbed73e892a4,1,False
concurrency_n10_20260613_002350_kafka_feed7_rep1,kafka,sb-events-n10-feed7-rep1,0,4432,19568605400,1c5201e6-dc5a-41b5-b164-c138f7f347e5,3895086,158,13.166666666666666,4488323222,3895086:1c5201e6-dc5a-41b5-b164-c138f7f347e5,1,False
concurrency_n10_20260613_002350_kafka_feed7_rep1,kafka,sb-events-n10-feed7-rep1,2,4555,19579734000,ba0d2b7d-b635-49be-afbc-96b5266bef5e,3895113,158,13.166666666666666,4488323222,3895113:ba0d2b7d-b635-49be-afbc-96b5266bef5e,1,False
concurrency_n10_20260613_002350_kafka_feed7_rep1,kafka,sb-events-n10-feed7-rep1,2,4556,19590034100,0b6f9a01-cab0-4450-8c8e-e8a2b415b444,3895074,159,13.25,4489017666,3895074:0b6f9a01-cab0-4450-8c8e-e8a2b415b444,1,False
concurrency_n10_20260613_002350_kafka_feed7_rep1,kafka,sb-events-n10-feed7-rep1,2,4557,19590075900,db765aeb-a06a-48e4-91e5-97ab87af96cd,3895107,159,13.25,4489017666,3895107:db765aeb-a06a-48e4-91e5-97ab87af96cd,1,False
concurrency_n10_20260613_002350_kafka_feed7_rep1,kafka,sb-events-n10-feed7-rep1,1,4585,19596376700,0dfe650b-727a-488e-9548-afe4b58cab9c,3895113,159,13.25,4489017666,3895113:0dfe650b-727a-488e-9548-afe4b58cab9c,1,False
concurrency_n10_20260613_002350_kafka_feed7_rep1,kafka,sb-events-n10-feed7-rep1,2,4558,19607252200,f2616473-0593-4f98-91a4-29b4ab860370,3895121,160,13.333333333333334,4489712111,3895121:f2616473-0593-4f98-91a4-29b4ab860370,1,False
concurrency_n10_20260613_002350_kafka_feed7_rep1,kafka,sb-events-n10-feed7-rep1,0,4433,19614411800,bbc5955b-810c-4da2-96cf-f48f68ec638a,3895107,160,13.333333333333334,4489712111,3895107:bbc5955b-810c-4da2-96cf-f48f68ec638a,1,False
concurrency_n10_20260613_002350_kafka_feed7_rep1,kafka,sb-events-n10-feed7-rep1,1,4586,19614453400,c91b6d01-70e3-4a5e-8d2c-607f8c2ba0cc,3895107,160,13.333333333333334,4489712111,3895107:c91b6d01-70e3-4a5e-8d2c-607f8c2ba0cc,1,False
concurrency_n10_20260613_002350_kafka_feed7_rep1,kafka,sb-events-n10-feed7-rep1,1,4587,19626030400,61692e98-2e82-43eb-85ac-8ae97f0e2012,3895107,160,13.333333333333334,4489712111,3895107:61692e98-2e82-43eb-85ac-8ae97f0e2012,1,False
concurrency_n10_20260613_002350_kafka_feed7_rep1,kafka,sb-events-n10-feed7-rep1,0,4434,19639216000,da8d983d-e5dc-4256-abf8-1ab19d4b1934,3895113,160,13.333333333333334,4489712111,3895113:da8d983d-e5dc-4256-abf8-1ab19d4b1934,1,False
concurrency_n10_20260613_002350_kafka_feed7_rep1,kafka,sb-events-n10-feed7-rep1,0,4435,19639259000,b3db99f3-b85a-4495-86c0-c5955460608a,3895113,160,13.333333333333334,4489712111,3895113:b3db99f3-b85a-4495-86c0-c5955460608a,1,False
concurrency_n10_20260613_002350_kafka_feed7_rep1,kafka,sb-events-n10-feed7-rep1,1,4588,19639279500,f4d34ba3-4b7f-4866-bc69-6cd2cb54c3c9,3895113,160,13.333333333333334,4489712111,3895113:f4d34ba3-4b7f-4866-bc69-6cd2cb54c3c9,1,False
concurrency_n10_20260613_002350_kafka_feed7_rep1,kafka,sb-events-n10-feed7-rep1,1,4589,19655314300,48823480-e90f-4df5-af40-4ad04ded1f5b,3895134,161,13.416666666666666,4490406555,3895134:48823480-e90f-4df5-af40-4ad04ded1f5b,1,False
concurrency_n10_20260613_002350_kafka_feed7_rep1,kafka,sb-events-n10-feed7-rep1,1,4590,19655356200,582ed7de-ab5b-451f-8522-5fb5ae535956,3895134,161,13.416666666666666,4490406555,3895134:582ed7de-ab5b-451f-8522-5fb5ae535956,1,False
concurrency_n10_20260613_002350_kafka_feed7_rep1,kafka,sb-events-n10-feed7-rep1,2,4559,19670837400,b189c791-b3b6-41a5-8c6f-69ddcdbef563,3895134,161,13.416666666666666,4490406555,3895134:b189c791-b3b6-41a5-8c6f-69ddcdbef563,1,False
concurrency_n10_20260613_002350_kafka_feed7_rep1,kafka,sb-events-n10-feed7-rep1,0,4436,19687241600,694bc879-88d7-47a0-bed8-dee5569c8172,3895107,161,13.416666666666666,4490406555,3895107:694bc879-88d7-47a0-bed8-dee5569c8172,1,False
concurrency_n10_20260613_002350_kafka_feed7_rep1,kafka,sb-events-n10-feed7-rep1,1,4591,19687284300,7c3be079-ffa9-46b6-8d91-9b1151bc888c,3895086,161,13.416666666666666,4490406555,3895086:7c3be079-ffa9-46b6-8d91-9b1151bc888c,1,False
concurrency_n10_20260613_002350_kafka_feed7_rep1,kafka,sb-events-n10-feed7-rep1,2,4560,19705575600,317134da-6744-46b3-aec6-6c1193cf1d0a,3895086,161,13.416666666666666,4490406555,3895086:317134da-6744-46b3-aec6-6c1193cf1d0a,1,False
concurrency_n10_20260613_002350_kafka_feed7_rep1,kafka,sb-events-n10-feed7-rep1,2,4561,19705729600,cf14778c-80d8-4496-8f4b-98a9b0ef2fcb,3895113,161,13.416666666666666,4490406555,3895113:cf14778c-80d8-4496-8f4b-98a9b0ef2fcb,1,False
concurrency_n10_20260613_002350_kafka_feed7_rep1,kafka,sb-events-n10-feed7-rep1,0,4437,19705802200,bc8b5564-9e71-4619-ad90-083edca2dee7,3895074,162,13.5,4491101000,3895074:bc8b5564-9e71-4619-ad90-083edca2dee7,1,False
concurrency_n10_20260613_002350_kafka_feed7_rep1,kafka,sb-events-n10-feed7-rep1,0,4438,19710443100,83c0b97d-595b-4c62-a67d-02d252a05533,3895074,162,13.5,4491101000,3895074:83c0b97d-595b-4c62-a67d-02d252a05533,1,False
concurrency_n10_20260613_002350_kafka_feed7_rep1,kafka,sb-events-n10-feed7-rep1,0,4439,19710504200,05f4b123-540f-4b43-a68b-46fc44a2574b,3895074,162,13.5,4491101000,3895074:05f4b123-540f-4b43-a68b-46fc44a2574b,1,False
concurrency_n10_20260613_002350_kafka_feed7_rep1,kafka,sb-events-n10-feed7-rep1,2,4562,19718960400,0ff7f5a9-14e7-4615-99f1-ebb1304a772c,3895121,162,13.5,4491101000,3895121:0ff7f5a9-14e7-4615-99f1-ebb1304a772c,1,False
concurrency_n10_20260613_002350_kafka_feed7_rep1,kafka,sb-events-n10-feed7-rep1,1,4592,19726270800,69df8442-94e9-453a-94ad-426dcaa0579a,3895107,162,13.5,4491101000,3895107:69df8442-94e9-453a-94ad-426dcaa0579a,1,False
concurrency_n10_20260613_002350_kafka_feed7_rep1,kafka,sb-events-n10-feed7-rep1,0,4440,19726486700,bbf7f332-2f44-4234-9155-7d6009fb7738,3895121,162,13.5,4491101000,3895121:bbf7f332-2f44-4234-9155-7d6009fb7738,1,False
concurrency_n10_20260613_002350_kafka_feed7_rep1,kafka,sb-events-n10-feed7-rep1,0,4441,19734539800,71f8aaf9-8141-4474-96dc-0dc56cb5ca0d,3895107,162,13.5,4491101000,3895107:71f8aaf9-8141-4474-96dc-0dc56cb5ca0d,1,False
concurrency_n10_20260613_002350_kafka_feed7_rep1,kafka,sb-events-n10-feed7-rep1,0,4442,19734580100,d0a516db-7270-4612-abb8-e9c1204e1c58,3895086,162,13.5,4491101000,3895086:d0a516db-7270-4612-abb8-e9c1204e1c58,1,False
concurrency_n10_20260613_002350_kafka_feed7_rep1,kafka,sb-events-n10-feed7-rep1,2,4563,19740852200,73a1d35e-ff5d-4fbb-abcb-fe88d0718746,3895086,162,13.5,4491101000,3895086:73a1d35e-ff5d-4fbb-abcb-fe88d0718746,1,False
concurrency_n10_20260613_002350_kafka_feed7_rep1,kafka,sb-events-n10-feed7-rep1,0,4443,19751299300,43e9d656-4d2e-4c62-8372-7327f3ce42c3,3895113,162,13.5,4491101000,3895113:43e9d656-4d2e-4c62-8372-7327f3ce42c3,1,False
concurrency_n10_20260613_002350_kafka_feed7_rep1,kafka,sb-events-n10-feed7-rep1,2,4564,19751343100,e004fe58-8616-4805-8555-9c7ba582ef4c,3895086,162,13.5,4491101000,3895086:e004fe58-8616-4805-8555-9c7ba582ef4c,1,False
concurrency_n10_20260613_002350_kafka_feed7_rep1,kafka,sb-events-n10-feed7-rep1,1,4593,19756823900,340debd2-c4c3-43c9-a358-6e0667039dd6,3895113,162,13.5,4491101000,3895113:340debd2-c4c3-43c9-a358-6e0667039dd6,1,False
concurrency_n10_20260613_002350_kafka_feed7_rep1,kafka,sb-events-n10-feed7-rep1,2,4565,19762540900,96e6c0ad-4a64-4176-9fb4-274862f82d73,3895113,162,13.5,4491101000,3895113:96e6c0ad-4a64-4176-9fb4-274862f82d73,1,False
concurrency_n10_20260613_002350_kafka_feed7_rep1,kafka,sb-events-n10-feed7-rep1,2,4566,19762589700,14b983d6-7c2e-4c60-8a95-1b0a49355c0e,3895113,163,13.583333333333334,4491795444,3895113:14b983d6-7c2e-4c60-8a95-1b0a49355c0e,1,False
concurrency_n10_20260613_002350_kafka_feed7_rep1,kafka,sb-events-n10-feed7-rep1,1,4594,19773025400,818c8ff2-8fc7-49ca-bf1a-66ee14e04123,3895074,164,13.666666666666666,4492489888,3895074:818c8ff2-8fc7-49ca-bf1a-66ee14e04123,1,False
concurrency_n10_20260613_002350_kafka_feed7_rep1,kafka,sb-events-n10-feed7-rep1,1,4595,19784004100,19959a0b-6c86-46c0-9154-90dcb3274904,3895074,164,13.666666666666666,4492489888,3895074:19959a0b-6c86-46c0-9154-90dcb3274904,1,False
concurrency_n10_20260613_002350_kafka_feed7_rep1,kafka,sb-events-n10-feed7-rep1,0,4444,19790576400,867ca390-a97c-4aaf-a312-1b84a626e10c,3895074,165,13.75,4493184333,3895074:867ca390-a97c-4aaf-a312-1b84a626e10c,1,False
concurrency_n10_20260613_002350_kafka_feed7_rep1,kafka,sb-events-n10-feed7-rep1,2,4567,19790619400,9ce7b785-4ecd-44b5-90e3-b733d34dfe2e,3895074,164,13.666666666666666,4492489888,3895074:9ce7b785-4ecd-44b5-90e3-b733d34dfe2e,1,False
concurrency_n10_20260613_002350_kafka_feed7_rep1,kafka,sb-events-n10-feed7-rep1,1,4596,19790643500,eca48472-18cb-4b31-ae55-ac17179aef8e,3895121,164,13.666666666666666,4492489888,3895121:eca48472-18cb-4b31-ae55-ac17179aef8e,1,False
concurrency_n10_20260613_002350_kafka_feed7_rep1,kafka,sb-events-n10-feed7-rep1,0,4445,19800273400,f8ae8a1d-85ae-4a8f-b6bc-23d2d5a1ac71,3895121,165,13.75,4493184333,3895121:f8ae8a1d-85ae-4a8f-b6bc-23d2d5a1ac71,1,False
concurrency_n10_20260613_002350_kafka_feed7_rep1,kafka,sb-events-n10-feed7-rep1,1,4597,19807801600,2c9d55e8-d805-4f99-a6d7-8c539b0266dc,3895121,165,13.75,4493184333,3895121:2c9d55e8-d805-4f99-a6d7-8c539b0266dc,1,False
concurrency_n10_20260613_002350_kafka_feed7_rep1,kafka,sb-events-n10-feed7-rep1,0,4446,19824255200,43e45598-d200-443f-abc6-cfe05b9bd39e,3895134,165,13.75,4493184333,3895134:43e45598-d200-443f-abc6-cfe05b9bd39e,1,False
concurrency_n10_20260613_002350_kafka_feed7_rep1,kafka,sb-events-n10-feed7-rep1,2,4568,19832648800,2be38728-ebc2-4ed8-9349-08fb1a446d3d,3895134,165,13.75,4493184333,3895134:2be38728-ebc2-4ed8-9349-08fb1a446d3d,1,False
concurrency_n10_20260613_002350_kafka_feed7_rep1,kafka,sb-events-n10-feed7-rep1,2,4569,19832685800,96c59163-8000-437f-b044-79ebef56ab77,3895107,165,13.75,4493184333,3895107:96c59163-8000-437f-b044-79ebef56ab77,1,False
concurrency_n10_20260613_002350_kafka_feed7_rep1,kafka,sb-events-n10-feed7-rep1,2,4570,19832706900,a88add67-30ad-48ae-9d3d-47841f1412ee,3895107,165,13.75,4493184333,3895107:a88add67-30ad-48ae-9d3d-47841f1412ee,1,False
concurrency_n10_20260613_002350_kafka_feed7_rep1,kafka,sb-events-n10-feed7-rep1,0,4447,19832726600,94dc0cb8-281c-41c2-99ab-0caf104a8c89,3895107,165,13.75,4493184333,3895107:94dc0cb8-281c-41c2-99ab-0caf104a8c89,1,False
concurrency_n10_20260613_002350_kafka_feed7_rep1,kafka,sb-events-n10-feed7-rep1,1,4598,19841809800,87c1a5ee-e14f-48b7-8810-be5f77d239b6,3895113,165,13.75,4493184333,3895113:87c1a5ee-e14f-48b7-8810-be5f77d239b6,1,False
concurrency_n10_20260613_002350_kafka_feed7_rep1,kafka,sb-events-n10-feed7-rep1,0,4448,19841851800,a6cb7fd6-e4a9-445a-b160-6335527f38a2,3895113,165,13.75,4493184333,3895113:a6cb7fd6-e4a9-445a-b160-6335527f38a2,1,False
concurrency_n10_20260613_002350_kafka_feed7_rep1,kafka,sb-events-n10-feed7-rep1,2,4571,19853656900,7d119d9d-15cd-4187-bf0c-04237164d654,3895134,166,13.833333333333334,4493878777,3895134:7d119d9d-15cd-4187-bf0c-04237164d654,1,False
concurrency_n10_20260613_002350_kafka_feed7_rep1,kafka,sb-events-n10-feed7-rep1,1,4599,19853697700,8df36443-cd0c-4c4b-945b-238b9dcfccf6,3895134,166,13.833333333333334,4493878777,3895134:8df36443-cd0c-4c4b-945b-238b9dcfccf6,1,False
concurrency_n10_20260613_002350_kafka_feed7_rep1,kafka,sb-events-n10-feed7-rep1,0,4449,19860814400,79d30816-809f-49d3-987f-4faa3bf7a1c4,3895134,166,13.833333333333334,4493878777,3895134:79d30816-809f-49d3-987f-4faa3bf7a1c4,1,False
concurrency_n10_20260613_002350_kafka_feed7_rep1,kafka,sb-events-n10-feed7-rep1,2,4572,19860898700,550e6f49-307b-4008-b27e-bcfde346348b,3895134,166,13.833333333333334,4493878777,3895134:550e6f49-307b-4008-b27e-bcfde346348b,1,False
concurrency_n10_20260613_002350_kafka_feed7_rep1,kafka,sb-events-n10-feed7-rep1,1,4600,19872109500,7a4cbbd9-03aa-4159-bd71-77952f625375,3895113,166,13.833333333333334,4493878777,3895113:7a4cbbd9-03aa-4159-bd71-77952f625375,1,False
concurrency_n10_20260613_002350_kafka_feed7_rep1,kafka,sb-events-n10-feed7-rep1,2,4573,19872148500,b3b14886-30e0-4aef-ac42-acede6528102,3895107,166,13.833333333333334,4493878777,3895107:b3b14886-30e0-4aef-ac42-acede6528102,1,False
concurrency_n10_20260613_002350_kafka_feed7_rep1,kafka,sb-events-n10-feed7-rep1,1,4601,19879005400,408c8260-11ce-4a03-917b-59fc81ed2a2e,3895107,167,13.916666666666666,4494573222,3895107:408c8260-11ce-4a03-917b-59fc81ed2a2e,1,False
concurrency_n10_20260613_002350_kafka_feed7_rep1,kafka,sb-events-n10-feed7-rep1,2,4574,19886136900,4162aaae-2c4d-40e1-a3b6-3b1de0193db0,3895107,167,13.916666666666666,4494573222,3895107:4162aaae-2c4d-40e1-a3b6-3b1de0193db0,1,False
concurrency_n10_20260613_002350_kafka_feed7_rep1,kafka,sb-events-n10-feed7-rep1,2,4575,19886175900,6293a92c-cdfd-4b76-87bc-646d14c8e379,3895107,167,13.916666666666666,4494573222,3895107:6293a92c-cdfd-4b76-87bc-646d14c8e379,1,False
concurrency_n10_20260613_002350_kafka_feed7_rep1,kafka,sb-events-n10-feed7-rep1,1,4602,19897912900,bc45eb44-defd-46ed-bc67-78f41b3effdf,3895074,168,14.0,4495267666,3895074:bc45eb44-defd-46ed-bc67-78f41b3effdf,1,False
concurrency_n10_20260613_002350_kafka_feed7_rep1,kafka,sb-events-n10-feed7-rep1,1,4603,19898047900,4bcff9c0-91ca-44c7-a3e7-77b6f3f2257d,3895121,168,14.0,4495267666,3895121:4bcff9c0-91ca-44c7-a3e7-77b6f3f2257d,1,False
concurrency_n10_20260613_002350_kafka_feed7_rep1,kafka,sb-events-n10-feed7-rep1,0,4450,19909455900,9b0cfa5a-46f9-4e02-8b87-ff17adc27e73,3895134,168,14.0,4495267666,3895134:9b0cfa5a-46f9-4e02-8b87-ff17adc27e73,1,False
concurrency_n10_20260613_002350_kafka_feed7_rep1,kafka,sb-events-n10-feed7-rep1,1,4604,19909524700,58645ad5-803a-40d3-b885-386ac9453114,3895134,168,14.0,4495267666,3895134:58645ad5-803a-40d3-b885-386ac9453114,1,False
concurrency_n10_20260613_002350_kafka_feed7_rep1,kafka,sb-events-n10-feed7-rep1,2,4576,19923677900,8f6737e1-8bab-492b-b76d-4cba4a059b36,3895074,169,14.083333333333334,4495962111,3895074:8f6737e1-8bab-492b-b76d-4cba4a059b36,1,False
concurrency_n10_20260613_002350_kafka_feed7_rep1,kafka,sb-events-n10-feed7-rep1,1,4605,19923727600,0eed2083-cc6b-491c-b83d-754409ab9cad,3895107,168,14.0,4495267666,3895107:0eed2083-cc6b-491c-b83d-754409ab9cad,1,False
concurrency_n10_20260613_002350_kafka_feed7_rep1,kafka,sb-events-n10-feed7-rep1,0,4451,19931260700,39f89742-821a-4ce6-8cbe-f39808686ede,3895074,169,14.083333333333334,4495962111,3895074:39f89742-821a-4ce6-8cbe-f39808686ede,1,False
concurrency_n10_20260613_002350_kafka_feed7_rep1,kafka,sb-events-n10-feed7-rep1,0,4452,19931304200,3529544a-55ae-4fbc-b0a6-e133216fba2d,3895074,169,14.083333333333334,4495962111,3895074:3529544a-55ae-4fbc-b0a6-e133216fba2d,1,False
concurrency_n10_20260613_002350_kafka_feed7_rep1,kafka,sb-events-n10-feed7-rep1,2,4577,19931332200,e15c7501-c465-49c6-afe7-55599ee22e67,3895074,169,14.083333333333334,4495962111,3895074:e15c7501-c465-49c6-afe7-55599ee22e67,1,False
concurrency_n10_20260613_002350_kafka_feed7_rep1,kafka,sb-events-n10-feed7-rep1,1,4606,19939841800,bdf70f16-88b6-449e-8210-b470cb150f2f,3895074,169,14.083333333333334,4495962111,3895074:bdf70f16-88b6-449e-8210-b470cb150f2f,1,False
concurrency_n10_20260613_002350_kafka_feed7_rep1,kafka,sb-events-n10-feed7-rep1,0,4453,19947381100,4e375d5b-ebb2-4d0e-b207-d8f5f48b519d,3895060,169,14.083333333333334,4495962111,3895060:4e375d5b-ebb2-4d0e-b207-d8f5f48b519d,1,False
concurrency_n10_20260613_002350_kafka_feed7_rep1,kafka,sb-events-n10-feed7-rep1,0,4454,19951305900,77c33e38-ffee-4268-aba7-f894651f7335,3895121,169,14.083333333333334,4495962111,3895121:77c33e38-ffee-4268-aba7-f894651f7335,1,False
concurrency_n10_20260613_002350_kafka_feed7_rep1,kafka,sb-events-n10-feed7-rep1,2,4578,19961532600,9ec2419d-346d-44ad-b824-b6b96bba9524,3895121,169,14.083333333333334,4495962111,3895121:9ec2419d-346d-44ad-b824-b6b96bba9524,1,False
concurrency_n10_20260613_002350_kafka_feed7_rep1,kafka,sb-events-n10-feed7-rep1,2,4579,19966677900,07e5b410-f76a-4d08-906e-11df937853e0,3895134,169,14.083333333333334,4495962111,3895134:07e5b410-f76a-4d08-906e-11df937853e0,1,False
concurrency_n10_20260613_002350_kafka_feed7_rep1,kafka,sb-events-n10-feed7-rep1,1,4607,19979782700,d6f4facf-d6c5-479a-a242-3e7c6a56f2da,3895134,169,14.083333333333334,4495962111,3895134:d6f4facf-d6c5-479a-a242-3e7c6a56f2da,1,False
concurrency_n10_20260613_002350_kafka_feed7_rep1,kafka,sb-events-n10-feed7-rep1,0,4455,19979823500,9679bf7d-a2ec-438c-a7f9-d0d9952ad2c1,3895134,169,14.083333333333334,4495962111,3895134:9679bf7d-a2ec-438c-a7f9-d0d9952ad2c1,1,False
concurrency_n10_20260613_002350_kafka_feed7_rep1,kafka,sb-events-n10-feed7-rep1,1,4608,19987255100,0ca9b4bf-ca19-4efa-a2e3-9cad848cc503,3895107,169,14.083333333333334,4495962111,3895107:0ca9b4bf-ca19-4efa-a2e3-9cad848cc503,1,False
concurrency_n10_20260613_002350_kafka_feed7_rep1,kafka,sb-events-n10-feed7-rep1,0,4456,19993565900,d852d950-2489-4733-ab0f-ea2f4335565b,3895107,169,14.083333333333334,4495962111,3895107:d852d950-2489-4733-ab0f-ea2f4335565b,1,False
concurrency_n10_20260613_002350_kafka_feed7_rep1,kafka,sb-events-n10-feed7-rep1,1,4609,19993623100,fcd91361-de77-4f55-b945-e79985c18e84,3895107,169,14.083333333333334,4495962111,3895107:fcd91361-de77-4f55-b945-e79985c18e84,1,False
concurrency_n10_20260613_002350_kafka_feed7_rep1,kafka,sb-events-n10-feed7-rep1,1,4610,19993658900,8d7e145d-6436-4a2b-8fb5-c468d557b8db,3895113,169,14.083333333333334,4495962111,3895113:8d7e145d-6436-4a2b-8fb5-c468d557b8db,1,False
concurrency_n10_20260613_002350_kafka_feed7_rep1,kafka,sb-events-n10-feed7-rep1,2,4580,20005245100,31e939ed-6c76-49e0-8503-be98b76e04a2,3895113,169,14.083333333333334,4495962111,3895113:31e939ed-6c76-49e0-8503-be98b76e04a2,1,False
concurrency_n10_20260613_002350_kafka_feed7_rep1,kafka,sb-events-n10-feed7-rep1,1,4611,20005303300,f2485d48-3ace-4e0f-a6ed-3b06b865284b,3895113,169,14.083333333333334,4495962111,3895113:f2485d48-3ace-4e0f-a6ed-3b06b865284b,1,False
concurrency_n10_20260613_002350_kafka_feed7_rep1,kafka,sb-events-n10-feed7-rep1,2,4581,20012735600,9b2764a7-a84d-4943-bba5-b417858f81a7,3895074,170,14.166666666666666,4496656555,3895074:9b2764a7-a84d-4943-bba5-b417858f81a7,1,False
concurrency_n10_20260613_002350_kafka_feed7_rep1,kafka,sb-events-n10-feed7-rep1,1,4612,20012781200,c8bf21cb-6239-4167-9a8c-78b25ba0bc6f,3895113,169,14.083333333333334,4495962111,3895113:c8bf21cb-6239-4167-9a8c-78b25ba0bc6f,1,False
concurrency_n10_20260613_002350_kafka_feed7_rep1,kafka,sb-events-n10-feed7-rep1,0,4457,20019644500,b7679522-0480-4738-bd78-2caaca3efcd4,3895060,170,14.166666666666666,4496656555,3895060:b7679522-0480-4738-bd78-2caaca3efcd4,1,False
concurrency_n10_20260613_002350_kafka_feed7_rep1,kafka,sb-events-n10-feed7-rep1,1,4613,20019695000,ada9ca66-9914-40ec-9721-e7008c004f43,3895074,170,14.166666666666666,4496656555,3895074:ada9ca66-9914-40ec-9721-e7008c004f43,1,False
concurrency_n10_20260613_002350_kafka_feed7_rep1,kafka,sb-events-n10-feed7-rep1,0,4458,20026731100,3da63f38-33cc-453a-a47d-f5fddd0db82f,3895060,170,14.166666666666666,4496656555,3895060:3da63f38-33cc-453a-a47d-f5fddd0db82f,1,False
concurrency_n10_20260613_002350_kafka_feed7_rep1,kafka,sb-events-n10-feed7-rep1,2,4582,20034343000,fadd2877-2d12-4f52-a99d-15c1947850eb,3895060,170,14.166666666666666,4496656555,3895060:fadd2877-2d12-4f52-a99d-15c1947850eb,1,False
concurrency_n10_20260613_002350_kafka_feed7_rep1,kafka,sb-events-n10-feed7-rep1,1,4614,20034391100,e162f8fa-b3ce-4052-a096-680bf2c9ed8d,3895060,170,14.166666666666666,4496656555,3895060:e162f8fa-b3ce-4052-a096-680bf2c9ed8d,1,False
concurrency_n10_20260613_002350_kafka_feed7_rep1,kafka,sb-events-n10-feed7-rep1,1,4615,20034418300,53b7d815-60a3-44ab-b5b2-d8a2c44480a8,3895134,170,14.166666666666666,4496656555,3895134:53b7d815-60a3-44ab-b5b2-d8a2c44480a8,1,False
concurrency_n10_20260613_002350_kafka_feed7_rep1,kafka,sb-events-n10-feed7-rep1,2,4583,20041954400,329c89d3-8945-4b3b-b560-92250fd85b13,3895134,170,14.166666666666666,4496656555,3895134:329c89d3-8945-4b3b-b560-92250fd85b13,1,False
concurrency_n10_20260613_002350_kafka_feed7_rep1,kafka,sb-events-n10-feed7-rep1,0,4459,20056072200,fc565cea-8dcd-480a-882e-34f338524047,3895107,170,14.166666666666666,4496656555,3895107:fc565cea-8dcd-480a-882e-34f338524047,1,False
concurrency_n10_20260613_002350_kafka_feed7_rep1,kafka,sb-events-n10-feed7-rep1,0,4460,20056128200,83a981d0-c68a-4645-befd-6421a44de32e,3895060,171,14.25,4497351000,3895060:83a981d0-c68a-4645-befd-6421a44de32e,1,False
concurrency_n10_20260613_002350_kafka_feed7_rep1,kafka,sb-events-n10-feed7-rep1,1,4616,20056161900,0f604741-1adb-4f2d-bb36-69d25b830a30,3895074,171,14.25,4497351000,3895074:0f604741-1adb-4f2d-bb36-69d25b830a30,1,False
concurrency_n10_20260613_002350_kafka_feed7_rep1,kafka,sb-events-n10-feed7-rep1,2,4584,20063717300,3ded6d86-f943-406a-8fa2-cfeff8b82bdc,3895113,171,14.25,4497351000,3895113:3ded6d86-f943-406a-8fa2-cfeff8b82bdc,1,False
concurrency_n10_20260613_002350_kafka_feed7_rep1,kafka,sb-events-n10-feed7-rep1,0,4461,20063774800,ecd14fd7-6180-4ae4-963d-2c9e6b2a0d75,3895113,171,14.25,4497351000,3895113:ecd14fd7-6180-4ae4-963d-2c9e6b2a0d75,1,False
concurrency_n10_20260613_002350_kafka_feed7_rep1,kafka,sb-events-n10-feed7-rep1,2,4585,20076835700,3a3474fc-bc26-4b2c-9646-fa317842c2cb,3895074,172,14.333333333333334,4498045444,3895074:3a3474fc-bc26-4b2c-9646-fa317842c2cb,1,False
concurrency_n10_20260613_002350_kafka_feed7_rep1,kafka,sb-events-n10-feed7-rep1,0,4462,20076884500,0df566b3-c230-4f74-a1bd-86295b48f77a,3895074,172,14.333333333333334,4498045444,3895074:0df566b3-c230-4f74-a1bd-86295b48f77a,1,False
concurrency_n10_20260613_002350_kafka_feed7_rep1,kafka,sb-events-n10-feed7-rep1,0,4463,20076917900,7023ff3e-dd3c-47a0-b743-ea5bedfdc502,3895074,172,14.333333333333334,4498045444,3895074:7023ff3e-dd3c-47a0-b743-ea5bedfdc502,1,False
concurrency_n10_20260613_002350_kafka_feed7_rep1,kafka,sb-events-n10-feed7-rep1,2,4586,20083193900,d913e425-9576-4a3d-9cfa-9644dc4fe9cd,3895060,172,14.333333333333334,4498045444,3895060:d913e425-9576-4a3d-9cfa-9644dc4fe9cd,1,False
concurrency_n10_20260613_002350_kafka_feed7_rep1,kafka,sb-events-n10-feed7-rep1,2,4587,20091941200,fb712513-b992-4a5c-8a59-43f670f391d7,3895074,172,14.333333333333334,4498045444,3895074:fb712513-b992-4a5c-8a59-43f670f391d7,1,False
concurrency_n10_20260613_002350_kafka_feed7_rep1,kafka,sb-events-n10-feed7-rep1,1,4617,20098659300,07f21132-1269-4363-b9c5-82850ad32d7a,3895060,172,14.333333333333334,4498045444,3895060:07f21132-1269-4363-b9c5-82850ad32d7a,1,False
concurrency_n10_20260613_002350_kafka_feed7_rep1,kafka,sb-events-n10-feed7-rep1,2,4588,20098707000,e0806731-5ca1-42b9-9333-560ee6c98f92,3895074,173,14.416666666666666,4498739888,3895074:e0806731-5ca1-42b9-9333-560ee6c98f92,1,False
concurrency_n10_20260613_002350_kafka_feed7_rep1,kafka,sb-events-n10-feed7-rep1,0,4464,20106695200,c65aa53d-0626-471c-a5b6-84d20106beb3,3895074,173,14.416666666666666,4498739888,3895074:c65aa53d-0626-471c-a5b6-84d20106beb3,1,False
concurrency_n10_20260613_002350_kafka_feed7_rep1,kafka,sb-events-n10-feed7-rep1,1,4618,20106740200,d62d62b7-c9b1-40eb-a2bc-3f2316e75eab,3895060,173,14.416666666666666,4498739888,3895060:d62d62b7-c9b1-40eb-a2bc-3f2316e75eab,1,False
concurrency_n10_20260613_002350_kafka_feed7_rep1,kafka,sb-events-n10-feed7-rep1,0,4465,20113217700,a3efd64b-b9cf-4006-bcaa-9e1f8901b94f,3895121,173,14.416666666666666,4498739888,3895121:a3efd64b-b9cf-4006-bcaa-9e1f8901b94f,1,False
concurrency_n10_20260613_002350_kafka_feed7_rep1,kafka,sb-events-n10-feed7-rep1,1,4619,20113261000,7fddb002-d5be-4ebe-bf94-fe7788dbdfc0,3895074,173,14.416666666666666,4498739888,3895074:7fddb002-d5be-4ebe-bf94-fe7788dbdfc0,1,False
concurrency_n10_20260613_002350_kafka_feed7_rep1,kafka,sb-events-n10-feed7-rep1,2,4589,20119478100,89a8bd74-951e-4c23-a496-04913466501f,3895074,174,14.5,4499434333,3895074:89a8bd74-951e-4c23-a496-04913466501f,1,False
concurrency_n10_20260613_002350_kafka_feed7_rep1,kafka,sb-events-n10-feed7-rep1,0,4466,20124167700,783d3a7a-3b92-4938-bdb9-017b63dce520,3895107,174,14.5,4499434333,3895107:783d3a7a-3b92-4938-bdb9-017b63dce520,1,False
concurrency_n10_20260613_002350_kafka_feed7_rep1,kafka,sb-events-n10-feed7-rep1,1,4620,20133257500,aad1f066-8c65-4501-9be3-dcab671ca4aa,3895107,174,14.5,4499434333,3895107:aad1f066-8c65-4501-9be3-dcab671ca4aa,1,False
concurrency_n10_20260613_002350_kafka_feed7_rep1,kafka,sb-events-n10-feed7-rep1,0,4467,20133530500,6ca7316a-a6e3-4712-a46d-6b62b5fcbe20,3895107,174,14.5,4499434333,3895107:6ca7316a-a6e3-4712-a46d-6b62b5fcbe20,1,False
concurrency_n10_20260613_002350_kafka_feed7_rep1,kafka,sb-events-n10-feed7-rep1,1,4621,20142194200,5b545131-098f-4250-8597-eaadd9de2def,3895113,174,14.5,4499434333,3895113:5b545131-098f-4250-8597-eaadd9de2def,1,False
concurrency_n10_20260613_002350_kafka_feed7_rep1,kafka,sb-events-n10-feed7-rep1,2,4590,20147406300,6938e47e-7ab0-40be-a612-0fe4c4455675,3895060,175,14.583333333333334,4500128777,3895060:6938e47e-7ab0-40be-a612-0fe4c4455675,1,False
concurrency_n10_20260613_002350_kafka_feed7_rep1,kafka,sb-events-n10-feed7-rep1,1,4622,20153935600,ea1dc8a1-49ca-4f7e-abb5-531b27311736,3895060,175,14.583333333333334,4500128777,3895060:ea1dc8a1-49ca-4f7e-abb5-531b27311736,1,False
concurrency_n10_20260613_002350_kafka_feed7_rep1,kafka,sb-events-n10-feed7-rep1,1,4623,20153980500,8f0fb135-64ca-4757-bca3-ba1087b603b4,3895121,175,14.583333333333334,4500128777,3895121:8f0fb135-64ca-4757-bca3-ba1087b603b4,1,False
concurrency_n10_20260613_002350_kafka_feed7_rep1,kafka,sb-events-n10-feed7-rep1,1,4624,20162586100,e5a09532-5dfc-49cd-af7b-898a2bcd2e54,3895121,175,14.583333333333334,4500128777,3895121:e5a09532-5dfc-49cd-af7b-898a2bcd2e54,1,False
concurrency_n10_20260613_002350_kafka_feed7_rep1,kafka,sb-events-n10-feed7-rep1,1,4625,20162632500,1d5f5ff9-6eb3-47d2-ab94-85adf59fd095,3895134,175,14.583333333333334,4500128777,3895134:1d5f5ff9-6eb3-47d2-ab94-85adf59fd095,1,False
concurrency_n10_20260613_002350_kafka_feed7_rep1,kafka,sb-events-n10-feed7-rep1,2,4591,20166661900,762f5b17-d49b-4cb0-9c76-be2cccc17fca,3895113,175,14.583333333333334,4500128777,3895113:762f5b17-d49b-4cb0-9c76-be2cccc17fca,1,False
concurrency_n10_20260613_002350_kafka_feed7_rep1,kafka,sb-events-n10-feed7-rep1,2,4592,20174766900,9c77d678-e3ff-4aec-8c04-be1d37d4e3bc,3895113,175,14.583333333333334,4500128777,3895113:9c77d678-e3ff-4aec-8c04-be1d37d4e3bc,1,False
concurrency_n10_20260613_002350_kafka_feed7_rep1,kafka,sb-events-n10-feed7-rep1,0,4468,20181832000,28304a25-17b2-4ae7-9a8e-35e91168ca28,3895060,176,14.666666666666666,4500823222,3895060:28304a25-17b2-4ae7-9a8e-35e91168ca28,1,False
concurrency_n10_20260613_002350_kafka_feed7_rep1,kafka,sb-events-n10-feed7-rep1,1,4626,20181876700,5a0d418d-7511-405c-ba51-15fb7e282758,3895074,176,14.666666666666666,4500823222,3895074:5a0d418d-7511-405c-ba51-15fb7e282758,1,False
concurrency_n10_20260613_002350_kafka_feed7_rep1,kafka,sb-events-n10-feed7-rep1,2,4593,20189796300,d6bac1a1-39d6-4af3-a612-6c6dbf5fe3d8,3895134,176,14.666666666666666,4500823222,3895134:d6bac1a1-39d6-4af3-a612-6c6dbf5fe3d8,1,False
concurrency_n10_20260613_002350_kafka_feed7_rep1,kafka,sb-events-n10-feed7-rep1,0,4469,20189838000,c9c0e8eb-83e5-44b4-8c93-9a711bf73577,3895074,176,14.666666666666666,4500823222,3895074:c9c0e8eb-83e5-44b4-8c93-9a711bf73577,1,False
concurrency_n10_20260613_002350_kafka_feed7_rep1,kafka,sb-events-n10-feed7-rep1,2,4594,20194919800,77a2e27b-c1ec-408b-8c68-cae94dcdc31e,3895134,176,14.666666666666666,4500823222,3895134:77a2e27b-c1ec-408b-8c68-cae94dcdc31e,1,False
concurrency_n10_20260613_002350_kafka_feed7_rep1,kafka,sb-events-n10-feed7-rep1,0,4470,20207021300,e9caa6e5-d4bf-41c0-b800-f8b3c52b5aa0,3895113,176,14.666666666666666,4500823222,3895113:e9caa6e5-d4bf-41c0-b800-f8b3c52b5aa0,1,False
concurrency_n10_20260613_002350_kafka_feed7_rep1,kafka,sb-events-n10-feed7-rep1,2,4595,20207138500,0adba78d-339a-4a8b-8bdc-ceecd0f2f935,3895060,177,14.75,4501517666,3895060:0adba78d-339a-4a8b-8bdc-ceecd0f2f935,1,False
concurrency_n10_20260613_002350_kafka_feed7_rep1,kafka,sb-events-n10-feed7-rep1,2,4596,20215581900,223a8b4d-8afa-43f7-bd56-31a2dc851ae6,3895060,177,14.75,4501517666,3895060:223a8b4d-8afa-43f7-bd56-31a2dc851ae6,1,False
concurrency_n10_20260613_002350_kafka_feed7_rep1,kafka,sb-events-n10-feed7-rep1,1,4627,20232717000,3500b210-b623-4528-be23-af7d1a72b381,3895121,177,14.75,4501517666,3895121:3500b210-b623-4528-be23-af7d1a72b381,1,False
concurrency_n10_20260613_002350_kafka_feed7_rep1,kafka,sb-events-n10-feed7-rep1,2,4597,20232797600,78e092bd-bb76-4223-adde-2335fd790049,3895074,177,14.75,4501517666,3895074:78e092bd-bb76-4223-adde-2335fd790049,1,False
concurrency_n10_20260613_002350_kafka_feed7_rep1,kafka,sb-events-n10-feed7-rep1,0,4471,20240951000,13db24a6-54a1-4128-b849-34abbfa6a033,3895134,177,14.75,4501517666,3895134:13db24a6-54a1-4128-b849-34abbfa6a033,1,False
concurrency_n10_20260613_002350_kafka_feed7_rep1,kafka,sb-events-n10-feed7-rep1,0,4472,20240996300,71814c80-6b24-462b-b190-bc0ad39356b2,3895074,178,14.833333333333334,4502212111,3895074:71814c80-6b24-462b-b190-bc0ad39356b2,1,False
concurrency_n10_20260613_002350_kafka_feed7_rep1,kafka,sb-events-n10-feed7-rep1,2,4598,20241019900,d4d24445-4bb1-4715-80a1-3c1353151ad2,3895052,177,14.75,4501517666,3895052:d4d24445-4bb1-4715-80a1-3c1353151ad2,1,False
concurrency_n10_20260613_002350_kafka_feed7_rep1,kafka,sb-events-n10-feed7-rep1,1,4628,20250815300,8aec7177-cb70-4a41-92a3-b0e6d8a8bfaa,3895121,178,14.833333333333334,4502212111,3895121:8aec7177-cb70-4a41-92a3-b0e6d8a8bfaa,1,False
concurrency_n10_20260613_002350_kafka_feed7_rep1,kafka,sb-events-n10-feed7-rep1,0,4473,20250922300,76909fce-321d-4a02-a4d2-e0450722c3e4,3895121,178,14.833333333333334,4502212111,3895121:76909fce-321d-4a02-a4d2-e0450722c3e4,1,False
concurrency_n10_20260613_002350_kafka_feed7_rep1,kafka,sb-events-n10-feed7-rep1,2,4599,20250993400,0922375c-4057-4ee6-b465-7120e7f9c5f9,3895134,178,14.833333333333334,4502212111,3895134:0922375c-4057-4ee6-b465-7120e7f9c5f9,1,False
concurrency_n10_20260613_002350_kafka_feed7_rep1,kafka,sb-events-n10-feed7-rep1,1,4629,20257025700,d47dce2c-dd02-4dcf-91b2-8479cbf5b89f,3895134,178,14.833333333333334,4502212111,3895134:d47dce2c-dd02-4dcf-91b2-8479cbf5b89f,1,False
concurrency_n10_20260613_002350_kafka_feed7_rep1,kafka,sb-events-n10-feed7-rep1,2,4600,20257082000,5d8be6a9-6302-4807-8a3e-a7bd66fc5a8f,3895134,178,14.833333333333334,4502212111,3895134:5d8be6a9-6302-4807-8a3e-a7bd66fc5a8f,1,False
concurrency_n10_20260613_002350_kafka_feed7_rep1,kafka,sb-events-n10-feed7-rep1,0,4474,20263200600,2900d6b5-9ef2-4be9-8129-124eb12ff304,3895052,178,14.833333333333334,4502212111,3895052:2900d6b5-9ef2-4be9-8129-124eb12ff304,1,False
concurrency_n10_20260613_002350_kafka_feed7_rep1,kafka,sb-events-n10-feed7-rep1,0,4475,20267704200,597b2297-7c29-49fa-916d-9e9f63b33be6,3895052,178,14.833333333333334,4502212111,3895052:597b2297-7c29-49fa-916d-9e9f63b33be6,1,False
concurrency_n10_20260613_002350_kafka_feed7_rep1,kafka,sb-events-n10-feed7-rep1,2,4601,20273969300,2fc5de0a-efa3-4bd7-83a5-5b446e54cac9,3895060,179,14.916666666666666,4502906555,3895060:2fc5de0a-efa3-4bd7-83a5-5b446e54cac9,1,False
concurrency_n10_20260613_002350_kafka_feed7_rep1,kafka,sb-events-n10-feed7-rep1,1,4630,20281345700,7535129a-5e29-4a40-a33b-c0deff6f0719,3895074,179,14.916666666666666,4502906555,3895074:7535129a-5e29-4a40-a33b-c0deff6f0719,1,False
concurrency_n10_20260613_002350_kafka_feed7_rep1,kafka,sb-events-n10-feed7-rep1,2,4602,20282247000,9d894c83-4d3f-457c-8167-97b6db92e3f0,3895074,179,14.916666666666666,4502906555,3895074:9d894c83-4d3f-457c-8167-97b6db92e3f0,1,False
concurrency_n10_20260613_002350_kafka_feed7_rep1,kafka,sb-events-n10-feed7-rep1,0,4476,20288489400,4bdb169e-8996-4b95-8eb9-258978eec186,3895074,179,14.916666666666666,4502906555,3895074:4bdb169e-8996-4b95-8eb9-258978eec186,1,False
concurrency_n10_20260613_002350_kafka_feed7_rep1,kafka,sb-events-n10-feed7-rep1,2,4603,20296029500,869585ce-4495-40af-9f58-b803ab392f52,3895121,179,14.916666666666666,4502906555,3895121:869585ce-4495-40af-9f58-b803ab392f52,1,False
concurrency_n10_20260613_002350_kafka_feed7_rep1,kafka,sb-events-n10-feed7-rep1,2,4604,20296078300,485d878b-e9f1-4567-9971-3ea0580cf0d0,3895121,179,14.916666666666666,4502906555,3895121:485d878b-e9f1-4567-9971-3ea0580cf0d0,1,False
concurrency_n10_20260613_002350_kafka_feed7_rep1,kafka,sb-events-n10-feed7-rep1,2,4605,20308932000,06899416-75b6-4aa5-993c-e28e20bfb3c4,3895121,179,14.916666666666666,4502906555,3895121:06899416-75b6-4aa5-993c-e28e20bfb3c4,1,False
concurrency_n10_20260613_002350_kafka_feed7_rep1,kafka,sb-events-n10-feed7-rep1,2,4606,20310145400,5b15f1f4-1a93-422b-a54a-cc1023063d24,3895134,179,14.916666666666666,4502906555,3895134:5b15f1f4-1a93-422b-a54a-cc1023063d24,1,False
concurrency_n10_20260613_002350_kafka_feed7_rep1,kafka,sb-events-n10-feed7-rep1,0,4477,20322995200,56932336-971a-40ac-acc7-cf59075f7016,3895134,179,14.916666666666666,4502906555,3895134:56932336-971a-40ac-acc7-cf59075f7016,1,False
concurrency_n10_20260613_002350_kafka_feed7_rep1,kafka,sb-events-n10-feed7-rep1,0,4478,20323146200,c0b209ae-f457-4674-9ae3-0af7ad9f2d3f,3895134,179,14.916666666666666,4502906555,3895134:c0b209ae-f457-4674-9ae3-0af7ad9f2d3f,1,False
concurrency_n10_20260613_002350_kafka_feed7_rep1,kafka,sb-events-n10-feed7-rep1,1,4631,20339108500,3f7135a5-8b43-4509-a678-389cea76fa3b,3895121,180,15.0,4503601000,3895121:3f7135a5-8b43-4509-a678-389cea76fa3b,1,False
concurrency_n10_20260613_002350_kafka_feed7_rep1,kafka,sb-events-n10-feed7-rep1,2,4607,20339247700,ea1bffd4-e71c-4f22-8834-874fab8dfc4f,3895052,179,14.916666666666666,4502906555,3895052:ea1bffd4-e71c-4f22-8834-874fab8dfc4f,1,False
concurrency_n10_20260613_002350_kafka_feed7_rep1,kafka,sb-events-n10-feed7-rep1,0,4479,20339294100,8206a12d-ac0e-44ba-b692-6a94f12012dc,3895113,179,14.916666666666666,4502906555,3895113:8206a12d-ac0e-44ba-b692-6a94f12012dc,1,False
concurrency_n10_20260613_002350_kafka_feed7_rep1,kafka,sb-events-n10-feed7-rep1,2,4608,20347636700,120cb6f0-3272-4776-bf35-fcf9b9aaad6c,3895134,180,15.0,4503601000,3895134:120cb6f0-3272-4776-bf35-fcf9b9aaad6c,1,False
concurrency_n10_20260613_002350_kafka_feed7_rep1,kafka,sb-events-n10-feed7-rep1,0,4480,20347678500,8ec3c9f8-de5c-411b-8cd6-8e24c336229e,3895121,180,15.0,4503601000,3895121:8ec3c9f8-de5c-411b-8cd6-8e24c336229e,1,False
concurrency_n10_20260613_002350_kafka_feed7_rep1,kafka,sb-events-n10-feed7-rep1,0,4481,20347737500,042baed2-4954-4e1c-9809-b45f3dac9ed8,3895134,180,15.0,4503601000,3895134:042baed2-4954-4e1c-9809-b45f3dac9ed8,1,False
concurrency_n10_20260613_002350_kafka_feed7_rep1,kafka,sb-events-n10-feed7-rep1,0,4482,20359313200,f998a84a-8533-4e54-850c-88e4a0db962e,3895074,181,15.083333333333334,4504295444,3895074:f998a84a-8533-4e54-850c-88e4a0db962e,1,False
concurrency_n10_20260613_002350_kafka_feed7_rep1,kafka,sb-events-n10-feed7-rep1,0,4483,20359363100,5362c702-2c5d-4802-b780-2148711f7f60,3895121,181,15.083333333333334,4504295444,3895121:5362c702-2c5d-4802-b780-2148711f7f60,1,False
concurrency_n10_20260613_002350_kafka_feed7_rep1,kafka,sb-events-n10-feed7-rep1,2,4609,20370760300,a3246662-a95a-484e-87d7-9e80a6503af2,3895134,181,15.083333333333334,4504295444,3895134:a3246662-a95a-484e-87d7-9e80a6503af2,1,False
concurrency_n10_20260613_002350_kafka_feed7_rep1,kafka,sb-events-n10-feed7-rep1,0,4484,20370801400,77cc1f9f-374d-44d5-b5af-2c3b1ecfd536,3895121,181,15.083333333333334,4504295444,3895121:77cc1f9f-374d-44d5-b5af-2c3b1ecfd536,1,False
concurrency_n10_20260613_002350_kafka_feed7_rep1,kafka,sb-events-n10-feed7-rep1,1,4632,20378874000,3d09929e-e60f-480a-b4f0-43b30e530c8e,3895134,181,15.083333333333334,4504295444,3895134:3d09929e-e60f-480a-b4f0-43b30e530c8e,1,False
concurrency_n10_20260613_002350_kafka_feed7_rep1,kafka,sb-events-n10-feed7-rep1,1,4633,20378923600,913157ab-1e10-4a00-8776-05d02d9dccea,3895052,181,15.083333333333334,4504295444,3895052:913157ab-1e10-4a00-8776-05d02d9dccea,1,False
concurrency_n10_20260613_002350_kafka_feed7_rep1,kafka,sb-events-n10-feed7-rep1,2,4610,20378946900,bbf1e609-60cb-4dcb-bd23-9ac34721002d,3895052,181,15.083333333333334,4504295444,3895052:bbf1e609-60cb-4dcb-bd23-9ac34721002d,1,False
concurrency_n10_20260613_002350_kafka_feed7_rep1,kafka,sb-events-n10-feed7-rep1,0,4485,20389022500,47f64eb4-9074-48b1-812c-830f5861ce97,3895107,181,15.083333333333334,4504295444,3895107:47f64eb4-9074-48b1-812c-830f5861ce97,1,False
concurrency_n10_20260613_002350_kafka_feed7_rep1,kafka,sb-events-n10-feed7-rep1,1,4634,20393519800,8699603c-1d5e-452d-ba63-8b580b7f7484,3895134,182,15.166666666666666,4504989888,3895134:8699603c-1d5e-452d-ba63-8b580b7f7484,1,False
concurrency_n10_20260613_002350_kafka_feed7_rep1,kafka,sb-events-n10-feed7-rep1,0,4486,20393601300,033da15f-211c-4323-be47-3c971cb0e9fa,3895134,182,15.166666666666666,4504989888,3895134:033da15f-211c-4323-be47-3c971cb0e9fa,1,False
concurrency_n10_20260613_002350_kafka_feed7_rep1,kafka,sb-events-n10-feed7-rep1,2,4611,20414509300,a03fb700-b6fc-41b3-8cc3-cc8d0ab25b50,3895052,182,15.166666666666666,4504989888,3895052:a03fb700-b6fc-41b3-8cc3-cc8d0ab25b50,1,False
concurrency_n10_20260613_002350_kafka_feed7_rep1,kafka,sb-events-n10-feed7-rep1,0,4487,20414554700,de6d4bb5-8abc-4d0d-a036-80274fc3c4f9,3895060,183,15.25,4505684333,3895060:de6d4bb5-8abc-4d0d-a036-80274fc3c4f9,1,False
concurrency_n10_20260613_002350_kafka_feed7_rep1,kafka,sb-events-n10-feed7-rep1,2,4612,20423836400,f66b0a4a-2fea-4f85-86a3-956cc2693f46,3895060,183,15.25,4505684333,3895060:f66b0a4a-2fea-4f85-86a3-956cc2693f46,1,False
concurrency_n10_20260613_002350_kafka_feed7_rep1,kafka,sb-events-n10-feed7-rep1,2,4613,20423887500,e69e807d-e72f-4442-b1ea-1e86de28df50,3895074,183,15.25,4505684333,3895074:e69e807d-e72f-4442-b1ea-1e86de28df50,1,False
concurrency_n10_20260613_002350_kafka_feed7_rep1,kafka,sb-events-n10-feed7-rep1,2,4614,20423984600,cb6fbffa-59d1-43d8-af07-26ed640e156b,3895074,183,15.25,4505684333,3895074:cb6fbffa-59d1-43d8-af07-26ed640e156b,1,False
concurrency_n10_20260613_002350_kafka_feed7_rep1,kafka,sb-events-n10-feed7-rep1,2,4615,20435596400,faf714f7-96d7-4bb0-946c-870eda612625,3895074,183,15.25,4505684333,3895074:faf714f7-96d7-4bb0-946c-870eda612625,1,False
concurrency_n10_20260613_002350_kafka_feed7_rep1,kafka,sb-events-n10-feed7-rep1,1,4635,20453822400,ce15aad7-cb49-40f2-bbae-d11549fc88e6,3895074,183,15.25,4505684333,3895074:ce15aad7-cb49-40f2-bbae-d11549fc88e6,1,False
concurrency_n10_20260613_002350_kafka_feed7_rep1,kafka,sb-events-n10-feed7-rep1,1,4636,20453863700,5d1af995-e716-4c97-9756-592811556791,3895134,183,15.25,4505684333,3895134:5d1af995-e716-4c97-9756-592811556791,1,False
concurrency_n10_20260613_002350_kafka_feed7_rep1,kafka,sb-events-n10-feed7-rep1,0,4488,20463289000,37dd2a6a-d230-47b3-9d90-f9e9e7b9a034,3895107,183,15.25,4505684333,3895107:37dd2a6a-d230-47b3-9d90-f9e9e7b9a034,1,False
concurrency_n10_20260613_002350_kafka_feed7_rep1,kafka,sb-events-n10-feed7-rep1,1,4637,20463332700,0e89f84c-3893-44a1-8e90-35ad8cd4e274,3895052,183,15.25,4505684333,3895052:0e89f84c-3893-44a1-8e90-35ad8cd4e274,1,False
concurrency_n10_20260613_002350_kafka_feed7_rep1,kafka,sb-events-n10-feed7-rep1,1,4638,20463354400,f9520e9a-fd27-4d3f-87aa-f0181c84be32,3895107,183,15.25,4505684333,3895107:f9520e9a-fd27-4d3f-87aa-f0181c84be32,1,False
concurrency_n10_20260613_002350_kafka_feed7_rep1,kafka,sb-events-n10-feed7-rep1,2,4616,20476401900,4bbfa33a-6196-4d90-b3d7-378353d1a5bf,3895052,183,15.25,4505684333,3895052:4bbfa33a-6196-4d90-b3d7-378353d1a5bf,1,False
concurrency_n10_20260613_002350_kafka_feed7_rep1,kafka,sb-events-n10-feed7-rep1,1,4639,20476464900,1dcf02eb-a16c-4fdd-807b-6578767dcde6,3895052,183,15.25,4505684333,3895052:1dcf02eb-a16c-4fdd-807b-6578767dcde6,1,False
concurrency_n10_20260613_002350_kafka_feed7_rep1,kafka,sb-events-n10-feed7-rep1,1,4640,20476490900,fea932e4-e337-47ad-ad83-3818b34221af,3895134,184,15.333333333333334,4506378777,3895134:fea932e4-e337-47ad-ad83-3818b34221af,1,False
concurrency_n10_20260613_002350_kafka_feed7_rep1,kafka,sb-events-n10-feed7-rep1,0,4489,20485621500,fb0609bc-47f9-4985-896f-a398902b902f,3895134,184,15.333333333333334,4506378777,3895134:fb0609bc-47f9-4985-896f-a398902b902f,1,False
concurrency_n10_20260613_002350_kafka_feed7_rep1,kafka,sb-events-n10-feed7-rep1,2,4617,20485673400,d5d5314a-1da7-4e7d-a6a5-059c291da52f,3895134,184,15.333333333333334,4506378777,3895134:d5d5314a-1da7-4e7d-a6a5-059c291da52f,1,False
concurrency_n10_20260613_002350_kafka_feed7_rep1,kafka,sb-events-n10-feed7-rep1,1,4641,20492673200,0d6fb29c-0f27-4915-adc6-b147b114a211,3895052,184,15.333333333333334,4506378777,3895052:0d6fb29c-0f27-4915-adc6-b147b114a211,1,False
concurrency_n10_20260613_002350_kafka_feed7_rep1,kafka,sb-events-n10-feed7-rep1,2,4618,20492716500,47df7d7c-b0ee-4556-84b0-cf8d559b3d46,3895052,184,15.333333333333334,4506378777,3895052:47df7d7c-b0ee-4556-84b0-cf8d559b3d46,1,False
concurrency_n10_20260613_002350_kafka_feed7_rep1,kafka,sb-events-n10-feed7-rep1,1,4642,20499690600,34a96107-d3d3-4f1e-b3b0-ab8489dfe611,3895060,185,15.416666666666666,4507073222,3895060:34a96107-d3d3-4f1e-b3b0-ab8489dfe611,1,False
concurrency_n10_20260613_002350_kafka_feed7_rep1,kafka,sb-events-n10-feed7-rep1,2,4619,20499739700,c082b06e-6ae3-427f-9f8f-ba08b12a6a7c,3895074,185,15.416666666666666,4507073222,3895074:c082b06e-6ae3-427f-9f8f-ba08b12a6a7c,1,False
concurrency_n10_20260613_002350_kafka_feed7_rep1,kafka,sb-events-n10-feed7-rep1,1,4643,20507283900,c55df33e-9010-4ba0-84f3-e3f8f8d158ae,3895074,185,15.416666666666666,4507073222,3895074:c55df33e-9010-4ba0-84f3-e3f8f8d158ae,1,False
concurrency_n10_20260613_002350_kafka_feed7_rep1,kafka,sb-events-n10-feed7-rep1,2,4620,20507411800,62af821c-cd3b-4909-be9f-4807d93603ed,3895074,185,15.416666666666666,4507073222,3895074:62af821c-cd3b-4909-be9f-4807d93603ed,1,False
concurrency_n10_20260613_002350_kafka_feed7_rep1,kafka,sb-events-n10-feed7-rep1,2,4621,20517113200,a71a1b4a-7e45-40ea-81ce-964334bd6e3c,3895107,185,15.416666666666666,4507073222,3895107:a71a1b4a-7e45-40ea-81ce-964334bd6e3c,1,False
concurrency_n10_20260613_002350_kafka_feed7_rep1,kafka,sb-events-n10-feed7-rep1,1,4644,20527997700,e39de799-4748-4e0d-a6e0-25f7d7f57162,3895134,185,15.416666666666666,4507073222,3895134:e39de799-4748-4e0d-a6e0-25f7d7f57162,1,False
concurrency_n10_20260613_002350_kafka_feed7_rep1,kafka,sb-events-n10-feed7-rep1,1,4645,20528040900,524bc892-d68d-4cf9-b02a-0787fd126e38,3895134,185,15.416666666666666,4507073222,3895134:524bc892-d68d-4cf9-b02a-0787fd126e38,1,False
concurrency_n10_20260613_002350_kafka_feed7_rep1,kafka,sb-events-n10-feed7-rep1,0,4490,20548709300,1d789953-bbff-429f-8065-cc2ce1765444,3895052,185,15.416666666666666,4507073222,3895052:1d789953-bbff-429f-8065-cc2ce1765444,1,False
concurrency_n10_20260613_002350_kafka_feed7_rep1,kafka,sb-events-n10-feed7-rep1,2,4622,20548773200,62aa8f50-6358-4415-9cb0-f8b81c7178a9,3895052,185,15.416666666666666,4507073222,3895052:62aa8f50-6358-4415-9cb0-f8b81c7178a9,1,False
concurrency_n10_20260613_002350_kafka_feed7_rep1,kafka,sb-events-n10-feed7-rep1,1,4646,20548823500,1899ac70-f6a1-4518-aca7-c464e4ef3b58,3895052,185,15.416666666666666,4507073222,3895052:1899ac70-f6a1-4518-aca7-c464e4ef3b58,1,False
concurrency_n10_20260613_002350_kafka_feed7_rep1,kafka,sb-events-n10-feed7-rep1,2,4623,20561740000,0ac53c63-d58c-46ac-a821-b050a0a98d60,3895060,186,15.5,4507767666,3895060:0ac53c63-d58c-46ac-a821-b050a0a98d60,1,False
concurrency_n10_20260613_002350_kafka_feed7_rep1,kafka,sb-events-n10-feed7-rep1,2,4624,20561780400,9d8f9c0b-27a7-450d-8a63-942f4e7465ce,3895086,186,15.5,4507767666,3895086:9d8f9c0b-27a7-450d-8a63-942f4e7465ce,1,False
concurrency_n10_20260613_002350_kafka_feed7_rep1,kafka,sb-events-n10-feed7-rep1,2,4625,20561803000,60d44227-9fec-437c-b4e6-19fb293401bb,3895107,186,15.5,4507767666,3895107:60d44227-9fec-437c-b4e6-19fb293401bb,1,False
concurrency_n10_20260613_002350_kafka_feed7_rep1,kafka,sb-events-n10-feed7-rep1,0,4491,20572199200,b12611f3-8156-482e-8f7b-043bc58a90e6,3895107,186,15.5,4507767666,3895107:b12611f3-8156-482e-8f7b-043bc58a90e6,1,False
concurrency_n10_20260613_002350_kafka_feed7_rep1,kafka,sb-events-n10-feed7-rep1,2,4626,20572245200,ecc8b373-48a6-4b0a-94be-0731542bde3c,3895107,186,15.5,4507767666,3895107:ecc8b373-48a6-4b0a-94be-0731542bde3c,1,False
concurrency_n10_20260613_002350_kafka_feed7_rep1,kafka,sb-events-n10-feed7-rep1,2,4627,20572268100,7aadb2ca-9337-41dd-b89f-4968b2a26ee4,3895107,186,15.5,4507767666,3895107:7aadb2ca-9337-41dd-b89f-4968b2a26ee4,1,False
concurrency_n10_20260613_002350_kafka_feed7_rep1,kafka,sb-events-n10-feed7-rep1,2,4628,20582137600,1ad589a2-1a0e-45b1-81c8-40e910942f57,3895060,187,15.583333333333334,4508462111,3895060:1ad589a2-1a0e-45b1-81c8-40e910942f57,1,False
concurrency_n10_20260613_002350_kafka_feed7_rep1,kafka,sb-events-n10-feed7-rep1,2,4629,20582185000,494b9925-7d7f-4a7e-b8f0-4c25a10c56e8,3895086,187,15.583333333333334,4508462111,3895086:494b9925-7d7f-4a7e-b8f0-4c25a10c56e8,1,False
concurrency_n10_20260613_002350_kafka_feed7_rep1,kafka,sb-events-n10-feed7-rep1,1,4647,20587661900,3fc328fb-1e2b-4f54-a60c-104f38eed19d,3895086,187,15.583333333333334,4508462111,3895086:3fc328fb-1e2b-4f54-a60c-104f38eed19d,1,False
concurrency_n10_20260613_002350_kafka_feed7_rep1,kafka,sb-events-n10-feed7-rep1,2,4630,20587700300,49209fa5-8cee-46b0-a499-274fd879e505,3895134,187,15.583333333333334,4508462111,3895134:49209fa5-8cee-46b0-a499-274fd879e505,1,False
concurrency_n10_20260613_002350_kafka_feed7_rep1,kafka,sb-events-n10-feed7-rep1,1,4648,20592167800,b2166754-b7ae-486a-b12d-6308ea1e33d7,3895134,187,15.583333333333334,4508462111,3895134:b2166754-b7ae-486a-b12d-6308ea1e33d7,1,False
concurrency_n10_20260613_002350_kafka_feed7_rep1,kafka,sb-events-n10-feed7-rep1,1,4649,20602632800,376b42bf-1a33-4044-856a-f88a7340a55c,3895107,187,15.583333333333334,4508462111,3895107:376b42bf-1a33-4044-856a-f88a7340a55c,1,False
concurrency_n10_20260613_002350_kafka_feed7_rep1,kafka,sb-events-n10-feed7-rep1,1,4650,20611231000,48dfe5a6-7eb8-4602-bc7a-5ca891d73fe7,3895107,187,15.583333333333334,4508462111,3895107:48dfe5a6-7eb8-4602-bc7a-5ca891d73fe7,1,False
concurrency_n10_20260613_002350_kafka_feed7_rep1,kafka,sb-events-n10-feed7-rep1,2,4631,20621578200,63153436-ac3b-42f1-bf7e-e1bd83372d4a,3895074,188,15.666666666666666,4509156555,3895074:63153436-ac3b-42f1-bf7e-e1bd83372d4a,1,False
concurrency_n10_20260613_002350_kafka_feed7_rep1,kafka,sb-events-n10-feed7-rep1,1,4651,20621617700,7ee1d890-8ec6-421f-84d2-54a965ff02ed,3895060,188,15.666666666666666,4509156555,3895060:7ee1d890-8ec6-421f-84d2-54a965ff02ed,1,False
concurrency_n10_20260613_002350_kafka_feed7_rep1,kafka,sb-events-n10-feed7-rep1,0,4492,20631004000,71f1e5f4-8f73-4835-9190-c44322320aed,3895074,188,15.666666666666666,4509156555,3895074:71f1e5f4-8f73-4835-9190-c44322320aed,1,False
concurrency_n10_20260613_002350_kafka_feed7_rep1,kafka,sb-events-n10-feed7-rep1,2,4632,20631054100,0706ab72-4122-4fa9-a83a-04e7ab2e07f8,3895074,188,15.666666666666666,4509156555,3895074:0706ab72-4122-4fa9-a83a-04e7ab2e07f8,1,False
concurrency_n10_20260613_002350_kafka_feed7_rep1,kafka,sb-events-n10-feed7-rep1,2,4633,20631082900,a33ab931-78e6-48d1-8378-557e62fb8aa0,3895074,188,15.666666666666666,4509156555,3895074:a33ab931-78e6-48d1-8378-557e62fb8aa0,1,False
concurrency_n10_20260613_002350_kafka_feed7_rep1,kafka,sb-events-n10-feed7-rep1,1,4652,20642131800,bbf7befd-2733-4137-a06d-0d16f548f131,3895074,188,15.666666666666666,4509156555,3895074:bbf7befd-2733-4137-a06d-0d16f548f131,1,False
concurrency_n10_20260613_002350_kafka_feed7_rep1,kafka,sb-events-n10-feed7-rep1,0,4493,20642173200,b63fe24d-4d3f-4c6f-84a5-908663b7bbda,3895074,188,15.666666666666666,4509156555,3895074:b63fe24d-4d3f-4c6f-84a5-908663b7bbda,1,False
concurrency_n10_20260613_002350_kafka_feed7_rep1,kafka,sb-events-n10-feed7-rep1,1,4653,20648975400,fa29dcff-ef57-4c61-83ad-3a7aa8bde055,3895134,188,15.666666666666666,4509156555,3895134:fa29dcff-ef57-4c61-83ad-3a7aa8bde055,1,False
concurrency_n10_20260613_002350_kafka_feed7_rep1,kafka,sb-events-n10-feed7-rep1,0,4494,20649017800,52efe327-ee18-4162-81f2-0547bd07ae8d,3895074,188,15.666666666666666,4509156555,3895074:52efe327-ee18-4162-81f2-0547bd07ae8d,1,False
concurrency_n10_20260613_002350_kafka_feed7_rep1,kafka,sb-events-n10-feed7-rep1,0,4495,20649039200,0a955c70-1a49-400d-a820-9802dd203db3,3895134,188,15.666666666666666,4509156555,3895134:0a955c70-1a49-400d-a820-9802dd203db3,1,False
concurrency_n10_20260613_002350_kafka_feed7_rep1,kafka,sb-events-n10-feed7-rep1,2,4634,20657425700,9153370f-3422-43d8-add3-8551c690e687,3895107,188,15.666666666666666,4509156555,3895107:9153370f-3422-43d8-add3-8551c690e687,1,False
concurrency_n10_20260613_002350_kafka_feed7_rep1,kafka,sb-events-n10-feed7-rep1,1,4654,20657465300,580e89d7-b7d7-4fc1-a667-4ecf187c2534,3895052,188,15.666666666666666,4509156555,3895052:580e89d7-b7d7-4fc1-a667-4ecf187c2534,1,False
concurrency_n10_20260613_002350_kafka_feed7_rep1,kafka,sb-events-n10-feed7-rep1,1,4655,20664638900,02653ad5-13a2-4bbe-a624-f1b6eebde0b5,3895052,188,15.666666666666666,4509156555,3895052:02653ad5-13a2-4bbe-a624-f1b6eebde0b5,1,False
concurrency_n10_20260613_002350_kafka_feed7_rep1,kafka,sb-events-n10-feed7-rep1,0,4496,20672042900,ddce2c99-b9aa-4b00-a4e2-733e446ea69f,3895052,188,15.666666666666666,4509156555,3895052:ddce2c99-b9aa-4b00-a4e2-733e446ea69f,1,False
concurrency_n10_20260613_002350_kafka_feed7_rep1,kafka,sb-events-n10-feed7-rep1,1,4656,20672082500,420d9b6c-74f3-4e4d-87f9-ed8e63ed247a,3895060,189,15.75,4509851000,3895060:420d9b6c-74f3-4e4d-87f9-ed8e63ed247a,1,False
concurrency_n10_20260613_002350_kafka_feed7_rep1,kafka,sb-events-n10-feed7-rep1,2,4635,20678339800,0cfd5fbc-4767-4a50-91d8-8def2fd4ebc6,3895060,189,15.75,4509851000,3895060:0cfd5fbc-4767-4a50-91d8-8def2fd4ebc6,1,False
concurrency_n10_20260613_002350_kafka_feed7_rep1,kafka,sb-events-n10-feed7-rep1,1,4657,20690858300,8e6de0e3-d843-41cd-a76f-99c0f554aa5c,3895074,189,15.75,4509851000,3895074:8e6de0e3-d843-41cd-a76f-99c0f554aa5c,1,False
concurrency_n10_20260613_002350_kafka_feed7_rep1,kafka,sb-events-n10-feed7-rep1,0,4497,20697900300,0d226589-4fa8-4c69-b65a-3994c87f73f5,3895134,189,15.75,4509851000,3895134:0d226589-4fa8-4c69-b65a-3994c87f73f5,1,False
concurrency_n10_20260613_002350_kafka_feed7_rep1,kafka,sb-events-n10-feed7-rep1,2,4636,20697941800,6fca92a8-e991-4654-9814-abeb7b776cfe,3895107,189,15.75,4509851000,3895107:6fca92a8-e991-4654-9814-abeb7b776cfe,1,False
concurrency_n10_20260613_002350_kafka_feed7_rep1,kafka,sb-events-n10-feed7-rep1,2,4637,20697963700,9e28ecd7-6d78-4a4f-870a-a816a8637dcf,3895107,189,15.75,4509851000,3895107:9e28ecd7-6d78-4a4f-870a-a816a8637dcf,1,False
concurrency_n10_20260613_002350_kafka_feed7_rep1,kafka,sb-events-n10-feed7-rep1,1,4658,20702496000,ddf1d26b-7930-4093-ae79-70840b6fbd1f,3895060,190,15.833333333333334,4510545444,3895060:ddf1d26b-7930-4093-ae79-70840b6fbd1f,1,False
concurrency_n10_20260613_002350_kafka_feed7_rep1,kafka,sb-events-n10-feed7-rep1,2,4638,20702535800,e64c2984-9c76-4d33-b46a-1834767226eb,3895060,190,15.833333333333334,4510545444,3895060:e64c2984-9c76-4d33-b46a-1834767226eb,1,False
concurrency_n10_20260613_002350_kafka_feed7_rep1,kafka,sb-events-n10-feed7-rep1,1,4659,20711002100,4a46f522-67d3-4549-b152-4c311ebaa333,3895074,190,15.833333333333334,4510545444,3895074:4a46f522-67d3-4549-b152-4c311ebaa333,1,False
concurrency_n10_20260613_002350_kafka_feed7_rep1,kafka,sb-events-n10-feed7-rep1,2,4639,20721448200,dc2f4494-778f-4de7-91cb-4cb3dbb5af6a,3895121,190,15.833333333333334,4510545444,3895121:dc2f4494-778f-4de7-91cb-4cb3dbb5af6a,1,False
concurrency_n10_20260613_002350_kafka_feed7_rep1,kafka,sb-events-n10-feed7-rep1,1,4660,20721490100,23a3e1e8-7679-4bf7-920e-8ad00c6c47c4,3895074,190,15.833333333333334,4510545444,3895074:23a3e1e8-7679-4bf7-920e-8ad00c6c47c4,1,False
concurrency_n10_20260613_002350_kafka_feed7_rep1,kafka,sb-events-n10-feed7-rep1,2,4640,20732601500,269cc203-cdca-428b-85c1-c223a4039acb,3895134,190,15.833333333333334,4510545444,3895134:269cc203-cdca-428b-85c1-c223a4039acb,1,False
concurrency_n10_20260613_002350_kafka_feed7_rep1,kafka,sb-events-n10-feed7-rep1,0,4498,20741716000,d23d9dca-6443-465b-990a-5f727f37fb4d,3895052,190,15.833333333333334,4510545444,3895052:d23d9dca-6443-465b-990a-5f727f37fb4d,1,False
concurrency_n10_20260613_002350_kafka_feed7_rep1,kafka,sb-events-n10-feed7-rep1,2,4641,20741760000,9cfde221-cd4a-47a3-8127-5746d79a42fd,3895134,190,15.833333333333334,4510545444,3895134:9cfde221-cd4a-47a3-8127-5746d79a42fd,1,False
concurrency_n10_20260613_002350_kafka_feed7_rep1,kafka,sb-events-n10-feed7-rep1,2,4642,20741783400,2d4f5aa2-50a7-441f-9e21-8af732fbff55,3895052,190,15.833333333333334,4510545444,3895052:2d4f5aa2-50a7-441f-9e21-8af732fbff55,1,False
concurrency_n10_20260613_002350_kafka_feed7_rep1,kafka,sb-events-n10-feed7-rep1,0,4499,20750434500,da740118-c2d3-48d1-ba3d-e86632ea06db,3895052,190,15.833333333333334,4510545444,3895052:da740118-c2d3-48d1-ba3d-e86632ea06db,1,False
concurrency_n10_20260613_002350_kafka_feed7_rep1,kafka,sb-events-n10-feed7-rep1,0,4500,20750480300,34d82d40-22e7-4f4d-b3d0-5f9a88860924,3895052,190,15.833333333333334,4510545444,3895052:34d82d40-22e7-4f4d-b3d0-5f9a88860924,1,False
concurrency_n10_20260613_002350_kafka_feed7_rep1,kafka,sb-events-n10-feed7-rep1,1,4661,20761861600,8c83658d-4aba-4eba-bb77-5c21d3558273,3895067,191,15.916666666666666,4511239888,3895067:8c83658d-4aba-4eba-bb77-5c21d3558273,1,False
concurrency_n10_20260613_002350_kafka_feed7_rep1,kafka,sb-events-n10-feed7-rep1,2,4643,20761899800,7654dee9-f339-44ce-af78-1cc206483618,3895113,190,15.833333333333334,4510545444,3895113:7654dee9-f339-44ce-af78-1cc206483618,1,False
concurrency_n10_20260613_002350_kafka_feed7_rep1,kafka,sb-events-n10-feed7-rep1,1,4662,20766613800,d601a651-0860-4ee7-8858-cbed02a392c0,3895074,191,15.916666666666666,4511239888,3895074:d601a651-0860-4ee7-8858-cbed02a392c0,1,False
concurrency_n10_20260613_002350_kafka_feed7_rep1,kafka,sb-events-n10-feed7-rep1,0,4501,20778799500,79e47339-3da8-4edc-83eb-c84c56515fe4,3895121,191,15.916666666666666,4511239888,3895121:79e47339-3da8-4edc-83eb-c84c56515fe4,1,False
concurrency_n10_20260613_002350_kafka_feed7_rep1,kafka,sb-events-n10-feed7-rep1,2,4644,20778862700,d4ef0347-1d83-466c-ab0b-de30eacd70a4,3895121,191,15.916666666666666,4511239888,3895121:d4ef0347-1d83-466c-ab0b-de30eacd70a4,1,False
concurrency_n10_20260613_002350_kafka_feed7_rep1,kafka,sb-events-n10-feed7-rep1,1,4663,20787170100,bb4b1cf5-00eb-402d-9e5a-9fe9c614eecf,3895086,191,15.916666666666666,4511239888,3895086:bb4b1cf5-00eb-402d-9e5a-9fe9c614eecf,1,False
concurrency_n10_20260613_002350_kafka_feed7_rep1,kafka,sb-events-n10-feed7-rep1,2,4645,20787216100,99e0c535-eb27-4263-bf0d-fd14f94b5f6b,3895086,191,15.916666666666666,4511239888,3895086:99e0c535-eb27-4263-bf0d-fd14f94b5f6b,1,False
concurrency_n10_20260613_002350_kafka_feed7_rep1,kafka,sb-events-n10-feed7-rep1,0,4502,20800913900,67b25810-34b8-4834-9553-fc990e5f8abb,3895086,191,15.916666666666666,4511239888,3895086:67b25810-34b8-4834-9553-fc990e5f8abb,1,False
concurrency_n10_20260613_002350_kafka_feed7_rep1,kafka,sb-events-n10-feed7-rep1,2,4646,20800956000,1524c3ef-8a3e-4b17-9034-f3a92d574a83,3895086,191,15.916666666666666,4511239888,3895086:1524c3ef-8a3e-4b17-9034-f3a92d574a83,1,False
concurrency_n10_20260613_002350_kafka_feed7_rep1,kafka,sb-events-n10-feed7-rep1,1,4664,20816482100,f2d854d8-0c80-4f3a-b513-da2f9d2193c0,3895107,191,15.916666666666666,4511239888,3895107:f2d854d8-0c80-4f3a-b513-da2f9d2193c0,1,False
concurrency_n10_20260613_002350_kafka_feed7_rep1,kafka,sb-events-n10-feed7-rep1,0,4503,20816583900,888d9d49-1498-40d0-9595-94bbe1717dc6,3895134,191,15.916666666666666,4511239888,3895134:888d9d49-1498-40d0-9595-94bbe1717dc6,1,False
concurrency_n10_20260613_002350_kafka_feed7_rep1,kafka,sb-events-n10-feed7-rep1,2,4647,20817279500,c084ba35-530f-4dc0-a855-f9084b33bf98,3895107,191,15.916666666666666,4511239888,3895107:c084ba35-530f-4dc0-a855-f9084b33bf98,1,False
concurrency_n10_20260613_002350_kafka_feed7_rep1,kafka,sb-events-n10-feed7-rep1,1,4665,20828179500,780261b4-a187-46bb-8369-6c70391fa578,3895052,191,15.916666666666666,4511239888,3895052:780261b4-a187-46bb-8369-6c70391fa578,1,False
concurrency_n10_20260613_002350_kafka_feed7_rep1,kafka,sb-events-n10-feed7-rep1,1,4666,20828220900,5583139b-aaef-4d91-bbb9-08100da01eed,3895052,191,15.916666666666666,4511239888,3895052:5583139b-aaef-4d91-bbb9-08100da01eed,1,False
concurrency_n10_20260613_002350_kafka_feed7_rep1,kafka,sb-events-n10-feed7-rep1,2,4648,20842545500,bcd7e29b-31b0-4852-b4d1-9d5e301c7a9f,3895060,192,16.0,4511934333,3895060:bcd7e29b-31b0-4852-b4d1-9d5e301c7a9f,1,False
concurrency_n10_20260613_002350_kafka_feed7_rep1,kafka,sb-events-n10-feed7-rep1,1,4667,20842589600,5e1aee62-2ce5-4739-b678-50fee9c7927b,3895060,192,16.0,4511934333,3895060:5e1aee62-2ce5-4739-b678-50fee9c7927b,1,False
concurrency_n10_20260613_002350_kafka_feed7_rep1,kafka,sb-events-n10-feed7-rep1,2,4649,20854797300,ce970621-1477-4475-9701-29338c5ee876,3895060,192,16.0,4511934333,3895060:ce970621-1477-4475-9701-29338c5ee876,1,False
concurrency_n10_20260613_002350_kafka_feed7_rep1,kafka,sb-events-n10-feed7-rep1,2,4650,20854842400,09d37e36-6ff0-4354-b5d0-9da7dcab8071,3895060,192,16.0,4511934333,3895060:09d37e36-6ff0-4354-b5d0-9da7dcab8071,1,False
concurrency_n10_20260613_002350_kafka_feed7_rep1,kafka,sb-events-n10-feed7-rep1,2,4651,20854865000,9ffa48a6-bcaf-4c18-b6c8-4fecebaed612,3895074,192,16.0,4511934333,3895074:9ffa48a6-bcaf-4c18-b6c8-4fecebaed612,1,False
concurrency_n10_20260613_002350_kafka_feed7_rep1,kafka,sb-events-n10-feed7-rep1,2,4652,20854884600,49c7793b-13b9-4275-8f95-aab1dccab578,3895074,192,16.0,4511934333,3895074:49c7793b-13b9-4275-8f95-aab1dccab578,1,False
concurrency_n10_20260613_002350_kafka_feed7_rep1,kafka,sb-events-n10-feed7-rep1,0,4504,20861861400,a3b7a28a-d7bb-40e3-b559-86cf9ea21258,3895074,192,16.0,4511934333,3895074:a3b7a28a-d7bb-40e3-b559-86cf9ea21258,1,False
concurrency_n10_20260613_002350_kafka_feed7_rep1,kafka,sb-events-n10-feed7-rep1,2,4653,20861928400,5471af11-32d7-4b56-addf-d2628d1f76dd,3895074,192,16.0,4511934333,3895074:5471af11-32d7-4b56-addf-d2628d1f76dd,1,False
concurrency_n10_20260613_002350_kafka_feed7_rep1,kafka,sb-events-n10-feed7-rep1,2,4654,20869401000,51fb4729-5504-488f-b8ac-7d9ad058eed1,3895074,193,16.083333333333332,4512628777,3895074:51fb4729-5504-488f-b8ac-7d9ad058eed1,1,False
concurrency_n10_20260613_002350_kafka_feed7_rep1,kafka,sb-events-n10-feed7-rep1,2,4655,20869461900,6989a48a-3d41-4a91-836c-f43c0cf375cd,3895086,193,16.083333333333332,4512628777,3895086:6989a48a-3d41-4a91-836c-f43c0cf375cd,1,False
concurrency_n10_20260613_002350_kafka_feed7_rep1,kafka,sb-events-n10-feed7-rep1,0,4505,20876224700,d48fe2aa-5806-4d30-be6f-8f4bf216e21d,3895086,193,16.083333333333332,4512628777,3895086:d48fe2aa-5806-4d30-be6f-8f4bf216e21d,1,False
concurrency_n10_20260613_002350_kafka_feed7_rep1,kafka,sb-events-n10-feed7-rep1,2,4656,20876276600,85de58e9-2b57-44f2-bd15-43c8614785e7,3895052,193,16.083333333333332,4512628777,3895052:85de58e9-2b57-44f2-bd15-43c8614785e7,1,False
concurrency_n10_20260613_002350_kafka_feed7_rep1,kafka,sb-events-n10-feed7-rep1,0,4506,20887638300,bf995fff-e50f-4112-bb7c-3e0f0c6f7d1a,3895060,194,16.166666666666668,4513323222,3895060:bf995fff-e50f-4112-bb7c-3e0f0c6f7d1a,1,False
concurrency_n10_20260613_002350_kafka_feed7_rep1,kafka,sb-events-n10-feed7-rep1,2,4657,20887680600,aadb06a8-0a17-4549-9719-2ceb370973e3,3895052,193,16.083333333333332,4512628777,3895052:aadb06a8-0a17-4549-9719-2ceb370973e3,1,False
concurrency_n10_20260613_002350_kafka_feed7_rep1,kafka,sb-events-n10-feed7-rep1,0,4507,20894708800,fccb18a5-ca11-44d4-88f5-489bb1d9f0d9,3895060,194,16.166666666666668,4513323222,3895060:fccb18a5-ca11-44d4-88f5-489bb1d9f0d9,1,False
concurrency_n10_20260613_002350_kafka_feed7_rep1,kafka,sb-events-n10-feed7-rep1,0,4508,20894752400,d4d9296e-0ddd-499c-b857-b6d7d6b86b59,3895060,194,16.166666666666668,4513323222,3895060:d4d9296e-0ddd-499c-b857-b6d7d6b86b59,1,False
concurrency_n10_20260613_002350_kafka_feed7_rep1,kafka,sb-events-n10-feed7-rep1,1,4668,20906890300,34375f53-3e60-42ff-911f-c1ac08b123a0,3895060,194,16.166666666666668,4513323222,3895060:34375f53-3e60-42ff-911f-c1ac08b123a0,1,False
concurrency_n10_20260613_002350_kafka_feed7_rep1,kafka,sb-events-n10-feed7-rep1,2,4658,20906941300,4cdf55ed-0511-4c71-a946-2d976f831af4,3895074,194,16.166666666666668,4513323222,3895074:4cdf55ed-0511-4c71-a946-2d976f831af4,1,False
concurrency_n10_20260613_002350_kafka_feed7_rep1,kafka,sb-events-n10-feed7-rep1,1,4669,20919414300,c8996301-8ac1-4228-9119-e8f2770ba2a7,3895086,194,16.166666666666668,4513323222,3895086:c8996301-8ac1-4228-9119-e8f2770ba2a7,1,False
concurrency_n10_20260613_002350_kafka_feed7_rep1,kafka,sb-events-n10-feed7-rep1,2,4659,20919464900,f3ca3ab8-c52c-433b-89ca-df862dacd4a9,3895074,194,16.166666666666668,4513323222,3895074:f3ca3ab8-c52c-433b-89ca-df862dacd4a9,1,False
concurrency_n10_20260613_002350_kafka_feed7_rep1,kafka,sb-events-n10-feed7-rep1,2,4660,20924664400,6c046b96-5365-47af-8c54-5b65043428ba,3895134,194,16.166666666666668,4513323222,3895134:6c046b96-5365-47af-8c54-5b65043428ba,1,False
concurrency_n10_20260613_002350_kafka_feed7_rep1,kafka,sb-events-n10-feed7-rep1,2,4661,20924706700,e1bb5abd-6fb8-450f-a34c-87cda38464f4,3895134,194,16.166666666666668,4513323222,3895134:e1bb5abd-6fb8-450f-a34c-87cda38464f4,1,False
concurrency_n10_20260613_002350_kafka_feed7_rep1,kafka,sb-events-n10-feed7-rep1,0,4509,20938186300,4eb4d402-5669-4cdb-81db-1271d5448f1b,3895121,195,16.25,4514017666,3895121:4eb4d402-5669-4cdb-81db-1271d5448f1b,1,False
concurrency_n10_20260613_002350_kafka_feed7_rep1,kafka,sb-events-n10-feed7-rep1,0,4510,20938463700,68363c21-b66c-4d7e-929f-08e887bd47f7,3895086,195,16.25,4514017666,3895086:68363c21-b66c-4d7e-929f-08e887bd47f7,1,False
concurrency_n10_20260613_002350_kafka_feed7_rep1,kafka,sb-events-n10-feed7-rep1,1,4670,20951927500,38928839-e8dd-4582-92f7-2522f531fe61,3895121,196,16.333333333333332,4514712111,3895121:38928839-e8dd-4582-92f7-2522f531fe61,1,False
concurrency_n10_20260613_002350_kafka_feed7_rep1,kafka,sb-events-n10-feed7-rep1,2,4662,20951966700,256471d2-953b-47a0-a298-8249ef937d29,3895107,195,16.25,4514017666,3895107:256471d2-953b-47a0-a298-8249ef937d29,1,False
concurrency_n10_20260613_002350_kafka_feed7_rep1,kafka,sb-events-n10-feed7-rep1,2,4663,20951987500,52c222f2-f353-4607-a328-9be49e3d9965,3895134,195,16.25,4514017666,3895134:52c222f2-f353-4607-a328-9be49e3d9965,1,False
concurrency_n10_20260613_002350_kafka_feed7_rep1,kafka,sb-events-n10-feed7-rep1,0,4511,20952018000,e50641a4-5a4d-4f8f-a211-f51cc720fc0f,3895060,196,16.333333333333332,4514712111,3895060:e50641a4-5a4d-4f8f-a211-f51cc720fc0f,1,False
concurrency_n10_20260613_002350_kafka_feed7_rep1,kafka,sb-events-n10-feed7-rep1,2,4664,20962180400,d42811d8-2083-42e6-87e5-64cedfcec80d,3895074,196,16.333333333333332,4514712111,3895074:d42811d8-2083-42e6-87e5-64cedfcec80d,1,False
concurrency_n10_20260613_002350_kafka_feed7_rep1,kafka,sb-events-n10-feed7-rep1,0,4512,20962230400,a00e2921-98ee-4756-a5b2-79066976df67,3895121,196,16.333333333333332,4514712111,3895121:a00e2921-98ee-4756-a5b2-79066976df67,1,False
concurrency_n10_20260613_002350_kafka_feed7_rep1,kafka,sb-events-n10-feed7-rep1,2,4665,20975422200,971ee027-fe01-459a-9207-08bd6c8f8d67,3895086,196,16.333333333333332,4514712111,3895086:971ee027-fe01-459a-9207-08bd6c8f8d67,1,False
concurrency_n10_20260613_002350_kafka_feed7_rep1,kafka,sb-events-n10-feed7-rep1,0,4513,20975465000,49492208-3361-4ecd-af09-afade83b8dec,3895086,196,16.333333333333332,4514712111,3895086:49492208-3361-4ecd-af09-afade83b8dec,1,False
concurrency_n10_20260613_002350_kafka_feed7_rep1,kafka,sb-events-n10-feed7-rep1,2,4666,20986457100,a5b88451-ad44-4809-a52a-f2cce2822d77,3895052,196,16.333333333333332,4514712111,3895052:a5b88451-ad44-4809-a52a-f2cce2822d77,1,False
concurrency_n10_20260613_002350_kafka_feed7_rep1,kafka,sb-events-n10-feed7-rep1,0,4514,20986511700,446af2b6-1103-4b51-8dd1-03eda19f2798,3895086,196,16.333333333333332,4514712111,3895086:446af2b6-1103-4b51-8dd1-03eda19f2798,1,False
concurrency_n10_20260613_002350_kafka_feed7_rep1,kafka,sb-events-n10-feed7-rep1,0,4515,20986546300,172e96be-11a1-4478-95ec-4f9abf5f4c61,3895060,197,16.416666666666668,4515406555,3895060:172e96be-11a1-4478-95ec-4f9abf5f4c61,1,False
concurrency_n10_20260613_002350_kafka_feed7_rep1,kafka,sb-events-n10-feed7-rep1,2,4667,20991961500,b01466de-7c33-4b21-a1db-536a15898d01,3895121,197,16.416666666666668,4515406555,3895121:b01466de-7c33-4b21-a1db-536a15898d01,1,False
concurrency_n10_20260613_002350_kafka_feed7_rep1,kafka,sb-events-n10-feed7-rep1,1,4671,21000375700,af0da08d-c153-492c-91c2-988ff74e077b,3895121,197,16.416666666666668,4515406555,3895121:af0da08d-c153-492c-91c2-988ff74e077b,1,False
concurrency_n10_20260613_002350_kafka_feed7_rep1,kafka,sb-events-n10-feed7-rep1,0,4516,21005342200,f3700bf4-0863-4684-a153-3c50060f39d0,3895121,197,16.416666666666668,4515406555,3895121:f3700bf4-0863-4684-a153-3c50060f39d0,1,False
concurrency_n10_20260613_002350_kafka_feed7_rep1,kafka,sb-events-n10-feed7-rep1,0,4517,21005395700,4826bc28-41b5-447a-a457-f0c3657a219f,3895074,197,16.416666666666668,4515406555,3895074:4826bc28-41b5-447a-a457-f0c3657a219f,1,False
concurrency_n10_20260613_002350_kafka_feed7_rep1,kafka,sb-events-n10-feed7-rep1,1,4672,21010408300,1b097b83-1c3a-46c9-9a82-dfc9f5fbed5b,3895074,197,16.416666666666668,4515406555,3895074:1b097b83-1c3a-46c9-9a82-dfc9f5fbed5b,1,False
concurrency_n10_20260613_002350_kafka_feed7_rep1,kafka,sb-events-n10-feed7-rep1,1,4673,21020342500,72dc6540-3467-4dc2-94a8-99f15d0c178b,3895086,197,16.416666666666668,4515406555,3895086:72dc6540-3467-4dc2-94a8-99f15d0c178b,1,False
concurrency_n10_20260613_002350_kafka_feed7_rep1,kafka,sb-events-n10-feed7-rep1,1,4674,21027295500,a2683d74-48e8-46ab-b383-89bf9410c32f,3895086,197,16.416666666666668,4515406555,3895086:a2683d74-48e8-46ab-b383-89bf9410c32f,1,False
concurrency_n10_20260613_002350_kafka_feed7_rep1,kafka,sb-events-n10-feed7-rep1,1,4675,21027337600,96e66b7e-9560-4618-b22d-38dcf3ccd1e0,3895086,197,16.416666666666668,4515406555,3895086:96e66b7e-9560-4618-b22d-38dcf3ccd1e0,1,False
concurrency_n10_20260613_002350_kafka_feed7_rep1,kafka,sb-events-n10-feed7-rep1,2,4668,21039590500,0bd96b1d-bdc8-40ef-917c-b2dfbb9d19c9,3895086,197,16.416666666666668,4515406555,3895086:0bd96b1d-bdc8-40ef-917c-b2dfbb9d19c9,1,False
concurrency_n10_20260613_002350_kafka_feed7_rep1,kafka,sb-events-n10-feed7-rep1,2,4669,21039631900,1a6ddb98-6cc1-4354-a590-7b65654b9892,3895134,197,16.416666666666668,4515406555,3895134:1a6ddb98-6cc1-4354-a590-7b65654b9892,1,False
concurrency_n10_20260613_002350_kafka_feed7_rep1,kafka,sb-events-n10-feed7-rep1,1,4676,21039655700,17bd02c0-9fbf-456d-8dad-1cc75beac511,3895134,197,16.416666666666668,4515406555,3895134:17bd02c0-9fbf-456d-8dad-1cc75beac511,1,False
concurrency_n10_20260613_002350_kafka_feed7_rep1,kafka,sb-events-n10-feed7-rep1,2,4670,21050453900,792dbee9-5755-449b-9dd8-fdfab7f99ccd,3895052,197,16.416666666666668,4515406555,3895052:792dbee9-5755-449b-9dd8-fdfab7f99ccd,1,False
concurrency_n10_20260613_002350_kafka_feed7_rep1,kafka,sb-events-n10-feed7-rep1,1,4677,21050520900,8d22c242-bb5f-40d5-ab0c-bcee0e7859cf,3895134,197,16.416666666666668,4515406555,3895134:8d22c242-bb5f-40d5-ab0c-bcee0e7859cf,1,False
concurrency_n10_20260613_002350_kafka_feed7_rep1,kafka,sb-events-n10-feed7-rep1,2,4671,21056132700,16625b7e-c911-4dbb-bd7b-b772e039684e,3895052,197,16.416666666666668,4515406555,3895052:16625b7e-c911-4dbb-bd7b-b772e039684e,1,False
concurrency_n10_20260613_002350_kafka_feed7_rep1,kafka,sb-events-n10-feed7-rep1,1,4678,21066460200,96a7e922-31fd-4041-ab6b-5d8d9eda6545,3895121,198,16.5,4516101000,3895121:96a7e922-31fd-4041-ab6b-5d8d9eda6545,1,False
concurrency_n10_20260613_002350_kafka_feed7_rep1,kafka,sb-events-n10-feed7-rep1,1,4679,21066504000,9abb84e4-f563-49c8-bbe5-00ede9f39eea,3895074,198,16.5,4516101000,3895074:9abb84e4-f563-49c8-bbe5-00ede9f39eea,1,False
concurrency_n10_20260613_002350_kafka_feed7_rep1,kafka,sb-events-n10-feed7-rep1,0,4518,21072639600,c7126d77-ac10-4829-ab34-042f805ccd56,3895107,198,16.5,4516101000,3895107:c7126d77-ac10-4829-ab34-042f805ccd56,1,False
concurrency_n10_20260613_002350_kafka_feed7_rep1,kafka,sb-events-n10-feed7-rep1,2,4672,21084679300,d6028f98-7860-4ce1-9f61-c875e72ca303,3895134,198,16.5,4516101000,3895134:d6028f98-7860-4ce1-9f61-c875e72ca303,1,False
concurrency_n10_20260613_002350_kafka_feed7_rep1,kafka,sb-events-n10-feed7-rep1,1,4680,21084722800,bbd5b60b-0ff4-4622-b031-65089b77991b,3895134,198,16.5,4516101000,3895134:bbd5b60b-0ff4-4622-b031-65089b77991b,1,False
concurrency_n10_20260613_002350_kafka_feed7_rep1,kafka,sb-events-n10-feed7-rep1,0,4519,21084754400,2e180f15-448d-4991-b8ce-ed0fdce47a1d,3895107,198,16.5,4516101000,3895107:2e180f15-448d-4991-b8ce-ed0fdce47a1d,1,False
concurrency_n10_20260613_002350_kafka_feed7_rep1,kafka,sb-events-n10-feed7-rep1,2,4673,21090394500,5cd65a29-d258-4f09-bd90-7c6c953a3d99,3895060,199,16.583333333333332,4516795444,3895060:5cd65a29-d258-4f09-bd90-7c6c953a3d99,1,False
concurrency_n10_20260613_002350_kafka_feed7_rep1,kafka,sb-events-n10-feed7-rep1,1,4681,21097888400,3fdf134f-f466-42ce-8bf3-2f525310bce2,3895060,199,16.583333333333332,4516795444,3895060:3fdf134f-f466-42ce-8bf3-2f525310bce2,1,False
concurrency_n10_20260613_002350_kafka_feed7_rep1,kafka,sb-events-n10-feed7-rep1,0,4520,21113824900,0a83c4de-06fa-4a56-a2b3-82575cffd17b,3895121,199,16.583333333333332,4516795444,3895121:0a83c4de-06fa-4a56-a2b3-82575cffd17b,1,False
concurrency_n10_20260613_002350_kafka_feed7_rep1,kafka,sb-events-n10-feed7-rep1,1,4682,21113866800,76a5e150-9453-45e0-bd0b-02d9529f074b,3895121,199,16.583333333333332,4516795444,3895121:76a5e150-9453-45e0-bd0b-02d9529f074b,1,False
concurrency_n10_20260613_002350_kafka_feed7_rep1,kafka,sb-events-n10-feed7-rep1,2,4674,21121913500,f588ffb8-c6ab-401c-afde-4b0c1a4ad974,3895074,199,16.583333333333332,4516795444,3895074:f588ffb8-c6ab-401c-afde-4b0c1a4ad974,1,False
concurrency_n10_20260613_002350_kafka_feed7_rep1,kafka,sb-events-n10-feed7-rep1,0,4521,21121959100,7a16efb7-ba64-439a-b8d1-4b33341fe52b,3895121,199,16.583333333333332,4516795444,3895121:7a16efb7-ba64-439a-b8d1-4b33341fe52b,1,False
concurrency_n10_20260613_002350_kafka_feed7_rep1,kafka,sb-events-n10-feed7-rep1,0,4522,21121981600,f5b1ab45-5ef6-4a25-b908-531c40ecfb17,3895074,199,16.583333333333332,4516795444,3895074:f5b1ab45-5ef6-4a25-b908-531c40ecfb17,1,False
concurrency_n10_20260613_002350_kafka_feed7_rep1,kafka,sb-events-n10-feed7-rep1,0,4523,21128148700,77971109-d4df-44fc-8c58-778b5f7e405e,3895074,199,16.583333333333332,4516795444,3895074:77971109-d4df-44fc-8c58-778b5f7e405e,1,False
concurrency_n10_20260613_002350_kafka_feed7_rep1,kafka,sb-events-n10-feed7-rep1,1,4683,21138140100,e53e034d-e4e3-4396-af9c-3789aed49e4c,3895086,199,16.583333333333332,4516795444,3895086:e53e034d-e4e3-4396-af9c-3789aed49e4c,1,False
concurrency_n10_20260613_002350_kafka_feed7_rep1,kafka,sb-events-n10-feed7-rep1,1,4684,21138194300,a648a836-f23e-407e-908c-2d74c08c5d8b,3895086,199,16.583333333333332,4516795444,3895086:a648a836-f23e-407e-908c-2d74c08c5d8b,1,False
concurrency_n10_20260613_002350_kafka_feed7_rep1,kafka,sb-events-n10-feed7-rep1,2,4675,21147632100,e6548093-2ec3-4b32-ad9e-c13164f9eb7e,3895086,199,16.583333333333332,4516795444,3895086:e6548093-2ec3-4b32-ad9e-c13164f9eb7e,1,False
concurrency_n10_20260613_002350_kafka_feed7_rep1,kafka,sb-events-n10-feed7-rep1,0,4524,21147673400,c9fbb482-a1bd-4a60-99d8-4dc04495c41a,3895086,199,16.583333333333332,4516795444,3895086:c9fbb482-a1bd-4a60-99d8-4dc04495c41a,1,False
concurrency_n10_20260613_002350_kafka_feed7_rep1,kafka,sb-events-n10-feed7-rep1,1,4685,21160072900,44adc433-a604-4dfa-ac83-95eaa45264d3,3895086,199,16.583333333333332,4516795444,3895086:44adc433-a604-4dfa-ac83-95eaa45264d3,1,False
concurrency_n10_20260613_002350_kafka_feed7_rep1,kafka,sb-events-n10-feed7-rep1,2,4676,21160128900,ccfcc2a4-b123-4e6f-bb1e-4204f93b1b24,3895060,200,16.666666666666668,4517489888,3895060:ccfcc2a4-b123-4e6f-bb1e-4204f93b1b24,1,False
concurrency_n10_20260613_002350_kafka_feed7_rep1,kafka,sb-events-n10-feed7-rep1,2,4677,21160167300,23f4c933-a179-42cf-980f-74eff232c2f1,3895060,200,16.666666666666668,4517489888,3895060:23f4c933-a179-42cf-980f-74eff232c2f1,1,False
concurrency_n10_20260613_002350_kafka_feed7_rep1,kafka,sb-events-n10-feed7-rep1,1,4686,21166750200,daf13775-c709-498f-a1b5-f6b9e146db6b,3895060,200,16.666666666666668,4517489888,3895060:daf13775-c709-498f-a1b5-f6b9e146db6b,1,False
concurrency_n10_20260613_002350_kafka_feed7_rep1,kafka,sb-events-n10-feed7-rep1,0,4525,21175830100,7da92d0e-971c-43dd-a7f3-2511b29bd57f,3895121,200,16.666666666666668,4517489888,3895121:7da92d0e-971c-43dd-a7f3-2511b29bd57f,1,False
concurrency_n10_20260613_002350_kafka_feed7_rep1,kafka,sb-events-n10-feed7-rep1,2,4678,21176825800,3adbde33-f5f6-4f4b-8ab0-7aa75bb49341,3895107,200,16.666666666666668,4517489888,3895107:3adbde33-f5f6-4f4b-8ab0-7aa75bb49341,1,False
concurrency_n10_20260613_002350_kafka_feed7_rep1,kafka,sb-events-n10-feed7-rep1,0,4526,21192101600,bad0945f-7f75-4d9a-9ecc-997bda22be9c,3895086,200,16.666666666666668,4517489888,3895086:bad0945f-7f75-4d9a-9ecc-997bda22be9c,1,False
concurrency_n10_20260613_002350_kafka_feed7_rep1,kafka,sb-events-n10-feed7-rep1,2,4679,21192141100,f2328187-8156-42f2-97a7-2ee0ffb6a3b9,3895107,200,16.666666666666668,4517489888,3895107:f2328187-8156-42f2-97a7-2ee0ffb6a3b9,1,False
concurrency_n10_20260613_002350_kafka_feed7_rep1,kafka,sb-events-n10-feed7-rep1,0,4527,21205837300,2fd34664-260c-48de-9436-1a04d57e369d,3895134,200,16.666666666666668,4517489888,3895134:2fd34664-260c-48de-9436-1a04d57e369d,1,False
concurrency_n10_20260613_002350_kafka_feed7_rep1,kafka,sb-events-n10-feed7-rep1,2,4680,21205884900,06e900b7-542e-477d-8696-c42d71038ca4,3895107,200,16.666666666666668,4517489888,3895107:06e900b7-542e-477d-8696-c42d71038ca4,1,False
concurrency_n10_20260613_002350_kafka_feed7_rep1,kafka,sb-events-n10-feed7-rep1,0,4528,21218461900,a063c968-204d-444d-ba8e-b8defaed5422,3895052,200,16.666666666666668,4517489888,3895052:a063c968-204d-444d-ba8e-b8defaed5422,1,False
concurrency_n10_20260613_002350_kafka_feed7_rep1,kafka,sb-events-n10-feed7-rep1,2,4681,21218511100,1e6bcd21-4a17-4a02-8027-ef9f77b3cd2d,3895121,201,16.75,4518184333,3895121:1e6bcd21-4a17-4a02-8027-ef9f77b3cd2d,1,False
concurrency_n10_20260613_002350_kafka_feed7_rep1,kafka,sb-events-n10-feed7-rep1,1,4687,21224261700,ee5e48bc-8faf-4832-b825-5991970ce338,3895074,201,16.75,4518184333,3895074:ee5e48bc-8faf-4832-b825-5991970ce338,1,False
concurrency_n10_20260613_002350_kafka_feed7_rep1,kafka,sb-events-n10-feed7-rep1,0,4529,21224303100,62ea6343-6d67-40a5-bc8a-5a677b785307,3895074,201,16.75,4518184333,3895074:62ea6343-6d67-40a5-bc8a-5a677b785307,1,False
concurrency_n10_20260613_002350_kafka_feed7_rep1,kafka,sb-events-n10-feed7-rep1,2,4682,21235299800,a91e8210-91ec-44f0-98f4-9e05c3a0fe3d,3895074,201,16.75,4518184333,3895074:a91e8210-91ec-44f0-98f4-9e05c3a0fe3d,1,False
concurrency_n10_20260613_002350_kafka_feed7_rep1,kafka,sb-events-n10-feed7-rep1,1,4688,21235347800,0239eda8-4ff5-4d7a-bcda-1cf186225f81,3895074,201,16.75,4518184333,3895074:0239eda8-4ff5-4d7a-bcda-1cf186225f81,1,False
concurrency_n10_20260613_002350_kafka_feed7_rep1,kafka,sb-events-n10-feed7-rep1,1,4689,21241572100,0995d99a-e32a-425d-8268-3a85ae939a7a,3895086,201,16.75,4518184333,3895086:0995d99a-e32a-425d-8268-3a85ae939a7a,1,False
concurrency_n10_20260613_002350_kafka_feed7_rep1,kafka,sb-events-n10-feed7-rep1,2,4683,21259020700,f4da8ee3-57ce-431e-adab-2750f84a0ac2,3895086,201,16.75,4518184333,3895086:f4da8ee3-57ce-431e-adab-2750f84a0ac2,1,False
concurrency_n10_20260613_002350_kafka_feed7_rep1,kafka,sb-events-n10-feed7-rep1,1,4690,21259068200,e9e37024-1acc-4745-9fec-1a15723ba7a9,3895107,201,16.75,4518184333,3895107:e9e37024-1acc-4745-9fec-1a15723ba7a9,1,False
concurrency_n10_20260613_002350_kafka_feed7_rep1,kafka,sb-events-n10-feed7-rep1,0,4530,21272636000,239ffa71-f8ac-430e-8b57-e1a2b538fdca,3895086,201,16.75,4518184333,3895086:239ffa71-f8ac-430e-8b57-e1a2b538fdca,1,False
concurrency_n10_20260613_002350_kafka_feed7_rep1,kafka,sb-events-n10-feed7-rep1,2,4684,21272691600,6737edef-f7b9-4344-a16c-41753531e22c,3895086,201,16.75,4518184333,3895086:6737edef-f7b9-4344-a16c-41753531e22c,1,False
concurrency_n10_20260613_002350_kafka_feed7_rep1,kafka,sb-events-n10-feed7-rep1,1,4691,21272717400,ba29c511-5821-4bd5-9891-5b1eeabd18d0,3895052,201,16.75,4518184333,3895052:ba29c511-5821-4bd5-9891-5b1eeabd18d0,1,False
concurrency_n10_20260613_002350_kafka_feed7_rep1,kafka,sb-events-n10-feed7-rep1,1,4692,21272739100,f06ec916-de24-4b51-9778-0f0264c35cca,3895052,201,16.75,4518184333,3895052:f06ec916-de24-4b51-9778-0f0264c35cca,1,False
concurrency_n10_20260613_002350_kafka_feed7_rep1,kafka,sb-events-n10-feed7-rep1,0,4531,21283386500,ed6a802e-8bd2-43f0-bd58-f3bb52d354f7,3895060,202,16.833333333333332,4518878777,3895060:ed6a802e-8bd2-43f0-bd58-f3bb52d354f7,1,False
concurrency_n10_20260613_002350_kafka_feed7_rep1,kafka,sb-events-n10-feed7-rep1,2,4685,21283450500,fa6fea07-6678-424c-ad05-f279a528bd28,3895060,202,16.833333333333332,4518878777,3895060:fa6fea07-6678-424c-ad05-f279a528bd28,1,False
concurrency_n10_20260613_002350_kafka_feed7_rep1,kafka,sb-events-n10-feed7-rep1,1,4693,21297667300,30056cad-6fc9-480e-9270-daebd609d4a8,3895060,202,16.833333333333332,4518878777,3895060:30056cad-6fc9-480e-9270-daebd609d4a8,1,False
concurrency_n10_20260613_002350_kafka_feed7_rep1,kafka,sb-events-n10-feed7-rep1,0,4532,21307026700,9ffe785f-f42b-456b-aef5-a1bc558439dc,3895121,202,16.833333333333332,4518878777,3895121:9ffe785f-f42b-456b-aef5-a1bc558439dc,1,False
concurrency_n10_20260613_002350_kafka_feed7_rep1,kafka,sb-events-n10-feed7-rep1,2,4686,21307162000,922394ef-ca71-4347-b37a-b990f0c16a4d,3895121,202,16.833333333333332,4518878777,3895121:922394ef-ca71-4347-b37a-b990f0c16a4d,1,False
concurrency_n10_20260613_002350_kafka_feed7_rep1,kafka,sb-events-n10-feed7-rep1,0,4533,21313748700,130afcba-4b16-4de4-a0d4-ec8ebb6487c6,3895107,202,16.833333333333332,4518878777,3895107:130afcba-4b16-4de4-a0d4-ec8ebb6487c6,1,False
concurrency_n10_20260613_002350_kafka_feed7_rep1,kafka,sb-events-n10-feed7-rep1,0,4534,21329444900,5b85a3a5-887a-40b3-85b4-bea0b41e5148,3895134,202,16.833333333333332,4518878777,3895134:5b85a3a5-887a-40b3-85b4-bea0b41e5148,1,False
concurrency_n10_20260613_002350_kafka_feed7_rep1,kafka,sb-events-n10-feed7-rep1,1,4694,21337816400,8b72d96d-ed9a-4019-a678-f7fa7ec57707,3895134,202,16.833333333333332,4518878777,3895134:8b72d96d-ed9a-4019-a678-f7fa7ec57707,1,False
concurrency_n10_20260613_002350_kafka_feed7_rep1,kafka,sb-events-n10-feed7-rep1,2,4687,21337881200,20998e8c-81f3-41ca-b066-dfe4b384009c,3895107,202,16.833333333333332,4518878777,3895107:20998e8c-81f3-41ca-b066-dfe4b384009c,1,False
concurrency_n10_20260613_002350_kafka_feed7_rep1,kafka,sb-events-n10-feed7-rep1,1,4695,21358707400,5a280f38-320a-4d59-ba8a-cb4ed45fc8ec,3895067,203,16.916666666666668,4519573222,3895067:5a280f38-320a-4d59-ba8a-cb4ed45fc8ec,1,False
concurrency_n10_20260613_002350_kafka_feed7_rep1,kafka,sb-events-n10-feed7-rep1,0,4535,21369470700,8414b06d-1085-489c-9e8a-bb5990ee652e,3895060,203,16.916666666666668,4519573222,3895060:8414b06d-1085-489c-9e8a-bb5990ee652e,1,False
concurrency_n10_20260613_002350_kafka_feed7_rep1,kafka,sb-events-n10-feed7-rep1,2,4688,21369522800,cc2d56f3-55b0-498b-89c6-488bb332eb26,3895107,203,16.916666666666668,4519573222,3895107:cc2d56f3-55b0-498b-89c6-488bb332eb26,1,False
concurrency_n10_20260613_002350_kafka_feed7_rep1,kafka,sb-events-n10-feed7-rep1,1,4696,21369595200,c0d373dd-6241-4116-b046-4a379fa4065b,3895134,203,16.916666666666668,4519573222,3895134:c0d373dd-6241-4116-b046-4a379fa4065b,1,False
concurrency_n10_20260613_002350_kafka_feed7_rep1,kafka,sb-events-n10-feed7-rep1,0,4536,21386951000,704a7634-3317-4d13-946a-2c30d8b4e2db,3895067,204,17.0,4520267666,3895067:704a7634-3317-4d13-946a-2c30d8b4e2db,1,False
concurrency_n10_20260613_002350_kafka_feed7_rep1,kafka,sb-events-n10-feed7-rep1,2,4689,21386995400,d97f0ae0-eb7e-4fcd-9920-59ce25e17182,3895067,204,17.0,4520267666,3895067:d97f0ae0-eb7e-4fcd-9920-59ce25e17182,1,False
concurrency_n10_20260613_002350_kafka_feed7_rep1,kafka,sb-events-n10-feed7-rep1,1,4697,21387017100,8e2f0d5f-76bc-4074-9c9c-6db01ed09340,3895067,204,17.0,4520267666,3895067:8e2f0d5f-76bc-4074-9c9c-6db01ed09340,1,False
concurrency_n10_20260613_002350_kafka_feed7_rep1,kafka,sb-events-n10-feed7-rep1,2,4690,21391358500,38a4ff68-015b-423e-a8f5-6ff82897e961,3895060,204,17.0,4520267666,3895060:38a4ff68-015b-423e-a8f5-6ff82897e961,1,False
concurrency_n10_20260613_002350_kafka_feed7_rep1,kafka,sb-events-n10-feed7-rep1,0,4537,21402951400,104a2a5f-f42f-45e3-a0be-0b607ce6ef8d,3895060,204,17.0,4520267666,3895060:104a2a5f-f42f-45e3-a0be-0b607ce6ef8d,1,False
concurrency_n10_20260613_002350_kafka_feed7_rep1,kafka,sb-events-n10-feed7-rep1,2,4691,21403015700,0a87405c-ee48-434a-9258-ff48a830c91b,3895060,204,17.0,4520267666,3895060:0a87405c-ee48-434a-9258-ff48a830c91b,1,False
concurrency_n10_20260613_002350_kafka_feed7_rep1,kafka,sb-events-n10-feed7-rep1,1,4698,21417370100,795c31a8-defb-40c2-b50c-8c64e3ace87a,3895121,204,17.0,4520267666,3895121:795c31a8-defb-40c2-b50c-8c64e3ace87a,1,False
concurrency_n10_20260613_002350_kafka_feed7_rep1,kafka,sb-events-n10-feed7-rep1,1,4699,21417413700,7b2b97e5-514f-4ee7-852f-e97c2bf0ab46,3895121,204,17.0,4520267666,3895121:7b2b97e5-514f-4ee7-852f-e97c2bf0ab46,1,False
concurrency_n10_20260613_002350_kafka_feed7_rep1,kafka,sb-events-n10-feed7-rep1,2,4692,21425542400,fddd59c2-b0a0-4602-8c9f-b01f08a4df91,3895121,204,17.0,4520267666,3895121:fddd59c2-b0a0-4602-8c9f-b01f08a4df91,1,False
concurrency_n10_20260613_002350_kafka_feed7_rep1,kafka,sb-events-n10-feed7-rep1,2,4693,21425616300,faa7b2e9-52ce-4f10-9f35-89d48cfcdbff,3895107,204,17.0,4520267666,3895107:faa7b2e9-52ce-4f10-9f35-89d48cfcdbff,1,False
concurrency_n10_20260613_002350_kafka_feed7_rep1,kafka,sb-events-n10-feed7-rep1,2,4694,21425644500,18b078eb-e5e4-4ac5-9a56-e5ae180c4cde,3895107,204,17.0,4520267666,3895107:18b078eb-e5e4-4ac5-9a56-e5ae180c4cde,1,False
concurrency_n10_20260613_002350_kafka_feed7_rep1,kafka,sb-events-n10-feed7-rep1,1,4700,21433788800,e4a00a28-311e-44fc-b9e7-a030e7f36a37,3895074,205,17.083333333333332,4520962111,3895074:e4a00a28-311e-44fc-b9e7-a030e7f36a37,1,False
concurrency_n10_20260613_002350_kafka_feed7_rep1,kafka,sb-events-n10-feed7-rep1,2,4695,21433837000,f586872d-11e2-4192-8560-ca5b871d9a0d,3895086,205,17.083333333333332,4520962111,3895086:f586872d-11e2-4192-8560-ca5b871d9a0d,1,False
concurrency_n10_20260613_002350_kafka_feed7_rep1,kafka,sb-events-n10-feed7-rep1,1,4701,21456662000,6c17d90b-75bc-4b72-8b30-16eb020400c5,3895086,205,17.083333333333332,4520962111,3895086:6c17d90b-75bc-4b72-8b30-16eb020400c5,1,False
concurrency_n10_20260613_002350_kafka_feed7_rep1,kafka,sb-events-n10-feed7-rep1,0,4538,21474352400,fca572a5-4cbf-4682-b722-f491b76bbe7a,3895067,206,17.166666666666668,4521656555,3895067:fca572a5-4cbf-4682-b722-f491b76bbe7a,1,False
concurrency_n10_20260613_002350_kafka_feed7_rep1,kafka,sb-events-n10-feed7-rep1,0,4539,21474404400,730f71ea-4842-43ed-93d4-c4e8bd167f84,3895107,206,17.166666666666668,4521656555,3895107:730f71ea-4842-43ed-93d4-c4e8bd167f84,1,False
concurrency_n10_20260613_002350_kafka_feed7_rep1,kafka,sb-events-n10-feed7-rep1,2,4696,21474435900,cf6f5f44-46a4-43e7-89f0-3e0871418c79,3895134,205,17.083333333333332,4520962111,3895134:cf6f5f44-46a4-43e7-89f0-3e0871418c79,1,False
concurrency_n10_20260613_002350_kafka_feed7_rep1,kafka,sb-events-n10-feed7-rep1,2,4697,21474460600,854c2dd7-f927-4e0c-97db-cf2836aef39b,3895086,205,17.083333333333332,4520962111,3895086:854c2dd7-f927-4e0c-97db-cf2836aef39b,1,False
concurrency_n10_20260613_002350_kafka_feed7_rep1,kafka,sb-events-n10-feed7-rep1,1,4702,21474482300,b2990b07-2c4a-499c-ad6b-d3f86fcbf923,3895134,205,17.083333333333332,4520962111,3895134:b2990b07-2c4a-499c-ad6b-d3f86fcbf923,1,False
concurrency_n10_20260613_002350_kafka_feed7_rep1,kafka,sb-events-n10-feed7-rep1,1,4703,21474511300,469750b6-7b77-448a-a6eb-0c08c4120fb2,3895107,205,17.083333333333332,4520962111,3895107:469750b6-7b77-448a-a6eb-0c08c4120fb2,1,False
concurrency_n10_20260613_002350_kafka_feed7_rep1,kafka,sb-events-n10-feed7-rep1,0,4540,21484790000,fdfdbc2b-100b-4a25-8e40-f841713eaa5c,3895107,206,17.166666666666668,4521656555,3895107:fdfdbc2b-100b-4a25-8e40-f841713eaa5c,1,False
concurrency_n10_20260613_002350_kafka_feed7_rep1,kafka,sb-events-n10-feed7-rep1,0,4541,21484868300,d032e8c5-0027-4255-9ebc-8a92fe3b1428,3895107,206,17.166666666666668,4521656555,3895107:d032e8c5-0027-4255-9ebc-8a92fe3b1428,1,False
concurrency_n10_20260613_002350_kafka_feed7_rep1,kafka,sb-events-n10-feed7-rep1,2,4698,21499634300,006c33a6-6491-4858-96d7-48ef5b8c5f9a,3895107,206,17.166666666666668,4521656555,3895107:006c33a6-6491-4858-96d7-48ef5b8c5f9a,1,False
concurrency_n10_20260613_002350_kafka_feed7_rep1,kafka,sb-events-n10-feed7-rep1,1,4704,21499697100,5a93556c-aeea-4cf1-a648-348fcba497cc,3895074,207,17.25,4522351000,3895074:5a93556c-aeea-4cf1-a648-348fcba497cc,1,False
concurrency_n10_20260613_002350_kafka_feed7_rep1,kafka,sb-events-n10-feed7-rep1,1,4705,21510583500,3507a2bb-88cf-4224-a566-3ccd25feb313,3895074,207,17.25,4522351000,3895074:3507a2bb-88cf-4224-a566-3ccd25feb313,1,False
concurrency_n10_20260613_002350_kafka_feed7_rep1,kafka,sb-events-n10-feed7-rep1,1,4706,21510643800,f8bcfd72-54ce-48f9-b066-488fb1cff269,3895113,207,17.25,4522351000,3895113:f8bcfd72-54ce-48f9-b066-488fb1cff269,1,False
concurrency_n10_20260613_002350_kafka_feed7_rep1,kafka,sb-events-n10-feed7-rep1,1,4707,21526171700,0bb9b15a-2163-4b58-a1aa-b32213d88edf,3895113,207,17.25,4522351000,3895113:0bb9b15a-2163-4b58-a1aa-b32213d88edf,1,False
concurrency_n10_20260613_002350_kafka_feed7_rep1,kafka,sb-events-n10-feed7-rep1,0,4542,21542054000,a869407d-c350-49ee-a923-7fc80a69164b,3895107,207,17.25,4522351000,3895107:a869407d-c350-49ee-a923-7fc80a69164b,1,False
concurrency_n10_20260613_002350_kafka_feed7_rep1,kafka,sb-events-n10-feed7-rep1,0,4543,21542094300,f5cb25b6-6bac-4cf2-a23e-bf00aa9fe0a2,3895060,208,17.333333333333332,4523045444,3895060:f5cb25b6-6bac-4cf2-a23e-bf00aa9fe0a2,1,False
concurrency_n10_20260613_002350_kafka_feed7_rep1,kafka,sb-events-n10-feed7-rep1,2,4699,21542117300,555457d4-fdf7-4d31-ba9f-163ef1fa44cf,3895060,208,17.333333333333332,4523045444,3895060:555457d4-fdf7-4d31-ba9f-163ef1fa44cf,1,False
concurrency_n10_20260613_002350_kafka_feed7_rep1,kafka,sb-events-n10-feed7-rep1,1,4708,21542136900,6a46486a-caf4-4944-9898-6c401f82df2a,3895107,207,17.25,4522351000,3895107:6a46486a-caf4-4944-9898-6c401f82df2a,1,False
concurrency_n10_20260613_002350_kafka_feed7_rep1,kafka,sb-events-n10-feed7-rep1,2,4700,21553070300,606cbe57-a568-4e08-aa74-b89bd94f0b0d,3895074,208,17.333333333333332,4523045444,3895074:606cbe57-a568-4e08-aa74-b89bd94f0b0d,1,False
concurrency_n10_20260613_002350_kafka_feed7_rep1,kafka,sb-events-n10-feed7-rep1,1,4709,21553114700,19fc26e3-e2cd-4b33-8685-6855e3cba0d0,3895113,208,17.333333333333332,4523045444,3895113:19fc26e3-e2cd-4b33-8685-6855e3cba0d0,1,False
concurrency_n10_20260613_002350_kafka_feed7_rep1,kafka,sb-events-n10-feed7-rep1,2,4701,21559878700,26c4a926-4865-4d01-8e8b-bac1887ad37c,3895113,208,17.333333333333332,4523045444,3895113:26c4a926-4865-4d01-8e8b-bac1887ad37c,1,False
concurrency_n10_20260613_002350_kafka_feed7_rep1,kafka,sb-events-n10-feed7-rep1,0,4544,21577406200,04599be4-bb7c-4eaf-a3ff-bf64dd1387e3,3895113,208,17.333333333333332,4523045444,3895113:04599be4-bb7c-4eaf-a3ff-bf64dd1387e3,1,False
concurrency_n10_20260613_002350_kafka_feed7_rep1,kafka,sb-events-n10-feed7-rep1,1,4710,21590116200,9719df55-b7b8-4c59-8bff-7836593b60db,3895052,208,17.333333333333332,4523045444,3895052:9719df55-b7b8-4c59-8bff-7836593b60db,1,False
concurrency_n10_20260613_002350_kafka_feed7_rep1,kafka,sb-events-n10-feed7-rep1,1,4711,21590193400,b7290de5-2a10-4d8a-a1a8-0e2b15375389,3895086,208,17.333333333333332,4523045444,3895086:b7290de5-2a10-4d8a-a1a8-0e2b15375389,1,False
concurrency_n10_20260613_002350_kafka_feed7_rep1,kafka,sb-events-n10-feed7-rep1,2,4702,21590224900,4d1d6542-05df-4c99-9ee1-4fc448d04be3,3895086,208,17.333333333333332,4523045444,3895086:4d1d6542-05df-4c99-9ee1-4fc448d04be3,1,False
concurrency_n10_20260613_002350_kafka_feed7_rep1,kafka,sb-events-n10-feed7-rep1,0,4545,21590251000,4258a04b-4181-4823-b873-53c15c996900,3895086,208,17.333333333333332,4523045444,3895086:4258a04b-4181-4823-b873-53c15c996900,1,False
concurrency_n10_20260613_002350_kafka_feed7_rep1,kafka,sb-events-n10-feed7-rep1,1,4712,21596562000,d64c9e2b-97e5-44a9-8b6c-f04d5a513555,3895074,209,17.416666666666668,4523739888,3895074:d64c9e2b-97e5-44a9-8b6c-f04d5a513555,1,False
concurrency_n10_20260613_002350_kafka_feed7_rep1,kafka,sb-events-n10-feed7-rep1,2,4703,21610021100,93fa55a4-e47d-46f3-ad8a-56d96f4f49e9,3895074,209,17.416666666666668,4523739888,3895074:93fa55a4-e47d-46f3-ad8a-56d96f4f49e9,1,False
concurrency_n10_20260613_002350_kafka_feed7_rep1,kafka,sb-events-n10-feed7-rep1,1,4713,21625850800,4be842db-8609-483d-b4f7-44b716327f31,3895074,209,17.416666666666668,4523739888,3895074:4be842db-8609-483d-b4f7-44b716327f31,1,False
concurrency_n10_20260613_002350_kafka_feed7_rep1,kafka,sb-events-n10-feed7-rep1,1,4714,21625900900,13720ec3-e32a-441f-b0df-ff023e7b6d7a,3895113,209,17.416666666666668,4523739888,3895113:13720ec3-e32a-441f-b0df-ff023e7b6d7a,1,False
concurrency_n10_20260613_002350_kafka_feed7_rep1,kafka,sb-events-n10-feed7-rep1,2,4704,21640331100,19a92bc2-a7fb-4ca4-989f-c23629388f2f,3895113,209,17.416666666666668,4523739888,3895113:19a92bc2-a7fb-4ca4-989f-c23629388f2f,1,False
concurrency_n10_20260613_002350_kafka_feed7_rep1,kafka,sb-events-n10-feed7-rep1,2,4705,21640458000,b935b96c-0415-4c16-89fd-78aa77b5a5c3,3895113,209,17.416666666666668,4523739888,3895113:b935b96c-0415-4c16-89fd-78aa77b5a5c3,1,False
concurrency_n10_20260613_002350_kafka_feed7_rep1,kafka,sb-events-n10-feed7-rep1,2,4706,21640485100,cdda1d46-0250-4c23-8f29-ce4dab162b4f,3895134,209,17.416666666666668,4523739888,3895134:cdda1d46-0250-4c23-8f29-ce4dab162b4f,1,False
concurrency_n10_20260613_002350_kafka_feed7_rep1,kafka,sb-events-n10-feed7-rep1,0,4546,21647896600,570d413f-e9ef-4233-be62-293f256249c7,3895052,209,17.416666666666668,4523739888,3895052:570d413f-e9ef-4233-be62-293f256249c7,1,False
concurrency_n10_20260613_002350_kafka_feed7_rep1,kafka,sb-events-n10-feed7-rep1,1,4715,21647956400,5b787a90-5908-442c-948c-798530d53b46,3895052,209,17.416666666666668,4523739888,3895052:5b787a90-5908-442c-948c-798530d53b46,1,False
concurrency_n10_20260613_002350_kafka_feed7_rep1,kafka,sb-events-n10-feed7-rep1,0,4547,21660710900,4bb1ab04-da7c-4321-9d6a-95c972ef344b,3895086,209,17.416666666666668,4523739888,3895086:4bb1ab04-da7c-4321-9d6a-95c972ef344b,1,False
concurrency_n10_20260613_002350_kafka_feed7_rep1,kafka,sb-events-n10-feed7-rep1,1,4716,21660776100,97ef2d61-cf0c-471f-8a42-5bfe3262fef9,3895086,209,17.416666666666668,4523739888,3895086:97ef2d61-cf0c-471f-8a42-5bfe3262fef9,1,False
concurrency_n10_20260613_002350_kafka_feed7_rep1,kafka,sb-events-n10-feed7-rep1,2,4707,21672048900,239820ad-e7f1-40cb-a928-1cfe1679be04,3895134,210,17.5,4524434333,3895134:239820ad-e7f1-40cb-a928-1cfe1679be04,1,False
concurrency_n10_20260613_002350_kafka_feed7_rep1,kafka,sb-events-n10-feed7-rep1,0,4548,21672096600,9267cb15-62bc-4b7f-a3c3-c6b40cc52a6a,3895113,210,17.5,4524434333,3895113:9267cb15-62bc-4b7f-a3c3-c6b40cc52a6a,1,False
concurrency_n10_20260613_002350_kafka_feed7_rep1,kafka,sb-events-n10-feed7-rep1,1,4717,21688647400,a2b0fac8-412f-4cb6-9667-0773efa73656,3895113,210,17.5,4524434333,3895113:a2b0fac8-412f-4cb6-9667-0773efa73656,1,False
concurrency_n10_20260613_002350_kafka_feed7_rep1,kafka,sb-events-n10-feed7-rep1,1,4718,21688693500,f61695ae-1555-43e1-8510-28e0b90b24e6,3895134,210,17.5,4524434333,3895134:f61695ae-1555-43e1-8510-28e0b90b24e6,1,False
concurrency_n10_20260613_002350_kafka_feed7_rep1,kafka,sb-events-n10-feed7-rep1,2,4708,21688718700,68e1846d-61ff-468c-a399-ffb99c8d7222,3895134,210,17.5,4524434333,3895134:68e1846d-61ff-468c-a399-ffb99c8d7222,1,False
concurrency_n10_20260613_002350_kafka_feed7_rep1,kafka,sb-events-n10-feed7-rep1,1,4719,21702786200,7639e7d7-5107-41b0-8fe1-04a1f8217001,3895086,210,17.5,4524434333,3895086:7639e7d7-5107-41b0-8fe1-04a1f8217001,1,False
concurrency_n10_20260613_002350_kafka_feed7_rep1,kafka,sb-events-n10-feed7-rep1,2,4709,21702827700,b4096be6-9255-486d-85ef-fb1f82c24839,3895086,210,17.5,4524434333,3895086:b4096be6-9255-486d-85ef-fb1f82c24839,1,False
concurrency_n10_20260613_002350_kafka_feed7_rep1,kafka,sb-events-n10-feed7-rep1,1,4720,21710897600,9b52a8fd-9c5c-4293-8259-7ec03f352235,3895107,210,17.5,4524434333,3895107:9b52a8fd-9c5c-4293-8259-7ec03f352235,1,False
concurrency_n10_20260613_002350_kafka_feed7_rep1,kafka,sb-events-n10-feed7-rep1,2,4710,21711025000,5f9b6b59-8a14-499f-884b-87313d1ddc01,3895086,210,17.5,4524434333,3895086:5f9b6b59-8a14-499f-884b-87313d1ddc01,1,False
concurrency_n10_20260613_002350_kafka_feed7_rep1,kafka,sb-events-n10-feed7-rep1,2,4711,21722171200,79126be9-b946-4db5-9e70-c0ea00b5d931,3895086,210,17.5,4524434333,3895086:79126be9-b946-4db5-9e70-c0ea00b5d931,1,False
concurrency_n10_20260613_002350_kafka_feed7_rep1,kafka,sb-events-n10-feed7-rep1,2,4712,21722218400,71a926aa-c491-4365-8962-c40080f63fc7,3895060,211,17.583333333333332,4525128777,3895060:71a926aa-c491-4365-8962-c40080f63fc7,1,False
concurrency_n10_20260613_002350_kafka_feed7_rep1,kafka,sb-events-n10-feed7-rep1,1,4721,21736496000,62826bb6-cd29-4a46-8c39-b821f1ffa487,3895113,211,17.583333333333332,4525128777,3895113:62826bb6-cd29-4a46-8c39-b821f1ffa487,1,False
concurrency_n10_20260613_002350_kafka_feed7_rep1,kafka,sb-events-n10-feed7-rep1,2,4713,21736784700,afd87378-26f0-4ddc-b981-bf98a48e8363,3895113,211,17.583333333333332,4525128777,3895113:afd87378-26f0-4ddc-b981-bf98a48e8363,1,False
concurrency_n10_20260613_002350_kafka_feed7_rep1,kafka,sb-events-n10-feed7-rep1,0,4549,21744478100,2866550d-a28c-47d4-96c3-4bfb70dc24b3,3895134,211,17.583333333333332,4525128777,3895134:2866550d-a28c-47d4-96c3-4bfb70dc24b3,1,False
concurrency_n10_20260613_002350_kafka_feed7_rep1,kafka,sb-events-n10-feed7-rep1,1,4722,21744531300,6a500abf-1afa-42d0-8321-40d31eb3fc9b,3895113,211,17.583333333333332,4525128777,3895113:6a500abf-1afa-42d0-8321-40d31eb3fc9b,1,False
concurrency_n10_20260613_002350_kafka_feed7_rep1,kafka,sb-events-n10-feed7-rep1,2,4714,21758488000,4a13e529-c528-425f-bc58-c94138612ed7,3895134,211,17.583333333333332,4525128777,3895134:4a13e529-c528-425f-bc58-c94138612ed7,1,False
concurrency_n10_20260613_002350_kafka_feed7_rep1,kafka,sb-events-n10-feed7-rep1,1,4723,21758598100,d18ac035-ae5f-403f-9a29-8c95cb4c9a98,3895107,211,17.583333333333332,4525128777,3895107:d18ac035-ae5f-403f-9a29-8c95cb4c9a98,1,False
concurrency_n10_20260613_002350_kafka_feed7_rep1,kafka,sb-events-n10-feed7-rep1,0,4550,21773176500,f018ba31-3864-4bbd-b90b-5aba86ec11fb,3895067,212,17.666666666666668,4525823222,3895067:f018ba31-3864-4bbd-b90b-5aba86ec11fb,1,False
concurrency_n10_20260613_002350_kafka_feed7_rep1,kafka,sb-events-n10-feed7-rep1,1,4724,21773224300,b33bd1db-ae78-4fe9-868f-2497d774e37b,3895107,211,17.583333333333332,4525128777,3895107:b33bd1db-ae78-4fe9-868f-2497d774e37b,1,False
concurrency_n10_20260613_002350_kafka_feed7_rep1,kafka,sb-events-n10-feed7-rep1,1,4725,21773257700,42646d1f-6ac6-47cf-91e9-5902162f9945,3895067,212,17.666666666666668,4525823222,3895067:42646d1f-6ac6-47cf-91e9-5902162f9945,1,False
concurrency_n10_20260613_002350_kafka_feed7_rep1,kafka,sb-events-n10-feed7-rep1,2,4715,21780148500,6814a9dc-5fb8-4566-b386-654ab7b93302,3895113,212,17.666666666666668,4525823222,3895113:6814a9dc-5fb8-4566-b386-654ab7b93302,1,False
concurrency_n10_20260613_002350_kafka_feed7_rep1,kafka,sb-events-n10-feed7-rep1,1,4726,21789063600,3382d742-d5a5-471e-9108-83ef9eec6586,3895134,212,17.666666666666668,4525823222,3895134:3382d742-d5a5-471e-9108-83ef9eec6586,1,False
concurrency_n10_20260613_002350_kafka_feed7_rep1,kafka,sb-events-n10-feed7-rep1,0,4551,21814440900,fbfe8ca5-7c5c-45b7-98af-4a38bc6a58c0,3895134,212,17.666666666666668,4525823222,3895134:fbfe8ca5-7c5c-45b7-98af-4a38bc6a58c0,1,False
concurrency_n10_20260613_002350_kafka_feed7_rep1,kafka,sb-events-n10-feed7-rep1,2,4716,21814491000,7bfcca6d-5cb1-42ff-966a-0c3ecfb1a8b1,3895086,212,17.666666666666668,4525823222,3895086:7bfcca6d-5cb1-42ff-966a-0c3ecfb1a8b1,1,False
concurrency_n10_20260613_002350_kafka_feed7_rep1,kafka,sb-events-n10-feed7-rep1,1,4727,21824866300,201204b4-ddca-4e95-879d-5ea29aeab663,3895086,212,17.666666666666668,4525823222,3895086:201204b4-ddca-4e95-879d-5ea29aeab663,1,False
concurrency_n10_20260613_002350_kafka_feed7_rep1,kafka,sb-events-n10-feed7-rep1,0,4552,21824965300,bf4cb337-a622-4e43-9a61-3920c8482d90,3895086,212,17.666666666666668,4525823222,3895086:bf4cb337-a622-4e43-9a61-3920c8482d90,1,False
concurrency_n10_20260613_002350_kafka_feed7_rep1,kafka,sb-events-n10-feed7-rep1,0,4553,21825037000,32e37a91-895f-44df-9efa-f0f03cdb0c4f,3895107,212,17.666666666666668,4525823222,3895107:32e37a91-895f-44df-9efa-f0f03cdb0c4f,1,False
concurrency_n10_20260613_002350_kafka_feed7_rep1,kafka,sb-events-n10-feed7-rep1,2,4717,21825063900,84ec7ad7-a2e5-4993-9fc8-c0d48a121d5f,3895086,212,17.666666666666668,4525823222,3895086:84ec7ad7-a2e5-4993-9fc8-c0d48a121d5f,1,False
concurrency_n10_20260613_002350_kafka_feed7_rep1,kafka,sb-events-n10-feed7-rep1,2,4718,21825087200,da0d2ca8-0650-47d0-8bf6-ff69268155fa,3895107,212,17.666666666666668,4525823222,3895107:da0d2ca8-0650-47d0-8bf6-ff69268155fa,1,False
concurrency_n10_20260613_002350_kafka_feed7_rep1,kafka,sb-events-n10-feed7-rep1,1,4728,21838247300,b29c3caf-f291-487b-beb4-72c6aca45001,3895113,213,17.75,4526517666,3895113:b29c3caf-f291-487b-beb4-72c6aca45001,1,False
concurrency_n10_20260613_002350_kafka_feed7_rep1,kafka,sb-events-n10-feed7-rep1,2,4719,21838295800,ddf078ee-315b-435b-ac43-e33e19103b6a,3895113,213,17.75,4526517666,3895113:ddf078ee-315b-435b-ac43-e33e19103b6a,1,False
concurrency_n10_20260613_002350_kafka_feed7_rep1,kafka,sb-events-n10-feed7-rep1,2,4720,21838323100,84d35a0c-988c-4977-8841-814426dca458,3895086,213,17.75,4526517666,3895086:84d35a0c-988c-4977-8841-814426dca458,1,False
concurrency_n10_20260613_002350_kafka_feed7_rep1,kafka,sb-events-n10-feed7-rep1,0,4554,21852830000,9bcffd13-f0d8-4e1d-ba3b-73bcb59832fe,3895067,214,17.833333333333332,4527212111,3895067:9bcffd13-f0d8-4e1d-ba3b-73bcb59832fe,1,False
concurrency_n10_20260613_002350_kafka_feed7_rep1,kafka,sb-events-n10-feed7-rep1,0,4555,21852874700,a3f06e72-c4ae-4963-a365-b410eb92d1d0,3895067,214,17.833333333333332,4527212111,3895067:a3f06e72-c4ae-4963-a365-b410eb92d1d0,1,False
concurrency_n10_20260613_002350_kafka_feed7_rep1,kafka,sb-events-n10-feed7-rep1,2,4721,21872108400,1425eb5d-7c5a-4987-aab0-f7ff7f3acedc,3895113,214,17.833333333333332,4527212111,3895113:1425eb5d-7c5a-4987-aab0-f7ff7f3acedc,1,False
concurrency_n10_20260613_002350_kafka_feed7_rep1,kafka,sb-events-n10-feed7-rep1,2,4722,21872150800,0f14de1c-8327-414a-834f-c3c395569755,3895107,214,17.833333333333332,4527212111,3895107:0f14de1c-8327-414a-834f-c3c395569755,1,False
concurrency_n10_20260613_002350_kafka_feed7_rep1,kafka,sb-events-n10-feed7-rep1,0,4556,21872173500,b15b063c-fba0-4b35-93e3-12c1ab5450b3,3895052,214,17.833333333333332,4527212111,3895052:b15b063c-fba0-4b35-93e3-12c1ab5450b3,1,False
concurrency_n10_20260613_002350_kafka_feed7_rep1,kafka,sb-events-n10-feed7-rep1,1,4729,21880799500,67c684b6-21b0-4bca-a0f4-3bd1a85e22a6,3895107,214,17.833333333333332,4527212111,3895107:67c684b6-21b0-4bca-a0f4-3bd1a85e22a6,1,False
concurrency_n10_20260613_002350_kafka_feed7_rep1,kafka,sb-events-n10-feed7-rep1,2,4723,21880846600,6027d630-8427-4341-9c7a-6b0b930e7fa6,3895107,214,17.833333333333332,4527212111,3895107:6027d630-8427-4341-9c7a-6b0b930e7fa6,1,False
concurrency_n10_20260613_002350_kafka_feed7_rep1,kafka,sb-events-n10-feed7-rep1,0,4557,21891778700,c4297aed-1578-4f7d-b3d7-84dda385543a,3895107,214,17.833333333333332,4527212111,3895107:c4297aed-1578-4f7d-b3d7-84dda385543a,1,False
concurrency_n10_20260613_002350_kafka_feed7_rep1,kafka,sb-events-n10-feed7-rep1,0,4558,21891828900,ff873195-aa1c-4298-8568-dce7bf70b436,3895134,215,17.916666666666668,4527906555,3895134:ff873195-aa1c-4298-8568-dce7bf70b436,1,False
concurrency_n10_20260613_002350_kafka_feed7_rep1,kafka,sb-events-n10-feed7-rep1,1,4730,21891860300,d28de1d9-1e74-4c52-9ddc-06e3482170e7,3895067,215,17.916666666666668,4527906555,3895067:d28de1d9-1e74-4c52-9ddc-06e3482170e7,1,False
concurrency_n10_20260613_002350_kafka_feed7_rep1,kafka,sb-events-n10-feed7-rep1,2,4724,21908018100,1a822961-d503-4596-8ec9-1bc05cad3460,3895113,215,17.916666666666668,4527906555,3895113:1a822961-d503-4596-8ec9-1bc05cad3460,1,False
concurrency_n10_20260613_002350_kafka_feed7_rep1,kafka,sb-events-n10-feed7-rep1,0,4559,21908066900,d4f8880a-988d-4749-a014-2e6b53254c19,3895134,215,17.916666666666668,4527906555,3895134:d4f8880a-988d-4749-a014-2e6b53254c19,1,False
concurrency_n10_20260613_002350_kafka_feed7_rep1,kafka,sb-events-n10-feed7-rep1,0,4560,21908096200,cd89e398-e369-46dc-a7d4-4117da82031c,3895086,215,17.916666666666668,4527906555,3895086:cd89e398-e369-46dc-a7d4-4117da82031c,1,False
concurrency_n10_20260613_002350_kafka_feed7_rep1,kafka,sb-events-n10-feed7-rep1,1,4731,21917474500,8db50a50-2ec9-42fc-b4cc-d13dc6589780,3895086,215,17.916666666666668,4527906555,3895086:8db50a50-2ec9-42fc-b4cc-d13dc6589780,1,False
concurrency_n10_20260613_002350_kafka_feed7_rep1,kafka,sb-events-n10-feed7-rep1,1,4732,21931566400,84e78054-b076-42f7-bc12-ff47c8e945fa,3895086,215,17.916666666666668,4527906555,3895086:84e78054-b076-42f7-bc12-ff47c8e945fa,1,False
concurrency_n10_20260613_002350_kafka_feed7_rep1,kafka,sb-events-n10-feed7-rep1,2,4725,21939391000,effc07b6-46d7-43a9-8648-38c71c70a9a8,3895086,215,17.916666666666668,4527906555,3895086:effc07b6-46d7-43a9-8648-38c71c70a9a8,1,False
concurrency_n10_20260613_002350_kafka_feed7_rep1,kafka,sb-events-n10-feed7-rep1,0,4561,21939500500,52a2e3c3-a9c4-4501-a1b4-4d8cb93d42a4,3895067,216,18.0,4528601000,3895067:52a2e3c3-a9c4-4501-a1b4-4d8cb93d42a4,1,False
concurrency_n10_20260613_002350_kafka_feed7_rep1,kafka,sb-events-n10-feed7-rep1,1,4733,21950788300,4866a692-7e59-4811-a95d-c7173eeb85fe,3895052,216,18.0,4528601000,3895052:4866a692-7e59-4811-a95d-c7173eeb85fe,1,False
concurrency_n10_20260613_002350_kafka_feed7_rep1,kafka,sb-events-n10-feed7-rep1,2,4726,21950828300,9ad7ef2d-3ff8-4405-ae02-356ff60ae4b8,3895067,216,18.0,4528601000,3895067:9ad7ef2d-3ff8-4405-ae02-356ff60ae4b8,1,False
concurrency_n10_20260613_002350_kafka_feed7_rep1,kafka,sb-events-n10-feed7-rep1,0,4562,21955251800,9b6cc51b-41c3-44f2-b430-c1cdea81a90b,3895052,216,18.0,4528601000,3895052:9b6cc51b-41c3-44f2-b430-c1cdea81a90b,1,False
concurrency_n10_20260613_002350_kafka_feed7_rep1,kafka,sb-events-n10-feed7-rep1,0,4563,21955369600,9d7289ce-6be1-4143-a8b3-500601193388,3895052,216,18.0,4528601000,3895052:9d7289ce-6be1-4143-a8b3-500601193388,1,False
concurrency_n10_20260613_002350_kafka_feed7_rep1,kafka,sb-events-n10-feed7-rep1,2,4727,21965738900,3b23f496-60ff-4fba-ba75-148e46a67145,3895107,216,18.0,4528601000,3895107:3b23f496-60ff-4fba-ba75-148e46a67145,1,False
concurrency_n10_20260613_002350_kafka_feed7_rep1,kafka,sb-events-n10-feed7-rep1,0,4564,21965800500,737abe3b-aa88-491c-a52d-b8c487a82f4d,3895107,216,18.0,4528601000,3895107:737abe3b-aa88-491c-a52d-b8c487a82f4d,1,False
concurrency_n10_20260613_002350_kafka_feed7_rep1,kafka,sb-events-n10-feed7-rep1,1,4734,21974776900,2b193e7e-db6f-47bc-aa3d-669b3558e349,3895086,216,18.0,4528601000,3895086:2b193e7e-db6f-47bc-aa3d-669b3558e349,1,False
concurrency_n10_20260613_002350_kafka_feed7_rep1,kafka,sb-events-n10-feed7-rep1,0,4565,21981451300,6c368dc2-0542-452b-b5e5-92eac02be8eb,3895107,216,18.0,4528601000,3895107:6c368dc2-0542-452b-b5e5-92eac02be8eb,1,False
concurrency_n10_20260613_002350_kafka_feed7_rep1,kafka,sb-events-n10-feed7-rep1,0,4566,21981906700,82247b75-13da-4c3e-8b3b-8065f32b78b8,3895086,216,18.0,4528601000,3895086:82247b75-13da-4c3e-8b3b-8065f32b78b8,1,False
concurrency_n10_20260613_002350_kafka_feed7_rep1,kafka,sb-events-n10-feed7-rep1,1,4735,21992757300,9ed80495-b704-41b7-8b60-d8810f21b41a,3895086,216,18.0,4528601000,3895086:9ed80495-b704-41b7-8b60-d8810f21b41a,1,False
concurrency_n10_20260613_002350_kafka_feed7_rep1,kafka,sb-events-n10-feed7-rep1,0,4567,22003412900,a0cfcf0d-f03d-46ec-8dcc-194639d0c715,3895052,217,18.08333333333333,4529295444,3895052:a0cfcf0d-f03d-46ec-8dcc-194639d0c715,1,False
concurrency_n10_20260613_002350_kafka_feed7_rep1,kafka,sb-events-n10-feed7-rep1,2,4728,22016541900,f9c9fee3-cf79-49ac-9ad2-61b7b2b70ba6,3895113,217,18.08333333333333,4529295444,3895113:f9c9fee3-cf79-49ac-9ad2-61b7b2b70ba6,1,False
concurrency_n10_20260613_002350_kafka_feed7_rep1,kafka,sb-events-n10-feed7-rep1,1,4736,22016599100,4b21d046-f779-4e7c-99c5-f2eee961332c,3895052,217,18.08333333333333,4529295444,3895052:4b21d046-f779-4e7c-99c5-f2eee961332c,1,False
concurrency_n10_20260613_002350_kafka_feed7_rep1,kafka,sb-events-n10-feed7-rep1,2,4729,22027522700,759d33c3-6e07-4e8d-ac38-cd66fee1a93d,3895113,217,18.08333333333333,4529295444,3895113:759d33c3-6e07-4e8d-ac38-cd66fee1a93d,1,False
concurrency_n10_20260613_002350_kafka_feed7_rep1,kafka,sb-events-n10-feed7-rep1,2,4730,22027563300,7c486de8-3484-44cd-9325-e0bdadc0adde,3895086,217,18.08333333333333,4529295444,3895086:7c486de8-3484-44cd-9325-e0bdadc0adde,1,False
concurrency_n10_20260613_002350_kafka_feed7_rep1,kafka,sb-events-n10-feed7-rep1,2,4731,22034214200,697de738-1ddd-4a69-a641-ed6e57aa15ca,3895086,217,18.08333333333333,4529295444,3895086:697de738-1ddd-4a69-a641-ed6e57aa15ca,1,False
concurrency_n10_20260613_002350_kafka_feed7_rep1,kafka,sb-events-n10-feed7-rep1,0,4568,22051064700,f9bff61d-0d29-4680-ac6c-4a1f22f13c91,3895052,218,18.166666666666668,4529989888,3895052:f9bff61d-0d29-4680-ac6c-4a1f22f13c91,1,False
concurrency_n10_20260613_002350_kafka_feed7_rep1,kafka,sb-events-n10-feed7-rep1,1,4737,22051111400,b16a70eb-a994-4ce1-b690-c2b190dc53b3,3895067,218,18.166666666666668,4529989888,3895067:b16a70eb-a994-4ce1-b690-c2b190dc53b3,1,False
concurrency_n10_20260613_002350_kafka_feed7_rep1,kafka,sb-events-n10-feed7-rep1,2,4732,22051136300,9d5a3faa-7ecb-4013-ba26-df5791af290b,3895052,218,18.166666666666668,4529989888,3895052:9d5a3faa-7ecb-4013-ba26-df5791af290b,1,False
concurrency_n10_20260613_002350_kafka_feed7_rep1,kafka,sb-events-n10-feed7-rep1,1,4738,22069731000,2f6d0952-ddfa-48dd-9012-82b7ed01fb05,3895134,218,18.166666666666668,4529989888,3895134:2f6d0952-ddfa-48dd-9012-82b7ed01fb05,1,False
concurrency_n10_20260613_002350_kafka_feed7_rep1,kafka,sb-events-n10-feed7-rep1,1,4739,22069793400,00901f4d-0730-42c8-8f1d-033622de7271,3895134,218,18.166666666666668,4529989888,3895134:00901f4d-0730-42c8-8f1d-033622de7271,1,False
concurrency_n10_20260613_002350_kafka_feed7_rep1,kafka,sb-events-n10-feed7-rep1,2,4733,22069825700,0bbc4516-a191-4b32-8e92-939ac38cf11b,3895134,218,18.166666666666668,4529989888,3895134:0bbc4516-a191-4b32-8e92-939ac38cf11b,1,False
concurrency_n10_20260613_002350_kafka_feed7_rep1,kafka,sb-events-n10-feed7-rep1,0,4569,22075209400,0cb25576-201c-4a78-a596-00de3fef253a,3895134,218,18.166666666666668,4529989888,3895134:0cb25576-201c-4a78-a596-00de3fef253a,1,False
concurrency_n10_20260613_002350_kafka_feed7_rep1,kafka,sb-events-n10-feed7-rep1,2,4734,22075246400,c506cd0d-1f5b-444a-94b3-eb29d05bef57,3895067,219,18.25,4530684333,3895067:c506cd0d-1f5b-444a-94b3-eb29d05bef57,1,False
concurrency_n10_20260613_002350_kafka_feed7_rep1,kafka,sb-events-n10-feed7-rep1,0,4570,22084384000,a8c0d779-a323-4652-980a-c22ae4f20204,3895074,219,18.25,4530684333,3895074:a8c0d779-a323-4652-980a-c22ae4f20204,1,False
concurrency_n10_20260613_002350_kafka_feed7_rep1,kafka,sb-events-n10-feed7-rep1,2,4735,22084423100,fd56f5f1-17ec-498b-9a96-d4b52d2940cc,3895067,219,18.25,4530684333,3895067:fd56f5f1-17ec-498b-9a96-d4b52d2940cc,1,False
concurrency_n10_20260613_002350_kafka_feed7_rep1,kafka,sb-events-n10-feed7-rep1,1,4740,22089378000,6eba3fdc-1e7b-4669-a60e-a2bf7c9c96fe,3895052,219,18.25,4530684333,3895052:6eba3fdc-1e7b-4669-a60e-a2bf7c9c96fe,1,False
concurrency_n10_20260613_002350_kafka_feed7_rep1,kafka,sb-events-n10-feed7-rep1,2,4736,22099444600,3e42c418-9417-42a7-ad68-351e0e79f13e,3895052,219,18.25,4530684333,3895052:3e42c418-9417-42a7-ad68-351e0e79f13e,1,False
concurrency_n10_20260613_002350_kafka_feed7_rep1,kafka,sb-events-n10-feed7-rep1,1,4741,22109389000,b576f3fc-25f9-41b4-acbe-d50795eb237b,3895134,219,18.25,4530684333,3895134:b576f3fc-25f9-41b4-acbe-d50795eb237b,1,False
concurrency_n10_20260613_002350_kafka_feed7_rep1,kafka,sb-events-n10-feed7-rep1,1,4742,22109434700,91238aa1-991a-43f5-b2e8-791de16a6e6d,3895134,219,18.25,4530684333,3895134:91238aa1-991a-43f5-b2e8-791de16a6e6d,1,False
concurrency_n10_20260613_002350_kafka_feed7_rep1,kafka,sb-events-n10-feed7-rep1,1,4743,22109459200,95ca5c4c-b90a-48aa-938f-b9cf437c66d4,3895134,219,18.25,4530684333,3895134:95ca5c4c-b90a-48aa-938f-b9cf437c66d4,1,False
concurrency_n10_20260613_002350_kafka_feed7_rep1,kafka,sb-events-n10-feed7-rep1,2,4737,22117977300,1f7b9fa4-26f2-46d7-87a3-5fb28d91f8df,3895086,219,18.25,4530684333,3895086:1f7b9fa4-26f2-46d7-87a3-5fb28d91f8df,1,False
concurrency_n10_20260613_002350_kafka_feed7_rep1,kafka,sb-events-n10-feed7-rep1,1,4744,22118035200,15a5bdbb-29ea-4562-be43-cc71f22d37a2,3895067,220,18.33333333333333,4531378777,3895067:15a5bdbb-29ea-4562-be43-cc71f22d37a2,1,False
concurrency_n10_20260613_002350_kafka_feed7_rep1,kafka,sb-events-n10-feed7-rep1,0,4571,22126687800,bccd8c47-0541-4ee3-b82f-9e67fec67685,3895074,220,18.33333333333333,4531378777,3895074:bccd8c47-0541-4ee3-b82f-9e67fec67685,1,False
concurrency_n10_20260613_002350_kafka_feed7_rep1,kafka,sb-events-n10-feed7-rep1,2,4738,22126735400,b6aac65b-a04a-44bf-b4cf-1f16b6de6536,3895074,220,18.33333333333333,4531378777,3895074:b6aac65b-a04a-44bf-b4cf-1f16b6de6536,1,False
concurrency_n10_20260613_002350_kafka_feed7_rep1,kafka,sb-events-n10-feed7-rep1,0,4572,22137638000,8cb6c1bb-9279-48f1-b6ad-94a0df91cd4b,3895074,220,18.33333333333333,4531378777,3895074:8cb6c1bb-9279-48f1-b6ad-94a0df91cd4b,1,False
concurrency_n10_20260613_002350_kafka_feed7_rep1,kafka,sb-events-n10-feed7-rep1,1,4745,22145925900,1e7a833e-5cc5-45e1-8e8a-777177080f36,3895134,220,18.33333333333333,4531378777,3895134:1e7a833e-5cc5-45e1-8e8a-777177080f36,1,False
concurrency_n10_20260613_002350_kafka_feed7_rep1,kafka,sb-events-n10-feed7-rep1,2,4739,22146136300,f32c59c0-240e-42e9-8069-8810d8e67cfd,3895086,220,18.33333333333333,4531378777,3895086:f32c59c0-240e-42e9-8069-8810d8e67cfd,1,False
concurrency_n10_20260613_002350_kafka_feed7_rep1,kafka,sb-events-n10-feed7-rep1,1,4746,22153907300,d5f683d9-9d90-4c1e-b87b-b33b5413b8e7,3895086,220,18.33333333333333,4531378777,3895086:d5f683d9-9d90-4c1e-b87b-b33b5413b8e7,1,False
concurrency_n10_20260613_002350_kafka_feed7_rep1,kafka,sb-events-n10-feed7-rep1,2,4740,22153954900,e8c6da09-655a-4bf7-b2eb-0fc030baaa8d,3895067,221,18.416666666666668,4532073222,3895067:e8c6da09-655a-4bf7-b2eb-0fc030baaa8d,1,False
concurrency_n10_20260613_002350_kafka_feed7_rep1,kafka,sb-events-n10-feed7-rep1,0,4573,22161865800,4aedbc0a-02ad-4a1e-a658-3ffdbdf44e9a,3895067,221,18.416666666666668,4532073222,3895067:4aedbc0a-02ad-4a1e-a658-3ffdbdf44e9a,1,False
concurrency_n10_20260613_002350_kafka_feed7_rep1,kafka,sb-events-n10-feed7-rep1,0,4574,22161904100,d02f67c1-7b6c-473c-b7a3-b95039112785,3895067,221,18.416666666666668,4532073222,3895067:d02f67c1-7b6c-473c-b7a3-b95039112785,1,False
concurrency_n10_20260613_002350_kafka_feed7_rep1,kafka,sb-events-n10-feed7-rep1,1,4747,22170227500,ec09950a-6639-4067-a881-504bad1855c3,3895074,221,18.416666666666668,4532073222,3895074:ec09950a-6639-4067-a881-504bad1855c3,1,False
concurrency_n10_20260613_002350_kafka_feed7_rep1,kafka,sb-events-n10-feed7-rep1,0,4575,22170269800,a9de5d14-4077-4efa-bdef-93a5dfe13ee5,3895074,221,18.416666666666668,4532073222,3895074:a9de5d14-4077-4efa-bdef-93a5dfe13ee5,1,False
concurrency_n10_20260613_002350_kafka_feed7_rep1,kafka,sb-events-n10-feed7-rep1,0,4576,22175200500,bd15630a-3c02-4c22-9769-4be927977952,3895074,221,18.416666666666668,4532073222,3895074:bd15630a-3c02-4c22-9769-4be927977952,1,False
concurrency_n10_20260613_002350_kafka_feed7_rep1,kafka,sb-events-n10-feed7-rep1,1,4748,22180010600,49febf50-2306-4c19-a94e-c8c9bdac5e80,3895052,221,18.416666666666668,4532073222,3895052:49febf50-2306-4c19-a94e-c8c9bdac5e80,1,False
concurrency_n10_20260613_002350_kafka_feed7_rep1,kafka,sb-events-n10-feed7-rep1,2,4741,22186806500,efb1609c-eb3b-4cc6-b617-6491e121da08,3895113,221,18.416666666666668,4532073222,3895113:efb1609c-eb3b-4cc6-b617-6491e121da08,1,False
concurrency_n10_20260613_002350_kafka_feed7_rep1,kafka,sb-events-n10-feed7-rep1,0,4577,22192083000,d3b4d9da-a36c-486b-8bf2-be36d0654638,3895052,221,18.416666666666668,4532073222,3895052:d3b4d9da-a36c-486b-8bf2-be36d0654638,1,False
concurrency_n10_20260613_002350_kafka_feed7_rep1,kafka,sb-events-n10-feed7-rep1,2,4742,22207620800,68eaf4af-0687-45a2-a2ed-83fb312ec606,3895134,221,18.416666666666668,4532073222,3895134:68eaf4af-0687-45a2-a2ed-83fb312ec606,1,False
concurrency_n10_20260613_002350_kafka_feed7_rep1,kafka,sb-events-n10-feed7-rep1,2,4743,22207678600,46d8d187-f75a-4cac-adb4-c815388da2ab,3895134,221,18.416666666666668,4532073222,3895134:46d8d187-f75a-4cac-adb4-c815388da2ab,1,False
concurrency_n10_20260613_002350_kafka_feed7_rep1,kafka,sb-events-n10-feed7-rep1,0,4578,22215556000,44e5fbc3-8f44-4f10-9a3f-808ec330cdb3,3895074,222,18.5,4532767666,3895074:44e5fbc3-8f44-4f10-9a3f-808ec330cdb3,1,False
concurrency_n10_20260613_002350_kafka_feed7_rep1,kafka,sb-events-n10-feed7-rep1,2,4744,22215680500,ec9ce405-e079-4a8e-9b40-92f04fe5a165,3895113,222,18.5,4532767666,3895113:ec9ce405-e079-4a8e-9b40-92f04fe5a165,1,False
concurrency_n10_20260613_002350_kafka_feed7_rep1,kafka,sb-events-n10-feed7-rep1,0,4579,22220735600,b8d67360-7f6b-4662-a00d-fed1eb6f1ba6,3895052,222,18.5,4532767666,3895052:b8d67360-7f6b-4662-a00d-fed1eb6f1ba6,1,False
concurrency_n10_20260613_002350_kafka_feed7_rep1,kafka,sb-events-n10-feed7-rep1,0,4580,22229046600,72b9cec9-3dd7-4af1-bf25-0a2eebf04a58,3895113,222,18.5,4532767666,3895113:72b9cec9-3dd7-4af1-bf25-0a2eebf04a58,1,False
concurrency_n10_20260613_002350_kafka_feed7_rep1,kafka,sb-events-n10-feed7-rep1,1,4749,22239919200,7261a548-7067-4e82-8a86-962feb5db893,3895113,222,18.5,4532767666,3895113:7261a548-7067-4e82-8a86-962feb5db893,1,False
concurrency_n10_20260613_002350_kafka_feed7_rep1,kafka,sb-events-n10-feed7-rep1,1,4750,22239961600,b9c709df-968d-4bf9-b500-02ffcbb3b0e7,3895134,222,18.5,4532767666,3895134:b9c709df-968d-4bf9-b500-02ffcbb3b0e7,1,False
concurrency_n10_20260613_002350_kafka_feed7_rep1,kafka,sb-events-n10-feed7-rep1,2,4745,22254812100,42195328-dbd6-4c26-910e-de4b15538b0f,3895086,222,18.5,4532767666,3895086:42195328-dbd6-4c26-910e-de4b15538b0f,1,False
concurrency_n10_20260613_002350_kafka_feed7_rep1,kafka,sb-events-n10-feed7-rep1,0,4581,22254864700,07f2b7b2-4c41-4472-9cf5-d4da0b98eeda,3895067,223,18.58333333333333,4533462111,3895067:07f2b7b2-4c41-4472-9cf5-d4da0b98eeda,1,False
concurrency_n10_20260613_002350_kafka_feed7_rep1,kafka,sb-events-n10-feed7-rep1,0,4582,22254899800,0a0878a4-ad4c-4683-9ea5-f01aa86197b5,3895067,223,18.58333333333333,4533462111,3895067:0a0878a4-ad4c-4683-9ea5-f01aa86197b5,1,False
concurrency_n10_20260613_002350_kafka_feed7_rep1,kafka,sb-events-n10-feed7-rep1,1,4751,22260710700,117347bf-5b19-4163-9c30-86cbb965d427,3895074,223,18.58333333333333,4533462111,3895074:117347bf-5b19-4163-9c30-86cbb965d427,1,False
concurrency_n10_20260613_002350_kafka_feed7_rep1,kafka,sb-events-n10-feed7-rep1,1,4752,22260783800,612591bc-c324-4919-a995-e3739095e49c,3895113,223,18.58333333333333,4533462111,3895113:612591bc-c324-4919-a995-e3739095e49c,1,False
concurrency_n10_20260613_002350_kafka_feed7_rep1,kafka,sb-events-n10-feed7-rep1,0,4583,22260812500,8e99e685-dd80-45dd-8981-f51bb118dc83,3895074,223,18.58333333333333,4533462111,3895074:8e99e685-dd80-45dd-8981-f51bb118dc83,1,False
concurrency_n10_20260613_002350_kafka_feed7_rep1,kafka,sb-events-n10-feed7-rep1,0,4584,22268322200,2797ae7a-31ad-4d05-82f7-314d6b0d7f0b,3895113,223,18.58333333333333,4533462111,3895113:2797ae7a-31ad-4d05-82f7-314d6b0d7f0b,1,False
concurrency_n10_20260613_002350_kafka_feed7_rep1,kafka,sb-events-n10-feed7-rep1,2,4746,22279017200,921500ef-de3c-4656-8792-6c085c592225,3895134,223,18.58333333333333,4533462111,3895134:921500ef-de3c-4656-8792-6c085c592225,1,False
concurrency_n10_20260613_002350_kafka_feed7_rep1,kafka,sb-events-n10-feed7-rep1,2,4747,22279065100,ac6bb7f3-aed3-4799-9573-acfb89f3b71e,3895134,223,18.58333333333333,4533462111,3895134:ac6bb7f3-aed3-4799-9573-acfb89f3b71e,1,False
concurrency_n10_20260613_002350_kafka_feed7_rep1,kafka,sb-events-n10-feed7-rep1,1,4753,22284034100,f8c6d770-8b1d-4ed6-9a99-24226d8cbdf3,3895134,223,18.58333333333333,4533462111,3895134:f8c6d770-8b1d-4ed6-9a99-24226d8cbdf3,1,False
concurrency_n10_20260613_002350_kafka_feed7_rep1,kafka,sb-events-n10-feed7-rep1,0,4585,22284072700,c36f907d-331e-45b1-b44d-66fc6e330da0,3895134,223,18.58333333333333,4533462111,3895134:c36f907d-331e-45b1-b44d-66fc6e330da0,1,False
concurrency_n10_20260613_002350_kafka_feed7_rep1,kafka,sb-events-n10-feed7-rep1,2,4748,22289325600,30a84c8b-f2f6-42dd-8110-cc61373e72f3,3895067,224,18.666666666666668,4534156555,3895067:30a84c8b-f2f6-42dd-8110-cc61373e72f3,1,False
concurrency_n10_20260613_002350_kafka_feed7_rep1,kafka,sb-events-n10-feed7-rep1,1,4754,22298396500,4beb105f-9c3d-42ce-b3e9-a5ec0bf4ae78,3895074,224,18.666666666666668,4534156555,3895074:4beb105f-9c3d-42ce-b3e9-a5ec0bf4ae78,1,False
concurrency_n10_20260613_002350_kafka_feed7_rep1,kafka,sb-events-n10-feed7-rep1,1,4755,22298460700,36f7128d-31b5-4f4f-b928-79e4bb8363ab,3895052,224,18.666666666666668,4534156555,3895052:36f7128d-31b5-4f4f-b928-79e4bb8363ab,1,False
concurrency_n10_20260613_002350_kafka_feed7_rep1,kafka,sb-events-n10-feed7-rep1,1,4756,22306273900,59f0b2e1-491d-4e57-b6a3-12c2fbbbe40c,3895086,224,18.666666666666668,4534156555,3895086:59f0b2e1-491d-4e57-b6a3-12c2fbbbe40c,1,False
concurrency_n10_20260613_002350_kafka_feed7_rep1,kafka,sb-events-n10-feed7-rep1,0,4586,22313183300,a3d1e34d-213d-496b-b366-c0ffd8acda77,3895086,224,18.666666666666668,4534156555,3895086:a3d1e34d-213d-496b-b366-c0ffd8acda77,1,False
concurrency_n10_20260613_002350_kafka_feed7_rep1,kafka,sb-events-n10-feed7-rep1,2,4749,22313236400,3cdada44-254e-4a8e-afeb-1b005eb7fa46,3895086,224,18.666666666666668,4534156555,3895086:3cdada44-254e-4a8e-afeb-1b005eb7fa46,1,False
concurrency_n10_20260613_002350_kafka_feed7_rep1,kafka,sb-events-n10-feed7-rep1,1,4757,22318318600,a32369fd-1200-449f-80ad-b2af4e7110a2,3895067,225,18.75,4534851000,3895067:a32369fd-1200-449f-80ad-b2af4e7110a2,1,False
concurrency_n10_20260613_002350_kafka_feed7_rep1,kafka,sb-events-n10-feed7-rep1,0,4587,22318361700,312035b9-b0d9-4e96-878f-1b32c7e13c81,3895067,225,18.75,4534851000,3895067:312035b9-b0d9-4e96-878f-1b32c7e13c81,1,False
concurrency_n10_20260613_002350_kafka_feed7_rep1,kafka,sb-events-n10-feed7-rep1,2,4750,22325082500,0dc809b6-6308-4d9c-a41f-545c23bf0589,3895067,225,18.75,4534851000,3895067:0dc809b6-6308-4d9c-a41f-545c23bf0589,1,False
concurrency_n10_20260613_002350_kafka_feed7_rep1,kafka,sb-events-n10-feed7-rep1,1,4758,22333149000,38ad36eb-ec4c-4f83-b317-19f4d1ace560,3895074,225,18.75,4534851000,3895074:38ad36eb-ec4c-4f83-b317-19f4d1ace560,1,False
concurrency_n10_20260613_002350_kafka_feed7_rep1,kafka,sb-events-n10-feed7-rep1,0,4588,22352897000,17c71536-01d7-4a85-a272-2c0a487d2e0a,3895074,225,18.75,4534851000,3895074:17c71536-01d7-4a85-a272-2c0a487d2e0a,1,False
concurrency_n10_20260613_002350_kafka_feed7_rep1,kafka,sb-events-n10-feed7-rep1,2,4751,22352956300,54f5fa44-6b26-4324-908d-f6d7d7266f9c,3895074,225,18.75,4534851000,3895074:54f5fa44-6b26-4324-908d-f6d7d7266f9c,1,False
concurrency_n10_20260613_002350_kafka_feed7_rep1,kafka,sb-events-n10-feed7-rep1,0,4589,22362958400,ccb3fd0e-fe0a-423e-9e61-033b0f21b4bf,3895074,225,18.75,4534851000,3895074:ccb3fd0e-fe0a-423e-9e61-033b0f21b4bf,1,False
concurrency_n10_20260613_002350_kafka_feed7_rep1,kafka,sb-events-n10-feed7-rep1,2,4752,22363021100,a039a837-87cf-4f48-b863-3cea80abbb81,3895074,225,18.75,4534851000,3895074:a039a837-87cf-4f48-b863-3cea80abbb81,1,False
concurrency_n10_20260613_002350_kafka_feed7_rep1,kafka,sb-events-n10-feed7-rep1,2,4753,22373573700,468444c9-5267-4753-a238-4a226dc4ee80,3895074,225,18.75,4534851000,3895074:468444c9-5267-4753-a238-4a226dc4ee80,1,False
concurrency_n10_20260613_002350_kafka_feed7_rep1,kafka,sb-events-n10-feed7-rep1,2,4754,22373613000,72f703c6-b9b4-4edd-88b5-3d0684f2468f,3895052,225,18.75,4534851000,3895052:72f703c6-b9b4-4edd-88b5-3d0684f2468f,1,False
concurrency_n10_20260613_002350_kafka_feed7_rep1,kafka,sb-events-n10-feed7-rep1,0,4590,22384368000,b296ceac-b0af-48e2-98c4-ceff5443fa35,3895052,225,18.75,4534851000,3895052:b296ceac-b0af-48e2-98c4-ceff5443fa35,1,False
concurrency_n10_20260613_002350_kafka_feed7_rep1,kafka,sb-events-n10-feed7-rep1,1,4759,22409165200,55a73469-4b77-43b5-b9ba-67435754b68e,3895067,226,18.83333333333333,4535545444,3895067:55a73469-4b77-43b5-b9ba-67435754b68e,1,False
concurrency_n10_20260613_002350_kafka_feed7_rep1,kafka,sb-events-n10-feed7-rep1,0,4591,22409290500,3f6ce352-2e57-43ff-9619-276a1464f100,3895086,225,18.75,4534851000,3895086:3f6ce352-2e57-43ff-9619-276a1464f100,1,False
concurrency_n10_20260613_002350_kafka_feed7_rep1,kafka,sb-events-n10-feed7-rep1,2,4755,22425565000,7b1f0d68-1df6-4ff3-be96-47942dd2eef6,3895067,226,18.83333333333333,4535545444,3895067:7b1f0d68-1df6-4ff3-be96-47942dd2eef6,1,False
concurrency_n10_20260613_002350_kafka_feed7_rep1,kafka,sb-events-n10-feed7-rep1,1,4760,22425698900,a000cd00-afea-44aa-8120-d29280171b7d,3895067,226,18.83333333333333,4535545444,3895067:a000cd00-afea-44aa-8120-d29280171b7d,1,False
concurrency_n10_20260613_002350_kafka_feed7_rep1,kafka,sb-events-n10-feed7-rep1,1,4761,22425728100,95a18591-415c-424d-a2ff-26070eab2674,3895074,226,18.83333333333333,4535545444,3895074:95a18591-415c-424d-a2ff-26070eab2674,1,False
concurrency_n10_20260613_002350_kafka_feed7_rep1,kafka,sb-events-n10-feed7-rep1,0,4592,22425757700,c969da32-3389-4ceb-86df-e66b125bb8dd,3895074,226,18.83333333333333,4535545444,3895074:c969da32-3389-4ceb-86df-e66b125bb8dd,1,False
concurrency_n10_20260613_002350_kafka_feed7_rep1,kafka,sb-events-n10-feed7-rep1,0,4593,22442786300,a6bde494-d72e-4a63-bc38-9da5141d574f,3895113,226,18.83333333333333,4535545444,3895113:a6bde494-d72e-4a63-bc38-9da5141d574f,1,False
concurrency_n10_20260613_002350_kafka_feed7_rep1,kafka,sb-events-n10-feed7-rep1,0,4594,22442841800,f859cc08-8afc-4e42-9cc2-a8870064f3ac,3895134,226,18.83333333333333,4535545444,3895134:f859cc08-8afc-4e42-9cc2-a8870064f3ac,1,False
concurrency_n10_20260613_002350_kafka_feed7_rep1,kafka,sb-events-n10-feed7-rep1,2,4756,22472556700,7c659f16-3145-4393-96ad-541b504c8f13,3895052,227,18.916666666666668,4536239888,3895052:7c659f16-3145-4393-96ad-541b504c8f13,1,False
concurrency_n10_20260613_002350_kafka_feed7_rep1,kafka,sb-events-n10-feed7-rep1,1,4762,22472597800,6bad8316-afef-4ab2-82b5-b1df55799e71,3895086,226,18.83333333333333,4535545444,3895086:6bad8316-afef-4ab2-82b5-b1df55799e71,1,False
concurrency_n10_20260613_002350_kafka_feed7_rep1,kafka,sb-events-n10-feed7-rep1,1,4763,22472618200,d53b30ec-a2c0-4e13-8619-f7aace475d28,3895052,227,18.916666666666668,4536239888,3895052:d53b30ec-a2c0-4e13-8619-f7aace475d28,1,False
concurrency_n10_20260613_002350_kafka_feed7_rep1,kafka,sb-events-n10-feed7-rep1,0,4595,22472637300,e4a8be8c-78d4-45a8-b457-619f46e37583,3895086,226,18.83333333333333,4535545444,3895086:e4a8be8c-78d4-45a8-b457-619f46e37583,1,False
concurrency_n10_20260613_002350_kafka_feed7_rep1,kafka,sb-events-n10-feed7-rep1,0,4596,22472657200,0a1c6ca1-fe45-44d6-8a4b-a990da408347,3895134,227,18.916666666666668,4536239888,3895134:0a1c6ca1-fe45-44d6-8a4b-a990da408347,1,False
concurrency_n10_20260613_002350_kafka_feed7_rep1,kafka,sb-events-n10-feed7-rep1,2,4757,22481386700,47586e80-e9f8-4582-b670-cac8e08d9eb0,3895086,227,18.916666666666668,4536239888,3895086:47586e80-e9f8-4582-b670-cac8e08d9eb0,1,False
concurrency_n10_20260613_002350_kafka_feed7_rep1,kafka,sb-events-n10-feed7-rep1,0,4597,22481450700,c47782be-c926-4381-96d4-f5e9efe0abe9,3895134,227,18.916666666666668,4536239888,3895134:c47782be-c926-4381-96d4-f5e9efe0abe9,1,False
concurrency_n10_20260613_002350_kafka_feed7_rep1,kafka,sb-events-n10-feed7-rep1,0,4598,22481494000,5c07f5c8-ab9c-4d57-9317-397ed4aba8a3,3895067,228,19.0,4536934333,3895067:5c07f5c8-ab9c-4d57-9317-397ed4aba8a3,1,False
concurrency_n10_20260613_002350_kafka_feed7_rep1,kafka,sb-events-n10-feed7-rep1,0,4599,22481532600,50a3f312-2d69-4e1e-9e47-79f5677c263f,3895074,228,19.0,4536934333,3895074:50a3f312-2d69-4e1e-9e47-79f5677c263f,1,False
concurrency_n10_20260613_002350_kafka_feed7_rep1,kafka,sb-events-n10-feed7-rep1,0,4600,22481564500,2c36e8ae-322c-4007-b05d-b57f0fe9d6dc,3895074,228,19.0,4536934333,3895074:2c36e8ae-322c-4007-b05d-b57f0fe9d6dc,1,False
concurrency_n10_20260613_002350_kafka_feed7_rep1,kafka,sb-events-n10-feed7-rep1,1,4764,22485255700,4628a48d-7c56-4d8d-a8e1-b4406f3e571a,3895074,228,19.0,4536934333,3895074:4628a48d-7c56-4d8d-a8e1-b4406f3e571a,1,False
concurrency_n10_20260613_002350_kafka_feed7_rep1,kafka,sb-events-n10-feed7-rep1,2,4758,22497204900,4545d9b9-3575-48d2-93bd-c69ed8743c82,3895113,228,19.0,4536934333,3895113:4545d9b9-3575-48d2-93bd-c69ed8743c82,1,False
concurrency_n10_20260613_002350_kafka_feed7_rep1,kafka,sb-events-n10-feed7-rep1,0,4601,22503137300,3bf3bf44-8dce-4cd8-8254-46da84e31c6a,3895113,228,19.0,4536934333,3895113:3bf3bf44-8dce-4cd8-8254-46da84e31c6a,1,False
concurrency_n10_20260613_002350_kafka_feed7_rep1,kafka,sb-events-n10-feed7-rep1,2,4759,22503186100,b1930f44-1c66-426c-8ca9-c5c9dc54fb27,3895052,228,19.0,4536934333,3895052:b1930f44-1c66-426c-8ca9-c5c9dc54fb27,1,False
concurrency_n10_20260613_002350_kafka_feed7_rep1,kafka,sb-events-n10-feed7-rep1,1,4765,22509123600,d6f9d7cd-642d-476b-afae-e6d251554cde,3895052,228,19.0,4536934333,3895052:d6f9d7cd-642d-476b-afae-e6d251554cde,1,False
concurrency_n10_20260613_002350_kafka_feed7_rep1,kafka,sb-events-n10-feed7-rep1,2,4760,22509998200,7434581a-1e71-483e-aa97-d221e7fc61aa,3895134,228,19.0,4536934333,3895134:7434581a-1e71-483e-aa97-d221e7fc61aa,1,False
concurrency_n10_20260613_002350_kafka_feed7_rep1,kafka,sb-events-n10-feed7-rep1,1,4766,22517263800,c6f3c9ce-07a4-441b-aa25-f40b9be04368,3895086,228,19.0,4536934333,3895086:c6f3c9ce-07a4-441b-aa25-f40b9be04368,1,False
concurrency_n10_20260613_002350_kafka_feed7_rep1,kafka,sb-events-n10-feed7-rep1,0,4602,22524748800,d410fab2-bcf6-4390-a2ab-2ff03e36ec62,3895086,228,19.0,4536934333,3895086:d410fab2-bcf6-4390-a2ab-2ff03e36ec62,1,False
concurrency_n10_20260613_002350_kafka_feed7_rep1,kafka,sb-events-n10-feed7-rep1,0,4603,22532958900,15c182c8-6cae-4496-b509-7e7c3f68d3d2,3895113,229,19.08333333333333,4537628777,3895113:15c182c8-6cae-4496-b509-7e7c3f68d3d2,1,False
concurrency_n10_20260613_002350_kafka_feed7_rep1,kafka,sb-events-n10-feed7-rep1,1,4767,22545328200,334527b5-620b-4220-940a-a70f543af21a,3895134,229,19.08333333333333,4537628777,3895134:334527b5-620b-4220-940a-a70f543af21a,1,False
concurrency_n10_20260613_002350_kafka_feed7_rep1,kafka,sb-events-n10-feed7-rep1,1,4768,22545371300,1a2997c4-e48f-49ab-8746-f0ca2974c71d,3895086,229,19.08333333333333,4537628777,3895086:1a2997c4-e48f-49ab-8746-f0ca2974c71d,1,False
concurrency_n10_20260613_002350_kafka_feed7_rep1,kafka,sb-events-n10-feed7-rep1,2,4761,22552939800,de8997e6-4537-49ca-8864-3e221f25d628,3895086,229,19.08333333333333,4537628777,3895086:de8997e6-4537-49ca-8864-3e221f25d628,1,False
concurrency_n10_20260613_002350_kafka_feed7_rep1,kafka,sb-events-n10-feed7-rep1,1,4769,22552996700,448ff41d-a99b-4ac1-a39f-321a4e12ec50,3895086,229,19.08333333333333,4537628777,3895086:448ff41d-a99b-4ac1-a39f-321a4e12ec50,1,False
concurrency_n10_20260613_002350_kafka_feed7_rep1,kafka,sb-events-n10-feed7-rep1,0,4604,22559405500,7d559bcd-04a3-4ecc-a6ec-e71530a6e7b4,3895074,230,19.166666666666668,4538323222,3895074:7d559bcd-04a3-4ecc-a6ec-e71530a6e7b4,1,False
concurrency_n10_20260613_002350_kafka_feed7_rep1,kafka,sb-events-n10-feed7-rep1,2,4762,22566161000,52a10b29-fc0a-489b-b798-04e90177816d,3895074,230,19.166666666666668,4538323222,3895074:52a10b29-fc0a-489b-b798-04e90177816d,1,False
concurrency_n10_20260613_002350_kafka_feed7_rep1,kafka,sb-events-n10-feed7-rep1,2,4763,22578424600,85158414-113a-4b03-8a2e-9b694b28122f,3895113,230,19.166666666666668,4538323222,3895113:85158414-113a-4b03-8a2e-9b694b28122f,1,False
concurrency_n10_20260613_002350_kafka_feed7_rep1,kafka,sb-events-n10-feed7-rep1,1,4770,22585122600,8facebaf-e405-4cc1-b901-d9d9622f02ab,3895067,231,19.25,4539017666,3895067:8facebaf-e405-4cc1-b901-d9d9622f02ab,1,False
concurrency_n10_20260613_002350_kafka_feed7_rep1,kafka,sb-events-n10-feed7-rep1,0,4605,22592482900,9536010e-293f-4799-9db5-e6a312a58d4a,3895067,231,19.25,4539017666,3895067:9536010e-293f-4799-9db5-e6a312a58d4a,1,False
concurrency_n10_20260613_002350_kafka_feed7_rep1,kafka,sb-events-n10-feed7-rep1,2,4764,22604463100,449ddc25-2698-4ba2-a9e6-a2ff4369f1c6,3895067,231,19.25,4539017666,3895067:449ddc25-2698-4ba2-a9e6-a2ff4369f1c6,1,False
concurrency_n10_20260613_002350_kafka_feed7_rep1,kafka,sb-events-n10-feed7-rep1,2,4765,22604512900,01de2f19-a51f-4e53-add3-1887e7f141fb,3895052,231,19.25,4539017666,3895052:01de2f19-a51f-4e53-add3-1887e7f141fb,1,False
concurrency_n10_20260613_002350_kafka_feed7_rep1,kafka,sb-events-n10-feed7-rep1,1,4771,22612086400,19409876-d733-4d93-b980-d0743f01ce5e,3895113,231,19.25,4539017666,3895113:19409876-d733-4d93-b980-d0743f01ce5e,1,False
concurrency_n10_20260613_002350_kafka_feed7_rep1,kafka,sb-events-n10-feed7-rep1,0,4606,22612129800,e21a8f4f-eaf7-4772-99da-dfc8385e7a48,3895052,231,19.25,4539017666,3895052:e21a8f4f-eaf7-4772-99da-dfc8385e7a48,1,False
concurrency_n10_20260613_002350_kafka_feed7_rep1,kafka,sb-events-n10-feed7-rep1,2,4766,22623341300,f371672d-0161-4d0a-bd85-c0524dff7741,3895134,231,19.25,4539017666,3895134:f371672d-0161-4d0a-bd85-c0524dff7741,1,False
concurrency_n10_20260613_002350_kafka_feed7_rep1,kafka,sb-events-n10-feed7-rep1,0,4607,22623823500,e3156b87-6ea3-43f7-b7d2-1f7dfd3bff4e,3895134,231,19.25,4539017666,3895134:e3156b87-6ea3-43f7-b7d2-1f7dfd3bff4e,1,False
concurrency_n10_20260613_002350_kafka_feed7_rep1,kafka,sb-events-n10-feed7-rep1,2,4767,22631484400,e3f07b41-a570-490e-9b2c-d972a7cb0edc,3895060,232,19.33333333333333,4539712111,3895060:e3f07b41-a570-490e-9b2c-d972a7cb0edc,1,False
concurrency_n10_20260613_002350_kafka_feed7_rep1,kafka,sb-events-n10-feed7-rep1,0,4608,22631525400,22dfd210-acd0-430e-b4d4-dbc31415e8a1,3895121,232,19.33333333333333,4539712111,3895121:22dfd210-acd0-430e-b4d4-dbc31415e8a1,1,False
concurrency_n10_20260613_002350_kafka_feed7_rep1,kafka,sb-events-n10-feed7-rep1,0,4609,22641075400,d3ca252e-b038-4198-b136-0c36063ef79d,3895113,232,19.33333333333333,4539712111,3895113:d3ca252e-b038-4198-b136-0c36063ef79d,1,False
concurrency_n10_20260613_002350_kafka_feed7_rep1,kafka,sb-events-n10-feed7-rep1,2,4768,22649605000,039192ed-5aed-4e69-8e7e-9928c5c49b7b,3895113,232,19.33333333333333,4539712111,3895113:039192ed-5aed-4e69-8e7e-9928c5c49b7b,1,False
concurrency_n10_20260613_002350_kafka_feed7_rep1,kafka,sb-events-n10-feed7-rep1,0,4610,22649648400,6735caf3-fc12-44cd-842d-99249e4e803e,3895113,232,19.33333333333333,4539712111,3895113:6735caf3-fc12-44cd-842d-99249e4e803e,1,False
concurrency_n10_20260613_002350_kafka_feed7_rep1,kafka,sb-events-n10-feed7-rep1,2,4769,22659059500,444ec23c-e794-4af6-afd2-da112736b5ef,3895113,232,19.33333333333333,4539712111,3895113:444ec23c-e794-4af6-afd2-da112736b5ef,1,False
concurrency_n10_20260613_002350_kafka_feed7_rep1,kafka,sb-events-n10-feed7-rep1,2,4770,22659117600,21f9d66b-f01b-4398-9db0-0028ffa78501,3895113,232,19.33333333333333,4539712111,3895113:21f9d66b-f01b-4398-9db0-0028ffa78501,1,False
concurrency_n10_20260613_002350_kafka_feed7_rep1,kafka,sb-events-n10-feed7-rep1,0,4611,22667703500,832d593f-b5f8-4691-98fa-d9d9f13685b7,3895086,232,19.33333333333333,4539712111,3895086:832d593f-b5f8-4691-98fa-d9d9f13685b7,1,False
concurrency_n10_20260613_002350_kafka_feed7_rep1,kafka,sb-events-n10-feed7-rep1,2,4771,22667750200,1207e338-9cd8-4c32-b018-d794ab1f6f07,3895134,232,19.33333333333333,4539712111,3895134:1207e338-9cd8-4c32-b018-d794ab1f6f07,1,False
concurrency_n10_20260613_002350_kafka_feed7_rep1,kafka,sb-events-n10-feed7-rep1,1,4772,22673951900,f52a1065-c29f-4773-a29e-eb4ae86197b2,3895086,232,19.33333333333333,4539712111,3895086:f52a1065-c29f-4773-a29e-eb4ae86197b2,1,False
concurrency_n10_20260613_002350_kafka_feed7_rep1,kafka,sb-events-n10-feed7-rep1,1,4773,22673996000,9d88e8a6-b03e-4292-83bd-f1cc62bae459,3895086,232,19.33333333333333,4539712111,3895086:9d88e8a6-b03e-4292-83bd-f1cc62bae459,1,False
concurrency_n10_20260613_002350_kafka_feed7_rep1,kafka,sb-events-n10-feed7-rep1,2,4772,22674022700,3cea3b14-cd1c-4048-9e22-891601eb58d2,3895086,232,19.33333333333333,4539712111,3895086:3cea3b14-cd1c-4048-9e22-891601eb58d2,1,False
concurrency_n10_20260613_002350_kafka_feed7_rep1,kafka,sb-events-n10-feed7-rep1,2,4773,22679489000,d91e6bd0-fcb3-48b1-b391-00510455eafa,3895086,232,19.33333333333333,4539712111,3895086:d91e6bd0-fcb3-48b1-b391-00510455eafa,1,False
concurrency_n10_20260613_002350_kafka_feed7_rep1,kafka,sb-events-n10-feed7-rep1,1,4774,22687734000,a6a1302d-c9d3-4955-a001-ef2a1c9dab1d,3895060,233,19.416666666666668,4540406555,3895060:a6a1302d-c9d3-4955-a001-ef2a1c9dab1d,1,False
concurrency_n10_20260613_002350_kafka_feed7_rep1,kafka,sb-events-n10-feed7-rep1,2,4774,22687773800,2d56b1ef-11bf-4ad7-a8cc-1667f5893f52,3895067,233,19.416666666666668,4540406555,3895067:2d56b1ef-11bf-4ad7-a8cc-1667f5893f52,1,False
concurrency_n10_20260613_002350_kafka_feed7_rep1,kafka,sb-events-n10-feed7-rep1,1,4775,22699731200,8312772c-29b2-4250-b781-0d4b9206d9af,3895074,233,19.416666666666668,4540406555,3895074:8312772c-29b2-4250-b781-0d4b9206d9af,1,False
concurrency_n10_20260613_002350_kafka_feed7_rep1,kafka,sb-events-n10-feed7-rep1,0,4612,22710140700,2d868feb-58d1-48e7-9275-5deab319b157,3895113,233,19.416666666666668,4540406555,3895113:2d868feb-58d1-48e7-9275-5deab319b157,1,False
concurrency_n10_20260613_002350_kafka_feed7_rep1,kafka,sb-events-n10-feed7-rep1,0,4613,22710184700,a52af03a-9e28-4498-b74d-b084edc0f008,3895086,233,19.416666666666668,4540406555,3895086:a52af03a-9e28-4498-b74d-b084edc0f008,1,False
concurrency_n10_20260613_002350_kafka_feed7_rep1,kafka,sb-events-n10-feed7-rep1,1,4776,22710210300,3a24294f-7eca-4180-9fd3-7eede5a85ff4,3895086,233,19.416666666666668,4540406555,3895086:3a24294f-7eca-4180-9fd3-7eede5a85ff4,1,False
concurrency_n10_20260613_002350_kafka_feed7_rep1,kafka,sb-events-n10-feed7-rep1,0,4614,22715961400,65d4f63b-a154-42e7-b493-e2e11b0ad6eb,3895121,234,19.5,4541101000,3895121:65d4f63b-a154-42e7-b493-e2e11b0ad6eb,1,False
concurrency_n10_20260613_002350_kafka_feed7_rep1,kafka,sb-events-n10-feed7-rep1,1,4777,22716000000,d78fb2cd-3e3c-49e7-af6f-f22ceef30056,3895060,234,19.5,4541101000,3895060:d78fb2cd-3e3c-49e7-af6f-f22ceef30056,1,False
concurrency_n10_20260613_002350_kafka_feed7_rep1,kafka,sb-events-n10-feed7-rep1,2,4775,22722510400,d07958f0-8419-4028-89fe-fa3e4ef76e64,3895121,234,19.5,4541101000,3895121:d07958f0-8419-4028-89fe-fa3e4ef76e64,1,False
concurrency_n10_20260613_002350_kafka_feed7_rep1,kafka,sb-events-n10-feed7-rep1,2,4776,22722574700,88df104f-f29f-4e20-9e74-ce85b77d671f,3895067,234,19.5,4541101000,3895067:88df104f-f29f-4e20-9e74-ce85b77d671f,1,False
concurrency_n10_20260613_002350_kafka_feed7_rep1,kafka,sb-events-n10-feed7-rep1,0,4615,22727235700,e2091aec-e441-4ce1-86de-5822390020ee,3895067,234,19.5,4541101000,3895067:e2091aec-e441-4ce1-86de-5822390020ee,1,False
concurrency_n10_20260613_002350_kafka_feed7_rep1,kafka,sb-events-n10-feed7-rep1,1,4778,22733262000,82831382-fedc-4ae2-b6e3-e03321721a68,3895074,234,19.5,4541101000,3895074:82831382-fedc-4ae2-b6e3-e03321721a68,1,False
concurrency_n10_20260613_002350_kafka_feed7_rep1,kafka,sb-events-n10-feed7-rep1,0,4616,22738719200,ff0b4839-b879-4812-8cd1-fa166e2bb04f,3895074,234,19.5,4541101000,3895074:ff0b4839-b879-4812-8cd1-fa166e2bb04f,1,False
concurrency_n10_20260613_002350_kafka_feed7_rep1,kafka,sb-events-n10-feed7-rep1,1,4779,22738766000,3284298c-aafe-4fca-937f-4f3b6f9d76a0,3895134,234,19.5,4541101000,3895134:3284298c-aafe-4fca-937f-4f3b6f9d76a0,1,False
concurrency_n10_20260613_002350_kafka_feed7_rep1,kafka,sb-events-n10-feed7-rep1,1,4780,22748407000,8988a19a-9299-40b9-9f8f-c462076fcbfb,3895134,234,19.5,4541101000,3895134:8988a19a-9299-40b9-9f8f-c462076fcbfb,1,False
concurrency_n10_20260613_002350_kafka_feed7_rep1,kafka,sb-events-n10-feed7-rep1,2,4777,22759015800,475d3858-2562-4a46-be2f-882479e92794,3895067,235,19.58333333333333,4541795444,3895067:475d3858-2562-4a46-be2f-882479e92794,1,False
concurrency_n10_20260613_002350_kafka_feed7_rep1,kafka,sb-events-n10-feed7-rep1,2,4778,22759058600,2c296ed4-132d-4668-96fd-a53e49c117b0,3895067,235,19.58333333333333,4541795444,3895067:2c296ed4-132d-4668-96fd-a53e49c117b0,1,False
concurrency_n10_20260613_002350_kafka_feed7_rep1,kafka,sb-events-n10-feed7-rep1,2,4779,22759082400,5f5da0d0-9329-4e2d-b288-e6bb963fd023,3895074,235,19.58333333333333,4541795444,3895074:5f5da0d0-9329-4e2d-b288-e6bb963fd023,1,False
concurrency_n10_20260613_002350_kafka_feed7_rep1,kafka,sb-events-n10-feed7-rep1,1,4781,22768313900,0a08da64-24b7-464e-b04a-343c36bc92a6,3895074,235,19.58333333333333,4541795444,3895074:0a08da64-24b7-464e-b04a-343c36bc92a6,1,False
concurrency_n10_20260613_002350_kafka_feed7_rep1,kafka,sb-events-n10-feed7-rep1,1,4782,22768362200,4c13ef4b-f1bc-41ec-bce8-379094aee5ab,3895052,235,19.58333333333333,4541795444,3895052:4c13ef4b-f1bc-41ec-bce8-379094aee5ab,1,False
concurrency_n10_20260613_002350_kafka_feed7_rep1,kafka,sb-events-n10-feed7-rep1,2,4780,22777934400,3b5e8cda-cc8c-4228-ae68-88e99b381f2b,3895113,235,19.58333333333333,4541795444,3895113:3b5e8cda-cc8c-4228-ae68-88e99b381f2b,1,False
concurrency_n10_20260613_002350_kafka_feed7_rep1,kafka,sb-events-n10-feed7-rep1,0,4617,22787978000,f899e1a3-389e-47ee-975a-22a5ede777bf,3895134,235,19.58333333333333,4541795444,3895134:f899e1a3-389e-47ee-975a-22a5ede777bf,1,False
concurrency_n10_20260613_002350_kafka_feed7_rep1,kafka,sb-events-n10-feed7-rep1,1,4783,22788018400,67f6d552-413a-4a2b-b156-b8675b9ac9c5,3895113,235,19.58333333333333,4541795444,3895113:67f6d552-413a-4a2b-b156-b8675b9ac9c5,1,False
concurrency_n10_20260613_002350_kafka_feed7_rep1,kafka,sb-events-n10-feed7-rep1,0,4618,22793197700,621a92b1-0b7d-40fd-8921-c184ff9cfdbe,3895086,235,19.58333333333333,4541795444,3895086:621a92b1-0b7d-40fd-8921-c184ff9cfdbe,1,False
concurrency_n10_20260613_002350_kafka_feed7_rep1,kafka,sb-events-n10-feed7-rep1,1,4784,22793242200,24beaf43-67ff-400b-8afa-5cd95a07ab62,3895086,235,19.58333333333333,4541795444,3895086:24beaf43-67ff-400b-8afa-5cd95a07ab62,1,False
concurrency_n10_20260613_002350_kafka_feed7_rep1,kafka,sb-events-n10-feed7-rep1,2,4781,22808682000,7384369c-7014-41f4-8880-4f2012608234,3895086,235,19.58333333333333,4541795444,3895086:7384369c-7014-41f4-8880-4f2012608234,1,False
concurrency_n10_20260613_002350_kafka_feed7_rep1,kafka,sb-events-n10-feed7-rep1,2,4782,22808760700,31d15b27-69da-4a6b-93d5-8dd5afac6acd,3895067,236,19.666666666666668,4542489888,3895067:31d15b27-69da-4a6b-93d5-8dd5afac6acd,1,False
concurrency_n10_20260613_002350_kafka_feed7_rep1,kafka,sb-events-n10-feed7-rep1,1,4785,22808836300,67ea3f31-5f11-4a03-b848-5ff3d2674b45,3895067,236,19.666666666666668,4542489888,3895067:67ea3f31-5f11-4a03-b848-5ff3d2674b45,1,False
concurrency_n10_20260613_002350_kafka_feed7_rep1,kafka,sb-events-n10-feed7-rep1,0,4619,22813857800,7a5f3edb-7387-472d-9ab8-d44a4ed350ed,3895052,236,19.666666666666668,4542489888,3895052:7a5f3edb-7387-472d-9ab8-d44a4ed350ed,1,False
concurrency_n10_20260613_002350_kafka_feed7_rep1,kafka,sb-events-n10-feed7-rep1,2,4783,22813911400,2524eba6-a951-4f46-9569-e49e95155f38,3895067,236,19.666666666666668,4542489888,3895067:2524eba6-a951-4f46-9569-e49e95155f38,1,False
concurrency_n10_20260613_002350_kafka_feed7_rep1,kafka,sb-events-n10-feed7-rep1,1,4786,22819031400,9ee72651-72db-4196-af2f-388ee1f6a92c,3895052,236,19.666666666666668,4542489888,3895052:9ee72651-72db-4196-af2f-388ee1f6a92c,1,False
concurrency_n10_20260613_002350_kafka_feed7_rep1,kafka,sb-events-n10-feed7-rep1,0,4620,22827442800,bc13fb18-c79a-4285-8048-4ce55d990c06,3895052,236,19.666666666666668,4542489888,3895052:bc13fb18-c79a-4285-8048-4ce55d990c06,1,False
concurrency_n10_20260613_002350_kafka_feed7_rep1,kafka,sb-events-n10-feed7-rep1,2,4784,22837313300,17bce4ec-5124-44a7-9cdc-c4a9006f479a,3895060,237,19.75,4543184333,3895060:17bce4ec-5124-44a7-9cdc-c4a9006f479a,1,False
concurrency_n10_20260613_002350_kafka_feed7_rep1,kafka,sb-events-n10-feed7-rep1,1,4787,22837362000,67cf2441-69b4-4a39-9109-8d399ddba948,3895060,237,19.75,4543184333,3895060:67cf2441-69b4-4a39-9109-8d399ddba948,1,False
concurrency_n10_20260613_002350_kafka_feed7_rep1,kafka,sb-events-n10-feed7-rep1,1,4788,22837385400,f8cfef83-daf1-4d47-814a-75bb359f034b,3895060,237,19.75,4543184333,3895060:f8cfef83-daf1-4d47-814a-75bb359f034b,1,False
concurrency_n10_20260613_002350_kafka_feed7_rep1,kafka,sb-events-n10-feed7-rep1,0,4621,22846643500,41f58863-413b-4533-9b9f-5d6895c280f0,3895121,237,19.75,4543184333,3895121:41f58863-413b-4533-9b9f-5d6895c280f0,1,False
concurrency_n10_20260613_002350_kafka_feed7_rep1,kafka,sb-events-n10-feed7-rep1,2,4785,22858558500,95cf34ad-3378-4698-bd20-49e8851018ae,3895121,237,19.75,4543184333,3895121:95cf34ad-3378-4698-bd20-49e8851018ae,1,False
concurrency_n10_20260613_002350_kafka_feed7_rep1,kafka,sb-events-n10-feed7-rep1,2,4786,22858601200,cab35b0a-ffe6-4065-ad6b-d8b19062647f,3895067,237,19.75,4543184333,3895067:cab35b0a-ffe6-4065-ad6b-d8b19062647f,1,False
concurrency_n10_20260613_002350_kafka_feed7_rep1,kafka,sb-events-n10-feed7-rep1,1,4789,22858621300,48d10da6-9958-476a-ae24-618d673f3fef,3895052,237,19.75,4543184333,3895052:48d10da6-9958-476a-ae24-618d673f3fef,1,False
concurrency_n10_20260613_002350_kafka_feed7_rep1,kafka,sb-events-n10-feed7-rep1,2,4787,22867494100,42bf8a84-34b3-4952-9704-94b1c2001dfc,3895134,237,19.75,4543184333,3895134:42bf8a84-34b3-4952-9704-94b1c2001dfc,1,False
concurrency_n10_20260613_002350_kafka_feed7_rep1,kafka,sb-events-n10-feed7-rep1,2,4788,22867589800,2cfe1a0c-2b31-4742-b48e-3b93d308c6b6,3895134,237,19.75,4543184333,3895134:2cfe1a0c-2b31-4742-b48e-3b93d308c6b6,1,False
concurrency_n10_20260613_002350_kafka_feed7_rep1,kafka,sb-events-n10-feed7-rep1,1,4790,22873685200,d164628f-e788-4811-8838-50ad9ab6f1b4,3895121,238,19.83333333333333,4543878777,3895121:d164628f-e788-4811-8838-50ad9ab6f1b4,1,False
concurrency_n10_20260613_002350_kafka_feed7_rep1,kafka,sb-events-n10-feed7-rep1,2,4789,22873770700,6e9cc2f7-1105-48ac-806c-eebcfaa34ad7,3895086,237,19.75,4543184333,3895086:6e9cc2f7-1105-48ac-806c-eebcfaa34ad7,1,False
concurrency_n10_20260613_002350_kafka_feed7_rep1,kafka,sb-events-n10-feed7-rep1,2,4790,22873797600,cf0330f0-ffa2-47de-b0b8-2c063baff2db,3895086,237,19.75,4543184333,3895086:cf0330f0-ffa2-47de-b0b8-2c063baff2db,1,False
concurrency_n10_20260613_002350_kafka_feed7_rep1,kafka,sb-events-n10-feed7-rep1,1,4791,22878186000,edb91d96-2ccb-46b2-aec1-7a1cba6fcf9c,3895074,238,19.83333333333333,4543878777,3895074:edb91d96-2ccb-46b2-aec1-7a1cba6fcf9c,1,False
concurrency_n10_20260613_002350_kafka_feed7_rep1,kafka,sb-events-n10-feed7-rep1,1,4792,22883877300,eb564566-1ae2-40a0-9c73-edf96768135f,3895074,238,19.83333333333333,4543878777,3895074:eb564566-1ae2-40a0-9c73-edf96768135f,1,False
concurrency_n10_20260613_002350_kafka_feed7_rep1,kafka,sb-events-n10-feed7-rep1,2,4791,22887858500,8b9045a9-99bf-4e9e-83a6-79404c3c903d,3895052,238,19.83333333333333,4543878777,3895052:8b9045a9-99bf-4e9e-83a6-79404c3c903d,1,False
concurrency_n10_20260613_002350_kafka_feed7_rep1,kafka,sb-events-n10-feed7-rep1,2,4792,22892667600,41fd0101-4197-4b4d-adcc-4bb242e5f3f7,3895052,238,19.83333333333333,4543878777,3895052:41fd0101-4197-4b4d-adcc-4bb242e5f3f7,1,False
concurrency_n10_20260613_002350_kafka_feed7_rep1,kafka,sb-events-n10-feed7-rep1,0,4622,22896938200,179f6461-4e11-4750-982b-97b87916e1fe,3895134,238,19.83333333333333,4543878777,3895134:179f6461-4e11-4750-982b-97b87916e1fe,1,False
concurrency_n10_20260613_002350_kafka_feed7_rep1,kafka,sb-events-n10-feed7-rep1,0,4623,22906366500,af4b9e6b-8ec7-4bb9-aeba-23122365bb5c,3895121,239,19.916666666666668,4544573222,3895121:af4b9e6b-8ec7-4bb9-aeba-23122365bb5c,1,False
concurrency_n10_20260613_002350_kafka_feed7_rep1,kafka,sb-events-n10-feed7-rep1,1,4793,22915687600,b565e8cd-c20f-403e-bb34-d4ac7a08c535,3895121,239,19.916666666666668,4544573222,3895121:b565e8cd-c20f-403e-bb34-d4ac7a08c535,1,False
concurrency_n10_20260613_002350_kafka_feed7_rep1,kafka,sb-events-n10-feed7-rep1,2,4793,22925019400,00b7afd1-7acc-4377-8b4a-e0d0216aff3b,3895074,239,19.916666666666668,4544573222,3895074:00b7afd1-7acc-4377-8b4a-e0d0216aff3b,1,False
concurrency_n10_20260613_002350_kafka_feed7_rep1,kafka,sb-events-n10-feed7-rep1,0,4624,22925061700,bb80cd19-9173-41bc-9e42-1475f9a8bedc,3895074,239,19.916666666666668,4544573222,3895074:bb80cd19-9173-41bc-9e42-1475f9a8bedc,1,False
concurrency_n10_20260613_002350_kafka_feed7_rep1,kafka,sb-events-n10-feed7-rep1,2,4794,22936861100,7a8e8174-38ce-41cb-9812-de0614ade9c8,3895074,239,19.916666666666668,4544573222,3895074:7a8e8174-38ce-41cb-9812-de0614ade9c8,1,False
concurrency_n10_20260613_002350_kafka_feed7_rep1,kafka,sb-events-n10-feed7-rep1,0,4625,22936910000,327d219f-afa6-44c2-8514-3b3dce674bd4,3895052,239,19.916666666666668,4544573222,3895052:327d219f-afa6-44c2-8514-3b3dce674bd4,1,False
concurrency_n10_20260613_002350_kafka_feed7_rep1,kafka,sb-events-n10-feed7-rep1,2,4795,22942618700,9db6a916-bdf3-459f-86dd-c6899468b928,3895052,239,19.916666666666668,4544573222,3895052:9db6a916-bdf3-459f-86dd-c6899468b928,1,False
concurrency_n10_20260613_002350_kafka_feed7_rep1,kafka,sb-events-n10-feed7-rep1,0,4626,22942662000,d3237e41-96d0-4919-9186-976c6e93afaf,3895134,239,19.916666666666668,4544573222,3895134:d3237e41-96d0-4919-9186-976c6e93afaf,1,False
concurrency_n10_20260613_002350_kafka_feed7_rep1,kafka,sb-events-n10-feed7-rep1,1,4794,22949841700,15dc8356-9964-4eec-9066-051ee6c2fd74,3895134,239,19.916666666666668,4544573222,3895134:15dc8356-9964-4eec-9066-051ee6c2fd74,1,False
concurrency_n10_20260613_002350_kafka_feed7_rep1,kafka,sb-events-n10-feed7-rep1,2,4796,22949881300,7e027057-82fb-4524-92cb-3b7f7905c581,3895067,240,20.0,4545267666,3895067:7e027057-82fb-4524-92cb-3b7f7905c581,1,False
concurrency_n10_20260613_002350_kafka_feed7_rep1,kafka,sb-events-n10-feed7-rep1,0,4627,22954913600,dd2559b7-b30c-4fec-87d0-7ffdbeb0c320,3895067,240,20.0,4545267666,3895067:dd2559b7-b30c-4fec-87d0-7ffdbeb0c320,1,False
concurrency_n10_20260613_002350_kafka_feed7_rep1,kafka,sb-events-n10-feed7-rep1,0,4628,22954964700,904cbdd0-7559-40c5-93bb-cf32cc4f50a8,3895067,240,20.0,4545267666,3895067:904cbdd0-7559-40c5-93bb-cf32cc4f50a8,1,False
concurrency_n10_20260613_002350_kafka_feed7_rep1,kafka,sb-events-n10-feed7-rep1,0,4629,22966083200,519d9bd4-18d7-4c8e-859b-8d84a572f9b8,3895074,240,20.0,4545267666,3895074:519d9bd4-18d7-4c8e-859b-8d84a572f9b8,1,False
concurrency_n10_20260613_002350_kafka_feed7_rep1,kafka,sb-events-n10-feed7-rep1,1,4795,22976535800,967cced6-9509-4a4f-bc44-d9358a9efdaa,3895113,240,20.0,4545267666,3895113:967cced6-9509-4a4f-bc44-d9358a9efdaa,1,False
concurrency_n10_20260613_002350_kafka_feed7_rep1,kafka,sb-events-n10-feed7-rep1,0,4630,22976630600,de9e7764-87cf-4944-8fe5-2c6487898f77,3895074,240,20.0,4545267666,3895074:de9e7764-87cf-4944-8fe5-2c6487898f77,1,False
concurrency_n10_20260613_002350_kafka_feed7_rep1,kafka,sb-events-n10-feed7-rep1,0,4631,22976655200,bc772473-a54b-4286-ac90-3e7a2cde57cf,3895052,240,20.0,4545267666,3895052:bc772473-a54b-4286-ac90-3e7a2cde57cf,1,False
concurrency_n10_20260613_002350_kafka_feed7_rep1,kafka,sb-events-n10-feed7-rep1,1,4796,22980612000,abf61b42-aee9-42ec-a079-7587daf41665,3895052,240,20.0,4545267666,3895052:abf61b42-aee9-42ec-a079-7587daf41665,1,False
concurrency_n10_20260613_002350_kafka_feed7_rep1,kafka,sb-events-n10-feed7-rep1,2,4797,22991953800,3c451d86-3acc-459b-b147-66e17620685d,3895052,240,20.0,4545267666,3895052:3c451d86-3acc-459b-b147-66e17620685d,1,False
concurrency_n10_20260613_002350_kafka_feed7_rep1,kafka,sb-events-n10-feed7-rep1,0,4632,22992007500,20c87719-4039-4136-a464-0b76bf8fcb95,3895060,241,20.08333333333333,4545962111,3895060:20c87719-4039-4136-a464-0b76bf8fcb95,1,False
concurrency_n10_20260613_002350_kafka_feed7_rep1,kafka,sb-events-n10-feed7-rep1,1,4797,22996636900,1588a4d6-aad6-47b3-be17-ecf187891e80,3895067,241,20.08333333333333,4545962111,3895067:1588a4d6-aad6-47b3-be17-ecf187891e80,1,False
concurrency_n10_20260613_002350_kafka_feed7_rep1,kafka,sb-events-n10-feed7-rep1,2,4798,22996686100,73248c73-24d7-467d-a8a3-c4460a8a8eda,3895052,241,20.08333333333333,4545962111,3895052:73248c73-24d7-467d-a8a3-c4460a8a8eda,1,False
concurrency_n10_20260613_002350_kafka_feed7_rep1,kafka,sb-events-n10-feed7-rep1,1,4798,23004590600,cff9e25c-04ef-48fa-aa6c-7d6793b46550,3895052,241,20.08333333333333,4545962111,3895052:cff9e25c-04ef-48fa-aa6c-7d6793b46550,1,False
concurrency_n10_20260613_002350_kafka_feed7_rep1,kafka,sb-events-n10-feed7-rep1,0,4633,23011667300,f49586a6-6723-4a58-9b32-d8eadb110125,3895134,241,20.08333333333333,4545962111,3895134:f49586a6-6723-4a58-9b32-d8eadb110125,1,False
concurrency_n10_20260613_002350_kafka_feed7_rep1,kafka,sb-events-n10-feed7-rep1,2,4799,23011711600,9cb7e597-9ad0-4bce-86f1-4882ed215819,3895052,241,20.08333333333333,4545962111,3895052:9cb7e597-9ad0-4bce-86f1-4882ed215819,1,False
concurrency_n10_20260613_002350_kafka_feed7_rep1,kafka,sb-events-n10-feed7-rep1,1,4799,23015353700,8d6ddf7f-2405-4ce7-96a1-0ad97911a074,3895134,241,20.08333333333333,4545962111,3895134:8d6ddf7f-2405-4ce7-96a1-0ad97911a074,1,False
concurrency_n10_20260613_002350_kafka_feed7_rep1,kafka,sb-events-n10-feed7-rep1,1,4800,23020647500,bda48638-9908-4088-9089-c5604ab7cb37,3895086,241,20.08333333333333,4545962111,3895086:bda48638-9908-4088-9089-c5604ab7cb37,1,False
concurrency_n10_20260613_002350_kafka_feed7_rep1,kafka,sb-events-n10-feed7-rep1,2,4800,23028681000,8c4605d8-c1d8-4819-966b-e2b5f69c5582,3895086,241,20.08333333333333,4545962111,3895086:8c4605d8-c1d8-4819-966b-e2b5f69c5582,1,False
concurrency_n10_20260613_002350_kafka_feed7_rep1,kafka,sb-events-n10-feed7-rep1,2,4801,23028720000,17edc918-58c1-4c25-82e2-e56f00a0ceb9,3895060,242,20.166666666666668,4546656555,3895060:17edc918-58c1-4c25-82e2-e56f00a0ceb9,1,False
concurrency_n10_20260613_002350_kafka_feed7_rep1,kafka,sb-events-n10-feed7-rep1,2,4802,23034843300,153f64f0-e7c3-4df9-b30e-c334c45657c2,3895060,242,20.166666666666668,4546656555,3895060:153f64f0-e7c3-4df9-b30e-c334c45657c2,1,False
concurrency_n10_20260613_002350_kafka_feed7_rep1,kafka,sb-events-n10-feed7-rep1,1,4801,23044149200,81c7d7f9-a5b4-4ba5-a6f5-cdc5d30a9663,3895060,242,20.166666666666668,4546656555,3895060:81c7d7f9-a5b4-4ba5-a6f5-cdc5d30a9663,1,False
concurrency_n10_20260613_002350_kafka_feed7_rep1,kafka,sb-events-n10-feed7-rep1,1,4802,23044189200,344782cb-77cb-44cb-95d5-763cc7e3e17f,3895121,242,20.166666666666668,4546656555,3895121:344782cb-77cb-44cb-95d5-763cc7e3e17f,1,False
concurrency_n10_20260613_002350_kafka_feed7_rep1,kafka,sb-events-n10-feed7-rep1,1,4803,23052411600,a9cfa2cc-3bde-4ac7-b413-b60eb1dadeed,3895067,242,20.166666666666668,4546656555,3895067:a9cfa2cc-3bde-4ac7-b413-b60eb1dadeed,1,False
concurrency_n10_20260613_002350_kafka_feed7_rep1,kafka,sb-events-n10-feed7-rep1,0,4634,23057084600,c88ef7b9-77a1-4f23-9087-fb0a98a7a192,3895067,242,20.166666666666668,4546656555,3895067:c88ef7b9-77a1-4f23-9087-fb0a98a7a192,1,False
concurrency_n10_20260613_002350_kafka_feed7_rep1,kafka,sb-events-n10-feed7-rep1,0,4635,23057127200,1a5a736f-8dcf-456a-be57-ffd91e45ca65,3895067,242,20.166666666666668,4546656555,3895067:1a5a736f-8dcf-456a-be57-ffd91e45ca65,1,False
concurrency_n10_20260613_002350_kafka_feed7_rep1,kafka,sb-events-n10-feed7-rep1,1,4804,23061062100,1d2a8a86-c8be-4982-8909-a04c91a67073,3895107,242,20.166666666666668,4546656555,3895107:1d2a8a86-c8be-4982-8909-a04c91a67073,1,False
concurrency_n10_20260613_002350_kafka_feed7_rep1,kafka,sb-events-n10-feed7-rep1,0,4636,23069285300,f70dcf83-40a3-4ccb-94c5-ecd399bc219a,3895134,242,20.166666666666668,4546656555,3895134:f70dcf83-40a3-4ccb-94c5-ecd399bc219a,1,False
concurrency_n10_20260613_002350_kafka_feed7_rep1,kafka,sb-events-n10-feed7-rep1,0,4637,23075631500,3e18f922-f609-4734-9dbe-5bc30cf10dc9,3895086,242,20.166666666666668,4546656555,3895086:3e18f922-f609-4734-9dbe-5bc30cf10dc9,1,False
concurrency_n10_20260613_002350_kafka_feed7_rep1,kafka,sb-events-n10-feed7-rep1,0,4638,23075695900,2b6915a9-9be9-4b49-82ba-639d873ed4a5,3895060,243,20.25,4547351000,3895060:2b6915a9-9be9-4b49-82ba-639d873ed4a5,1,False
concurrency_n10_20260613_002350_kafka_feed7_rep1,kafka,sb-events-n10-feed7-rep1,2,4803,23081579300,e655c81e-fa20-4e8a-aec9-cb837f4112ee,3895060,243,20.25,4547351000,3895060:e655c81e-fa20-4e8a-aec9-cb837f4112ee,1,False
concurrency_n10_20260613_002350_kafka_feed7_rep1,kafka,sb-events-n10-feed7-rep1,1,4805,23088641200,e29bcc78-4812-4a23-a0bb-dbb1b386365e,3895113,243,20.25,4547351000,3895113:e29bcc78-4812-4a23-a0bb-dbb1b386365e,1,False
concurrency_n10_20260613_002350_kafka_feed7_rep1,kafka,sb-events-n10-feed7-rep1,1,4806,23095121100,124635a1-6dab-4464-bb7e-2dd98e391ca7,3895113,243,20.25,4547351000,3895113:124635a1-6dab-4464-bb7e-2dd98e391ca7,1,False
concurrency_n10_20260613_002350_kafka_feed7_rep1,kafka,sb-events-n10-feed7-rep1,0,4639,23101742800,f1a07a4e-1b9a-4fb3-a68b-c02926c6f8b1,3895134,243,20.25,4547351000,3895134:f1a07a4e-1b9a-4fb3-a68b-c02926c6f8b1,1,False
concurrency_n10_20260613_002350_kafka_feed7_rep1,kafka,sb-events-n10-feed7-rep1,2,4804,23101794400,72aba530-d8d4-4559-9b31-ae9bab1b2129,3895134,243,20.25,4547351000,3895134:72aba530-d8d4-4559-9b31-ae9bab1b2129,1,False
concurrency_n10_20260613_002350_kafka_feed7_rep1,kafka,sb-events-n10-feed7-rep1,1,4807,23111696500,35527065-8da6-493a-acd7-35d45c9e13fc,3895060,244,20.33333333333333,4548045444,3895060:35527065-8da6-493a-acd7-35d45c9e13fc,1,False
concurrency_n10_20260613_002350_kafka_feed7_rep1,kafka,sb-events-n10-feed7-rep1,2,4805,23111814300,dd1f273f-5818-4b79-b7ba-9e9f271b00da,3895121,244,20.33333333333333,4548045444,3895121:dd1f273f-5818-4b79-b7ba-9e9f271b00da,1,False
concurrency_n10_20260613_002350_kafka_feed7_rep1,kafka,sb-events-n10-feed7-rep1,0,4640,23121149700,a614cf8e-f99e-4113-8152-374692780a44,3895067,244,20.33333333333333,4548045444,3895067:a614cf8e-f99e-4113-8152-374692780a44,1,False
concurrency_n10_20260613_002350_kafka_feed7_rep1,kafka,sb-events-n10-feed7-rep1,1,4808,23121195500,4903409b-3b7f-43d0-a8e0-c0edc044665a,3895121,244,20.33333333333333,4548045444,3895121:4903409b-3b7f-43d0-a8e0-c0edc044665a,1,False
concurrency_n10_20260613_002350_kafka_feed7_rep1,kafka,sb-events-n10-feed7-rep1,1,4809,23121246400,13c58c42-4403-4d24-b673-2e462aa98376,3895121,244,20.33333333333333,4548045444,3895121:13c58c42-4403-4d24-b673-2e462aa98376,1,False
concurrency_n10_20260613_002350_kafka_feed7_rep1,kafka,sb-events-n10-feed7-rep1,2,4806,23132923500,e35e1956-56cb-4707-95df-7d0d7938d843,3895086,244,20.33333333333333,4548045444,3895086:e35e1956-56cb-4707-95df-7d0d7938d843,1,False
concurrency_n10_20260613_002350_kafka_feed7_rep1,kafka,sb-events-n10-feed7-rep1,0,4641,23133198600,e2c68e2e-b75c-4ba8-9573-883787d8875e,3895067,244,20.33333333333333,4548045444,3895067:e2c68e2e-b75c-4ba8-9573-883787d8875e,1,False
concurrency_n10_20260613_002350_kafka_feed7_rep1,kafka,sb-events-n10-feed7-rep1,1,4810,23139947100,0e8f1413-d59b-47ec-9251-f70210f20b0f,3895086,244,20.33333333333333,4548045444,3895086:0e8f1413-d59b-47ec-9251-f70210f20b0f,1,False
concurrency_n10_20260613_002350_kafka_feed7_rep1,kafka,sb-events-n10-feed7-rep1,2,4807,23139986300,14d36a2e-439a-4363-985a-89eb10507ce9,3895107,245,20.416666666666668,4548739888,3895107:14d36a2e-439a-4363-985a-89eb10507ce9,1,False
concurrency_n10_20260613_002350_kafka_feed7_rep1,kafka,sb-events-n10-feed7-rep1,0,4642,23140008000,70469754-e9ff-466e-a0ea-80b6ae48399f,3895107,245,20.416666666666668,4548739888,3895107:70469754-e9ff-466e-a0ea-80b6ae48399f,1,False
concurrency_n10_20260613_002350_kafka_feed7_rep1,kafka,sb-events-n10-feed7-rep1,0,4643,23144645200,21dede0b-3592-49ea-a9d5-89ac71b1b282,3895052,245,20.416666666666668,4548739888,3895052:21dede0b-3592-49ea-a9d5-89ac71b1b282,1,False
concurrency_n10_20260613_002350_kafka_feed7_rep1,kafka,sb-events-n10-feed7-rep1,0,4644,23151018900,c92c7207-490c-4f75-8e99-0485e280b626,3895060,246,20.5,4549434333,3895060:c92c7207-490c-4f75-8e99-0485e280b626,1,False
concurrency_n10_20260613_002350_kafka_feed7_rep1,kafka,sb-events-n10-feed7-rep1,0,4645,23160066300,a8e17e26-0a74-4dd6-aa76-d55569f0bc7d,3895060,246,20.5,4549434333,3895060:a8e17e26-0a74-4dd6-aa76-d55569f0bc7d,1,False
concurrency_n10_20260613_002350_kafka_feed7_rep1,kafka,sb-events-n10-feed7-rep1,0,4646,23160108600,54d993e8-a8dc-4ea8-88f6-92958c4758f1,3895107,246,20.5,4549434333,3895107:54d993e8-a8dc-4ea8-88f6-92958c4758f1,1,False
concurrency_n10_20260613_002350_kafka_feed7_rep1,kafka,sb-events-n10-feed7-rep1,0,4647,23167133500,e619ae8d-92f0-439c-89c4-b28d5a47566c,3895113,246,20.5,4549434333,3895113:e619ae8d-92f0-439c-89c4-b28d5a47566c,1,False
concurrency_n10_20260613_002350_kafka_feed7_rep1,kafka,sb-events-n10-feed7-rep1,2,4808,23175868200,b3916688-a71f-40ac-83ba-ebcf88241fea,3895113,246,20.5,4549434333,3895113:b3916688-a71f-40ac-83ba-ebcf88241fea,1,False
concurrency_n10_20260613_002350_kafka_feed7_rep1,kafka,sb-events-n10-feed7-rep1,2,4809,23175909000,bde8f069-d411-493f-97d5-6f5496f030c7,3895113,246,20.5,4549434333,3895113:bde8f069-d411-493f-97d5-6f5496f030c7,1,False
concurrency_n10_20260613_002350_kafka_feed7_rep1,kafka,sb-events-n10-feed7-rep1,0,4648,23182993700,fe474a8e-046c-4d8c-b439-081a477b5f67,3895134,246,20.5,4549434333,3895134:fe474a8e-046c-4d8c-b439-081a477b5f67,1,False
concurrency_n10_20260613_002350_kafka_feed7_rep1,kafka,sb-events-n10-feed7-rep1,2,4810,23189624000,c331d9f1-e5b4-4215-8c29-0c12ae07d0fe,3895134,246,20.5,4549434333,3895134:c331d9f1-e5b4-4215-8c29-0c12ae07d0fe,1,False
concurrency_n10_20260613_002350_kafka_feed7_rep1,kafka,sb-events-n10-feed7-rep1,1,4811,23195055000,ff23d5d2-2668-45b7-90f0-b94a1ae8d46b,3895060,247,20.58333333333333,4550128777,3895060:ff23d5d2-2668-45b7-90f0-b94a1ae8d46b,1,False
concurrency_n10_20260613_002350_kafka_feed7_rep1,kafka,sb-events-n10-feed7-rep1,0,4649,23195115400,93994777-12ec-49b8-b9e7-aa4358d89c6f,3895086,246,20.5,4549434333,3895086:93994777-12ec-49b8-b9e7-aa4358d89c6f,1,False
concurrency_n10_20260613_002350_kafka_feed7_rep1,kafka,sb-events-n10-feed7-rep1,2,4811,23204646400,ed33169e-a844-4e1c-adcf-e150cd303c45,3895060,247,20.58333333333333,4550128777,3895060:ed33169e-a844-4e1c-adcf-e150cd303c45,1,False
concurrency_n10_20260613_002350_kafka_feed7_rep1,kafka,sb-events-n10-feed7-rep1,1,4812,23208760000,aefbfac4-fc26-4ef9-957a-87aab634d721,3895121,247,20.58333333333333,4550128777,3895121:aefbfac4-fc26-4ef9-957a-87aab634d721,1,False
concurrency_n10_20260613_002350_kafka_feed7_rep1,kafka,sb-events-n10-feed7-rep1,0,4650,23214472600,1c63b354-a85d-49fb-a959-436969c70bd8,3895107,247,20.58333333333333,4550128777,3895107:1c63b354-a85d-49fb-a959-436969c70bd8,1,False
concurrency_n10_20260613_002350_kafka_feed7_rep1,kafka,sb-events-n10-feed7-rep1,2,4812,23214524500,3066699a-6bc1-44fb-a597-079f37ef1255,3895067,247,20.58333333333333,4550128777,3895067:3066699a-6bc1-44fb-a597-079f37ef1255,1,False
concurrency_n10_20260613_002350_kafka_feed7_rep1,kafka,sb-events-n10-feed7-rep1,2,4813,23222846700,2015c382-6367-4172-9888-040cb1050de5,3895107,247,20.58333333333333,4550128777,3895107:2015c382-6367-4172-9888-040cb1050de5,1,False
concurrency_n10_20260613_002350_kafka_feed7_rep1,kafka,sb-events-n10-feed7-rep1,1,4813,23231321900,620742d4-224d-4705-8454-4a204380c4ae,3895113,247,20.58333333333333,4550128777,3895113:620742d4-224d-4705-8454-4a204380c4ae,1,False
concurrency_n10_20260613_002350_kafka_feed7_rep1,kafka,sb-events-n10-feed7-rep1,2,4814,23231365600,2d5cd8ad-b706-4ca9-b2cc-850f30956e73,3895113,247,20.58333333333333,4550128777,3895113:2d5cd8ad-b706-4ca9-b2cc-850f30956e73,1,False
concurrency_n10_20260613_002350_kafka_feed7_rep1,kafka,sb-events-n10-feed7-rep1,0,4651,23236535700,e5f06414-6c61-4d30-abea-76dc87ee2f51,3895052,247,20.58333333333333,4550128777,3895052:e5f06414-6c61-4d30-abea-76dc87ee2f51,1,False
concurrency_n10_20260613_002350_kafka_feed7_rep1,kafka,sb-events-n10-feed7-rep1,2,4815,23243817500,ba181cd8-fb21-4e0b-9680-bb52deb092e5,3895134,247,20.58333333333333,4550128777,3895134:ba181cd8-fb21-4e0b-9680-bb52deb092e5,1,False
concurrency_n10_20260613_002350_kafka_feed7_rep1,kafka,sb-events-n10-feed7-rep1,2,4816,23249133600,4a66fe8f-a3e7-4faa-8668-75a5fdb0b27a,3895086,247,20.58333333333333,4550128777,3895086:4a66fe8f-a3e7-4faa-8668-75a5fdb0b27a,1,False
concurrency_n10_20260613_002350_kafka_feed7_rep1,kafka,sb-events-n10-feed7-rep1,1,4814,23254569000,ab4d2c4b-192a-4008-bd6c-274713d6958c,3895086,247,20.58333333333333,4550128777,3895086:ab4d2c4b-192a-4008-bd6c-274713d6958c,1,False
concurrency_n10_20260613_002350_kafka_feed7_rep1,kafka,sb-events-n10-feed7-rep1,1,4815,23254664000,d60b8245-40b0-43a8-876b-08f69505d1d6,3895060,248,20.666666666666668,4550823222,3895060:d60b8245-40b0-43a8-876b-08f69505d1d6,1,False
concurrency_n10_20260613_002350_kafka_feed7_rep1,kafka,sb-events-n10-feed7-rep1,1,4816,23263128000,c7c21979-4bd2-4a01-bbb2-1b937cf113e9,3895107,248,20.666666666666668,4550823222,3895107:c7c21979-4bd2-4a01-bbb2-1b937cf113e9,1,False
concurrency_n10_20260613_002350_kafka_feed7_rep1,kafka,sb-events-n10-feed7-rep1,0,4652,23268952000,5bc6657b-a17c-486e-ad59-22672d97b128,3895052,248,20.666666666666668,4550823222,3895052:5bc6657b-a17c-486e-ad59-22672d97b128,1,False
concurrency_n10_20260613_002350_kafka_feed7_rep1,kafka,sb-events-n10-feed7-rep1,1,4817,23268991700,37ef3617-eef5-4932-b39e-7ba609cda9e9,3895052,248,20.666666666666668,4550823222,3895052:37ef3617-eef5-4932-b39e-7ba609cda9e9,1,False
concurrency_n10_20260613_002350_kafka_feed7_rep1,kafka,sb-events-n10-feed7-rep1,2,4817,23274755600,ae42d577-0431-4f31-9ead-6e4b21eb996c,3895052,248,20.666666666666668,4550823222,3895052:ae42d577-0431-4f31-9ead-6e4b21eb996c,1,False
concurrency_n10_20260613_002350_kafka_feed7_rep1,kafka,sb-events-n10-feed7-rep1,2,4818,23281371600,e22f03e1-c240-4cfb-8126-d1822a1e738b,3895086,248,20.666666666666668,4550823222,3895086:e22f03e1-c240-4cfb-8126-d1822a1e738b,1,False
concurrency_n10_20260613_002350_kafka_feed7_rep1,kafka,sb-events-n10-feed7-rep1,2,4819,23288227300,7498434e-a29a-40c6-8bbc-b35c913149b1,3895060,249,20.75,4551517666,3895060:7498434e-a29a-40c6-8bbc-b35c913149b1,1,False
concurrency_n10_20260613_002350_kafka_feed7_rep1,kafka,sb-events-n10-feed7-rep1,2,4820,23288270700,3c3c6ebe-8a92-413d-b985-2ba1fae9a34b,3895121,249,20.75,4551517666,3895121:3c3c6ebe-8a92-413d-b985-2ba1fae9a34b,1,False
concurrency_n10_20260613_002350_kafka_feed7_rep1,kafka,sb-events-n10-feed7-rep1,1,4818,23296537100,8260c198-30a9-462e-9979-46e59fdcff2b,3895060,249,20.75,4551517666,3895060:8260c198-30a9-462e-9979-46e59fdcff2b,1,False
concurrency_n10_20260613_002350_kafka_feed7_rep1,kafka,sb-events-n10-feed7-rep1,2,4821,23296591300,8ec7e7a3-3e78-4452-ab7c-60de3489eb2a,3895121,249,20.75,4551517666,3895121:8ec7e7a3-3e78-4452-ab7c-60de3489eb2a,1,False
concurrency_n10_20260613_002350_kafka_feed7_rep1,kafka,sb-events-n10-feed7-rep1,1,4819,23302106000,e0e232f1-f077-4900-adaf-02d79dba1aa2,3895121,249,20.75,4551517666,3895121:e0e232f1-f077-4900-adaf-02d79dba1aa2,1,False
concurrency_n10_20260613_002350_kafka_feed7_rep1,kafka,sb-events-n10-feed7-rep1,0,4653,23309889800,5cde3f68-d1d9-416a-bdae-47ffc68cb272,3895067,249,20.75,4551517666,3895067:5cde3f68-d1d9-416a-bdae-47ffc68cb272,1,False
concurrency_n10_20260613_002350_kafka_feed7_rep1,kafka,sb-events-n10-feed7-rep1,2,4822,23309933200,5a749fee-582f-4572-9cc8-4d8a5fb45e1e,3895067,249,20.75,4551517666,3895067:5a749fee-582f-4572-9cc8-4d8a5fb45e1e,1,False
concurrency_n10_20260613_002350_kafka_feed7_rep1,kafka,sb-events-n10-feed7-rep1,1,4820,23317418800,af8ff7f6-55f8-4283-a775-d12939169496,3895107,249,20.75,4551517666,3895107:af8ff7f6-55f8-4283-a775-d12939169496,1,False
concurrency_n10_20260613_002350_kafka_feed7_rep1,kafka,sb-events-n10-feed7-rep1,2,4823,23325772800,6bb5ebdd-ec00-4dc5-ae7d-4faf39b4ca84,3895107,249,20.75,4551517666,3895107:6bb5ebdd-ec00-4dc5-ae7d-4faf39b4ca84,1,False
concurrency_n10_20260613_002350_kafka_feed7_rep1,kafka,sb-events-n10-feed7-rep1,1,4821,23325858600,e064f784-ea92-4ce3-9871-79998510315f,3895113,249,20.75,4551517666,3895113:e064f784-ea92-4ce3-9871-79998510315f,1,False
concurrency_n10_20260613_002350_kafka_feed7_rep1,kafka,sb-events-n10-feed7-rep1,0,4654,23335443500,a950b945-5931-47bb-8893-416fe97adb6f,3895113,249,20.75,4551517666,3895113:a950b945-5931-47bb-8893-416fe97adb6f,1,False
concurrency_n10_20260613_002350_kafka_feed7_rep1,kafka,sb-events-n10-feed7-rep1,2,4824,23335572200,3338b6f2-30a2-4ddc-bc42-6f104e07417c,3895052,249,20.75,4551517666,3895052:3338b6f2-30a2-4ddc-bc42-6f104e07417c,1,False
concurrency_n10_20260613_002350_kafka_feed7_rep1,kafka,sb-events-n10-feed7-rep1,1,4822,23341086700,dff59e8e-9bba-4344-b4d7-c048dc7bc0d2,3895134,249,20.75,4551517666,3895134:dff59e8e-9bba-4344-b4d7-c048dc7bc0d2,1,False
concurrency_n10_20260613_002350_kafka_feed7_rep1,kafka,sb-events-n10-feed7-rep1,1,4823,23341129800,2fc35d8e-0ed5-4615-80df-5cbeb2e876d6,3895134,249,20.75,4551517666,3895134:2fc35d8e-0ed5-4615-80df-5cbeb2e876d6,1,False
concurrency_n10_20260613_002350_kafka_feed7_rep1,kafka,sb-events-n10-feed7-rep1,2,4825,23344908200,2e1f6e6f-d929-430c-89f1-793076acf34e,3895121,250,20.83333333333333,4552212111,3895121:2e1f6e6f-d929-430c-89f1-793076acf34e,1,False
concurrency_n10_20260613_002350_kafka_feed7_rep1,kafka,sb-events-n10-feed7-rep1,2,4826,23344950200,f9105148-0173-48a8-a0e7-8f2868f34607,3895121,250,20.83333333333333,4552212111,3895121:f9105148-0173-48a8-a0e7-8f2868f34607,1,False
concurrency_n10_20260613_002350_kafka_feed7_rep1,kafka,sb-events-n10-feed7-rep1,1,4824,23351450300,9687c7e2-1feb-4770-9bed-1359c7f10699,3895067,250,20.83333333333333,4552212111,3895067:9687c7e2-1feb-4770-9bed-1359c7f10699,1,False
concurrency_n10_20260613_002350_kafka_feed7_rep1,kafka,sb-events-n10-feed7-rep1,0,4655,23356862000,763d3753-8c73-4787-908b-2f1fab2f7cb5,3895067,250,20.83333333333333,4552212111,3895067:763d3753-8c73-4787-908b-2f1fab2f7cb5,1,False
concurrency_n10_20260613_002350_kafka_feed7_rep1,kafka,sb-events-n10-feed7-rep1,2,4827,23367542400,5572f10b-277c-4944-b80f-843659418dbb,3895086,250,20.83333333333333,4552212111,3895086:5572f10b-277c-4944-b80f-843659418dbb,1,False
concurrency_n10_20260613_002350_kafka_feed7_rep1,kafka,sb-events-n10-feed7-rep1,1,4825,23367589000,bcc0a902-4f8e-4fae-b636-60e4fa615546,3895086,250,20.83333333333333,4552212111,3895086:bcc0a902-4f8e-4fae-b636-60e4fa615546,1,False
concurrency_n10_20260613_002350_kafka_feed7_rep1,kafka,sb-events-n10-feed7-rep1,0,4656,23367609600,5a633cce-0730-45b3-be3b-46490a79f46c,3895067,250,20.83333333333333,4552212111,3895067:5a633cce-0730-45b3-be3b-46490a79f46c,1,False
concurrency_n10_20260613_002350_kafka_feed7_rep1,kafka,sb-events-n10-feed7-rep1,2,4828,23375512100,4252a4ee-a0ef-4198-8de4-5a2f9522ce8e,3895113,251,20.916666666666668,4552906555,3895113:4252a4ee-a0ef-4198-8de4-5a2f9522ce8e,1,False
concurrency_n10_20260613_002350_kafka_feed7_rep1,kafka,sb-events-n10-feed7-rep1,1,4826,23375552200,d7b7a8a5-73a9-484f-a409-e1b805c01c87,3895067,251,20.916666666666668,4552906555,3895067:d7b7a8a5-73a9-484f-a409-e1b805c01c87,1,False
concurrency_n10_20260613_002350_kafka_feed7_rep1,kafka,sb-events-n10-feed7-rep1,0,4657,23375572300,23a3f1a2-dac5-464c-adad-a58b446b585e,3895067,251,20.916666666666668,4552906555,3895067:23a3f1a2-dac5-464c-adad-a58b446b585e,1,False
concurrency_n10_20260613_002350_kafka_feed7_rep1,kafka,sb-events-n10-feed7-rep1,0,4658,23381512000,ab95580a-c5fd-4355-9cd4-ae53b8c8d220,3895113,251,20.916666666666668,4552906555,3895113:ab95580a-c5fd-4355-9cd4-ae53b8c8d220,1,False
concurrency_n10_20260613_002350_kafka_feed7_rep1,kafka,sb-events-n10-feed7-rep1,2,4829,23393123500,372988d2-7155-4aa1-8ed8-d55c968cd8d0,3895134,251,20.916666666666668,4552906555,3895134:372988d2-7155-4aa1-8ed8-d55c968cd8d0,1,False
concurrency_n10_20260613_002350_kafka_feed7_rep1,kafka,sb-events-n10-feed7-rep1,1,4827,23393164000,6b91badb-145b-403b-9cd4-6b2f130ca1a8,3895134,251,20.916666666666668,4552906555,3895134:6b91badb-145b-403b-9cd4-6b2f130ca1a8,1,False
concurrency_n10_20260613_002350_kafka_feed7_rep1,kafka,sb-events-n10-feed7-rep1,1,4828,23409807700,15701045-40e6-4a1e-9941-11812194ff4d,3895086,251,20.916666666666668,4552906555,3895086:15701045-40e6-4a1e-9941-11812194ff4d,1,False
concurrency_n10_20260613_002350_kafka_feed7_rep1,kafka,sb-events-n10-feed7-rep1,1,4829,23409859300,6ba5f009-b494-430a-b179-7ddd78697f3e,3895086,251,20.916666666666668,4552906555,3895086:6ba5f009-b494-430a-b179-7ddd78697f3e,1,False
concurrency_n10_20260613_002350_kafka_feed7_rep1,kafka,sb-events-n10-feed7-rep1,1,4830,23409884800,b6ea3ad2-1e31-48c5-b19a-98e10ea0ed90,3895121,252,21.0,4553601000,3895121:b6ea3ad2-1e31-48c5-b19a-98e10ea0ed90,1,False
concurrency_n10_20260613_002350_kafka_feed7_rep1,kafka,sb-events-n10-feed7-rep1,0,4659,23416958900,f5b915a8-bd5f-4dda-9c57-a42ce35d6eff,3895067,252,21.0,4553601000,3895067:f5b915a8-bd5f-4dda-9c57-a42ce35d6eff,1,False
concurrency_n10_20260613_002350_kafka_feed7_rep1,kafka,sb-events-n10-feed7-rep1,2,4830,23416998800,5d3a3138-c963-46ac-837e-56722f5994c3,3895067,252,21.0,4553601000,3895067:5d3a3138-c963-46ac-837e-56722f5994c3,1,False
concurrency_n10_20260613_002350_kafka_feed7_rep1,kafka,sb-events-n10-feed7-rep1,2,4831,23417019300,4f9680a1-cfc9-4d05-a51f-9173fa11ee92,3895113,252,21.0,4553601000,3895113:4f9680a1-cfc9-4d05-a51f-9173fa11ee92,1,False
concurrency_n10_20260613_002350_kafka_feed7_rep1,kafka,sb-events-n10-feed7-rep1,1,4831,23421022000,abf165aa-2ce1-4c25-bf70-490c5b2abd92,3895052,252,21.0,4553601000,3895052:abf165aa-2ce1-4c25-bf70-490c5b2abd92,1,False
concurrency_n10_20260613_002350_kafka_feed7_rep1,kafka,sb-events-n10-feed7-rep1,2,4832,23425632300,41c508b5-f7de-4d1c-9906-43812e26e08a,3895052,252,21.0,4553601000,3895052:41c508b5-f7de-4d1c-9906-43812e26e08a,1,False
concurrency_n10_20260613_002350_kafka_feed7_rep1,kafka,sb-events-n10-feed7-rep1,2,4833,23435906600,68b1846d-ccc6-4d31-9345-9d67b3c84731,3895134,252,21.0,4553601000,3895134:68b1846d-ccc6-4d31-9345-9d67b3c84731,1,False
concurrency_n10_20260613_002350_kafka_feed7_rep1,kafka,sb-events-n10-feed7-rep1,2,4834,23435944400,47b7a3a6-df98-4b63-ab6c-0e67b237fd2e,3895086,252,21.0,4553601000,3895086:47b7a3a6-df98-4b63-ab6c-0e67b237fd2e,1,False
concurrency_n10_20260613_002350_kafka_feed7_rep1,kafka,sb-events-n10-feed7-rep1,0,4660,23442151500,f30a4e52-e1bb-44d6-bbd6-b5427066570a,3895086,252,21.0,4553601000,3895086:f30a4e52-e1bb-44d6-bbd6-b5427066570a,1,False
concurrency_n10_20260613_002350_kafka_feed7_rep1,kafka,sb-events-n10-feed7-rep1,1,4832,23442193300,23fcb1c6-448a-41c6-9ded-603f0e8de891,3895121,253,21.08333333333333,4554295444,3895121:23fcb1c6-448a-41c6-9ded-603f0e8de891,1,False
concurrency_n10_20260613_002350_kafka_feed7_rep1,kafka,sb-events-n10-feed7-rep1,2,4835,23446431400,827b2d28-2f37-4572-ab9c-069ea5dc9fff,3895121,253,21.08333333333333,4554295444,3895121:827b2d28-2f37-4572-ab9c-069ea5dc9fff,1,False
concurrency_n10_20260613_002350_kafka_feed7_rep1,kafka,sb-events-n10-feed7-rep1,1,4833,23455032100,72bc8fb9-e854-4b72-9eb4-dbbdd76334be,3895067,253,21.08333333333333,4554295444,3895067:72bc8fb9-e854-4b72-9eb4-dbbdd76334be,1,False
concurrency_n10_20260613_002350_kafka_feed7_rep1,kafka,sb-events-n10-feed7-rep1,2,4836,23459625900,3b054ec0-afd6-4c32-b327-590cc4dd5ffe,3895107,253,21.08333333333333,4554295444,3895107:3b054ec0-afd6-4c32-b327-590cc4dd5ffe,1,False
concurrency_n10_20260613_002350_kafka_feed7_rep1,kafka,sb-events-n10-feed7-rep1,2,4837,23459665700,3aa3e80d-bde0-42ac-ae3a-3a3cd099742e,3895113,253,21.08333333333333,4554295444,3895113:3aa3e80d-bde0-42ac-ae3a-3a3cd099742e,1,False
concurrency_n10_20260613_002350_kafka_feed7_rep1,kafka,sb-events-n10-feed7-rep1,0,4661,23463391800,c3eaf442-02ed-45bb-afff-81e4f9edadde,3895113,253,21.08333333333333,4554295444,3895113:c3eaf442-02ed-45bb-afff-81e4f9edadde,1,False
concurrency_n10_20260613_002350_kafka_feed7_rep1,kafka,sb-events-n10-feed7-rep1,1,4834,23473116500,56fce890-c539-4246-a231-394586bd980e,3895134,253,21.08333333333333,4554295444,3895134:56fce890-c539-4246-a231-394586bd980e,1,False
concurrency_n10_20260613_002350_kafka_feed7_rep1,kafka,sb-events-n10-feed7-rep1,0,4662,23473156700,e838618f-44ac-4e66-9194-d60c3f6e7abd,3895134,253,21.08333333333333,4554295444,3895134:e838618f-44ac-4e66-9194-d60c3f6e7abd,1,False
concurrency_n10_20260613_002350_kafka_feed7_rep1,kafka,sb-events-n10-feed7-rep1,1,4835,23477482600,7fba15f7-3edd-42da-a02b-e01058bec0e0,3895121,254,21.166666666666668,4554989888,3895121:7fba15f7-3edd-42da-a02b-e01058bec0e0,1,False
concurrency_n10_20260613_002350_kafka_feed7_rep1,kafka,sb-events-n10-feed7-rep1,0,4663,23482742700,f2326a2b-22e5-4161-8cc2-d1b54c4ff1e0,3895067,254,21.166666666666668,4554989888,3895067:f2326a2b-22e5-4161-8cc2-d1b54c4ff1e0,1,False
concurrency_n10_20260613_002350_kafka_feed7_rep1,kafka,sb-events-n10-feed7-rep1,1,4836,23482787100,62c0e076-6974-44ef-87e6-6abc089b20e5,3895067,254,21.166666666666668,4554989888,3895067:62c0e076-6974-44ef-87e6-6abc089b20e5,1,False
concurrency_n10_20260613_002350_kafka_feed7_rep1,kafka,sb-events-n10-feed7-rep1,1,4837,23487033400,07605dac-9101-4084-85b6-0ff3aa13e713,3895107,254,21.166666666666668,4554989888,3895107:07605dac-9101-4084-85b6-0ff3aa13e713,1,False
concurrency_n10_20260613_002350_kafka_feed7_rep1,kafka,sb-events-n10-feed7-rep1,0,4664,23494389100,1f7b4eb1-045d-49b3-84a9-705211597510,3895113,254,21.166666666666668,4554989888,3895113:1f7b4eb1-045d-49b3-84a9-705211597510,1,False
concurrency_n10_20260613_002350_kafka_feed7_rep1,kafka,sb-events-n10-feed7-rep1,1,4838,23498983200,0305b979-98f5-4dce-ae43-b9e06c071c2d,3895086,254,21.166666666666668,4554989888,3895086:0305b979-98f5-4dce-ae43-b9e06c071c2d,1,False
concurrency_n10_20260613_002350_kafka_feed7_rep1,kafka,sb-events-n10-feed7-rep1,0,4665,23499088500,95495ca4-d30a-4194-9aad-46c67cc236cf,3895113,254,21.166666666666668,4554989888,3895113:95495ca4-d30a-4194-9aad-46c67cc236cf,1,False
concurrency_n10_20260613_002350_kafka_feed7_rep1,kafka,sb-events-n10-feed7-rep1,1,4839,23507149200,7aaf1c25-30a6-42b9-b9bd-63b2d39326d9,3895086,254,21.166666666666668,4554989888,3895086:7aaf1c25-30a6-42b9-b9bd-63b2d39326d9,1,False
concurrency_n10_20260613_002350_kafka_feed7_rep1,kafka,sb-events-n10-feed7-rep1,0,4666,23507194000,74cdadbe-4ae0-41f1-bd31-9066e33654db,3895086,254,21.166666666666668,4554989888,3895086:74cdadbe-4ae0-41f1-bd31-9066e33654db,1,False
concurrency_n10_20260613_002350_kafka_feed7_rep1,kafka,sb-events-n10-feed7-rep1,2,4838,23512221000,a6ff0aaa-7566-4d4f-a06c-46ace6c47dd0,3895121,255,21.25,4555684333,3895121:a6ff0aaa-7566-4d4f-a06c-46ace6c47dd0,1,False
concurrency_n10_20260613_002350_kafka_feed7_rep1,kafka,sb-events-n10-feed7-rep1,0,4667,23517185800,53c837f3-864c-4d65-9556-8026ebaf94f3,3895121,255,21.25,4555684333,3895121:53c837f3-864c-4d65-9556-8026ebaf94f3,1,False
concurrency_n10_20260613_002350_kafka_feed7_rep1,kafka,sb-events-n10-feed7-rep1,2,4839,23517235800,790592ad-c30c-4fa2-874e-b463207cfb0d,3895121,255,21.25,4555684333,3895121:790592ad-c30c-4fa2-874e-b463207cfb0d,1,False
concurrency_n10_20260613_002350_kafka_feed7_rep1,kafka,sb-events-n10-feed7-rep1,2,4840,23524428400,475bf600-abec-46e1-aa92-2d063bd4077c,3895067,255,21.25,4555684333,3895067:475bf600-abec-46e1-aa92-2d063bd4077c,1,False
concurrency_n10_20260613_002350_kafka_feed7_rep1,kafka,sb-events-n10-feed7-rep1,0,4668,23531616300,b10113ce-a8de-48f5-8517-af3279ec8628,3895067,255,21.25,4555684333,3895067:b10113ce-a8de-48f5-8517-af3279ec8628,1,False
concurrency_n10_20260613_002350_kafka_feed7_rep1,kafka,sb-events-n10-feed7-rep1,1,4840,23538870900,863a3ccc-d506-437d-8d85-656626a95677,3895067,255,21.25,4555684333,3895067:863a3ccc-d506-437d-8d85-656626a95677,1,False
concurrency_n10_20260613_002350_kafka_feed7_rep1,kafka,sb-events-n10-feed7-rep1,0,4669,23543810300,3f6e1998-3960-47d3-a9a3-d937889a724b,3895107,255,21.25,4555684333,3895107:3f6e1998-3960-47d3-a9a3-d937889a724b,1,False
concurrency_n10_20260613_002350_kafka_feed7_rep1,kafka,sb-events-n10-feed7-rep1,0,4670,23543851800,1a436570-6eda-405a-a093-7841eb59112e,3895107,255,21.25,4555684333,3895107:1a436570-6eda-405a-a093-7841eb59112e,1,False
concurrency_n10_20260613_002350_kafka_feed7_rep1,kafka,sb-events-n10-feed7-rep1,0,4671,23551658200,ed6fcf57-b0a1-42ba-b892-7aaa0a8c1763,3895113,255,21.25,4555684333,3895113:ed6fcf57-b0a1-42ba-b892-7aaa0a8c1763,1,False
concurrency_n10_20260613_002350_kafka_feed7_rep1,kafka,sb-events-n10-feed7-rep1,0,4672,23558368300,cf794ce2-9fb3-4b38-8268-3b4f01194d09,3895086,255,21.25,4555684333,3895086:cf794ce2-9fb3-4b38-8268-3b4f01194d09,1,False
concurrency_n10_20260613_002350_kafka_feed7_rep1,kafka,sb-events-n10-feed7-rep1,0,4673,23558408600,6d5c715e-caca-428e-984d-b85c4705e734,3895086,255,21.25,4555684333,3895086:6d5c715e-caca-428e-984d-b85c4705e734,1,False
concurrency_n10_20260613_002350_kafka_feed7_rep1,kafka,sb-events-n10-feed7-rep1,2,4841,23568878300,4ba28518-4c9e-44cb-ac7f-39b0806cbba9,3895067,256,21.33333333333333,4556378777,3895067:4ba28518-4c9e-44cb-ac7f-39b0806cbba9,1,False
concurrency_n10_20260613_002350_kafka_feed7_rep1,kafka,sb-events-n10-feed7-rep1,0,4674,23568929300,52a86328-9c1c-4ae5-8a45-43a5e89ac59c,3895067,256,21.33333333333333,4556378777,3895067:52a86328-9c1c-4ae5-8a45-43a5e89ac59c,1,False
concurrency_n10_20260613_002350_kafka_feed7_rep1,kafka,sb-events-n10-feed7-rep1,1,4841,23576212700,a5f68153-d972-4a57-a0e5-0cb301466d19,3895067,256,21.33333333333333,4556378777,3895067:a5f68153-d972-4a57-a0e5-0cb301466d19,1,False
concurrency_n10_20260613_002350_kafka_feed7_rep1,kafka,sb-events-n10-feed7-rep1,1,4842,23576252300,0db67404-1c02-4346-ae52-a14c248ee179,3895113,256,21.33333333333333,4556378777,3895113:0db67404-1c02-4346-ae52-a14c248ee179,1,False
concurrency_n10_20260613_002350_kafka_feed7_rep1,kafka,sb-events-n10-feed7-rep1,1,4843,23583198400,e22ba07a-d04f-4fc4-9f5c-0f02a69be95b,3895134,256,21.33333333333333,4556378777,3895134:e22ba07a-d04f-4fc4-9f5c-0f02a69be95b,1,False
concurrency_n10_20260613_002350_kafka_feed7_rep1,kafka,sb-events-n10-feed7-rep1,0,4675,23588159600,23706c78-86ab-456e-a979-df8e697e6909,3895086,256,21.33333333333333,4556378777,3895086:23706c78-86ab-456e-a979-df8e697e6909,1,False
concurrency_n10_20260613_002350_kafka_feed7_rep1,kafka,sb-events-n10-feed7-rep1,1,4844,23588316000,6ec97d1a-06e8-4b68-979d-3020292d1441,3895086,256,21.33333333333333,4556378777,3895086:6ec97d1a-06e8-4b68-979d-3020292d1441,1,False
concurrency_n10_20260613_002350_kafka_feed7_rep1,kafka,sb-events-n10-feed7-rep1,1,4845,23594777700,59a991c1-59bf-4fad-8f31-088615a3ba09,3895121,257,21.416666666666668,4557073222,3895121:59a991c1-59bf-4fad-8f31-088615a3ba09,1,False
concurrency_n10_20260613_002350_kafka_feed7_rep1,kafka,sb-events-n10-feed7-rep1,0,4676,23602372700,62e1ac85-475b-41c2-9b77-e59c9e842495,3895107,257,21.416666666666668,4557073222,3895107:62e1ac85-475b-41c2-9b77-e59c9e842495,1,False
concurrency_n10_20260613_002350_kafka_feed7_rep1,kafka,sb-events-n10-feed7-rep1,1,4846,23602424300,cb14ea90-5d2b-47c7-9bc3-b5c8d67229b9,3895121,257,21.416666666666668,4557073222,3895121:cb14ea90-5d2b-47c7-9bc3-b5c8d67229b9,1,False
concurrency_n10_20260613_002350_kafka_feed7_rep1,kafka,sb-events-n10-feed7-rep1,1,4847,23607741400,3e16c4a5-f67a-49d4-b9a6-3c4ce4920dff,3895134,257,21.416666666666668,4557073222,3895134:3e16c4a5-f67a-49d4-b9a6-3c4ce4920dff,1,False
concurrency_n10_20260613_002350_kafka_feed7_rep1,kafka,sb-events-n10-feed7-rep1,0,4677,23616162200,e4df921b-4a22-4c53-911c-f17696fbd589,3895134,257,21.416666666666668,4557073222,3895134:e4df921b-4a22-4c53-911c-f17696fbd589,1,False
concurrency_n10_20260613_002350_kafka_feed7_rep1,kafka,sb-events-n10-feed7-rep1,0,4678,23616207200,54204948-7ae4-4ee2-afe1-e0ddd2bd4aec,3895086,257,21.416666666666668,4557073222,3895086:54204948-7ae4-4ee2-afe1-e0ddd2bd4aec,1,False
concurrency_n10_20260613_002350_kafka_feed7_rep1,kafka,sb-events-n10-feed7-rep1,0,4679,23620336500,73a9ced2-4181-48ba-846e-bdb30829fcce,3895086,257,21.416666666666668,4557073222,3895086:73a9ced2-4181-48ba-846e-bdb30829fcce,1,False
concurrency_n10_20260613_002350_kafka_feed7_rep1,kafka,sb-events-n10-feed7-rep1,0,4680,23632617200,38e2a384-9e04-4022-80d7-b973f795b0a9,3895067,258,21.5,4557767666,3895067:38e2a384-9e04-4022-80d7-b973f795b0a9,1,False
concurrency_n10_20260613_002350_kafka_feed7_rep1,kafka,sb-events-n10-feed7-rep1,0,4681,23632669200,bf15dbac-44e7-4bff-a8f0-603372cda1a0,3895067,258,21.5,4557767666,3895067:bf15dbac-44e7-4bff-a8f0-603372cda1a0,1,False
concurrency_n10_20260613_002350_kafka_feed7_rep1,kafka,sb-events-n10-feed7-rep1,2,4842,23642191500,f5117633-0494-4caf-8991-e6e6e82a6d58,3895074,258,21.5,4557767666,3895074:f5117633-0494-4caf-8991-e6e6e82a6d58,1,False
concurrency_n10_20260613_002350_kafka_feed7_rep1,kafka,sb-events-n10-feed7-rep1,2,4843,23642237000,1f90c84b-8198-4fe6-926e-b127432fe1ce,3895107,258,21.5,4557767666,3895107:1f90c84b-8198-4fe6-926e-b127432fe1ce,1,False
concurrency_n10_20260613_002350_kafka_feed7_rep1,kafka,sb-events-n10-feed7-rep1,0,4682,23649810700,e03baa4b-601d-4da7-8fea-80b62a62484d,3895086,258,21.5,4557767666,3895086:e03baa4b-601d-4da7-8fea-80b62a62484d,1,False
concurrency_n10_20260613_002350_kafka_feed7_rep1,kafka,sb-events-n10-feed7-rep1,0,4683,23650900800,68854cd3-aa73-4048-ade3-4704949a8de0,3895086,258,21.5,4557767666,3895086:68854cd3-aa73-4048-ade3-4704949a8de0,1,False
concurrency_n10_20260613_002350_kafka_feed7_rep1,kafka,sb-events-n10-feed7-rep1,2,4844,23650946500,cc6dccb1-5860-46f3-8735-8e8f428d01b9,3895107,258,21.5,4557767666,3895107:cc6dccb1-5860-46f3-8735-8e8f428d01b9,1,False
concurrency_n10_20260613_002350_kafka_feed7_rep1,kafka,sb-events-n10-feed7-rep1,1,4848,23657161000,2e46e287-e9c1-4099-a47b-5bd15f749fdd,3895121,259,21.58333333333333,4558462111,3895121:2e46e287-e9c1-4099-a47b-5bd15f749fdd,1,False
concurrency_n10_20260613_002350_kafka_feed7_rep1,kafka,sb-events-n10-feed7-rep1,1,4849,23657201800,e2076784-c7cd-4a7b-911d-32148bdcb668,3895067,259,21.58333333333333,4558462111,3895067:e2076784-c7cd-4a7b-911d-32148bdcb668,1,False
concurrency_n10_20260613_002350_kafka_feed7_rep1,kafka,sb-events-n10-feed7-rep1,2,4845,23657228500,b48dd5a9-9fda-4540-9579-1eb7241c1732,3895086,258,21.5,4557767666,3895086:b48dd5a9-9fda-4540-9579-1eb7241c1732,1,False
concurrency_n10_20260613_002350_kafka_feed7_rep1,kafka,sb-events-n10-feed7-rep1,0,4684,23662587100,e9f720af-7816-4335-a7c7-128a55d24113,3895107,259,21.58333333333333,4558462111,3895107:e9f720af-7816-4335-a7c7-128a55d24113,1,False
concurrency_n10_20260613_002350_kafka_feed7_rep1,kafka,sb-events-n10-feed7-rep1,2,4846,23668796600,663fed60-ccc7-45ed-b398-8c2b0921fb53,3895113,259,21.58333333333333,4558462111,3895113:663fed60-ccc7-45ed-b398-8c2b0921fb53,1,False
concurrency_n10_20260613_002350_kafka_feed7_rep1,kafka,sb-events-n10-feed7-rep1,0,4685,23673167500,9b56a464-22da-4631-8ac9-d069ad9e27a8,3895113,259,21.58333333333333,4558462111,3895113:9b56a464-22da-4631-8ac9-d069ad9e27a8,1,False
concurrency_n10_20260613_002350_kafka_feed7_rep1,kafka,sb-events-n10-feed7-rep1,1,4850,23680651400,10838d52-0301-4524-876a-0b60517930a0,3895113,259,21.58333333333333,4558462111,3895113:10838d52-0301-4524-876a-0b60517930a0,1,False
concurrency_n10_20260613_002350_kafka_feed7_rep1,kafka,sb-events-n10-feed7-rep1,2,4847,23695904400,6a23b116-5052-424c-8edb-ec17fc93049c,3895086,259,21.58333333333333,4558462111,3895086:6a23b116-5052-424c-8edb-ec17fc93049c,1,False
concurrency_n10_20260613_002350_kafka_feed7_rep1,kafka,sb-events-n10-feed7-rep1,1,4851,23695949300,47215bf6-9a9b-44ef-83e0-300fed2e90e6,3895086,259,21.58333333333333,4558462111,3895086:47215bf6-9a9b-44ef-83e0-300fed2e90e6,1,False
concurrency_n10_20260613_002350_kafka_feed7_rep1,kafka,sb-events-n10-feed7-rep1,0,4686,23709495600,ea4cd5da-c431-45e1-9579-f6afcf1d18e1,3895074,260,21.666666666666668,4559156555,3895074:ea4cd5da-c431-45e1-9579-f6afcf1d18e1,1,False
concurrency_n10_20260613_002350_kafka_feed7_rep1,kafka,sb-events-n10-feed7-rep1,2,4848,23709544200,ee0a8cc6-0d4e-4359-8cdc-c4657c2527ba,3895121,260,21.666666666666668,4559156555,3895121:ee0a8cc6-0d4e-4359-8cdc-c4657c2527ba,1,False
concurrency_n10_20260613_002350_kafka_feed7_rep1,kafka,sb-events-n10-feed7-rep1,1,4852,23709569100,9aa277b0-c06e-4c8f-871f-fc858ede75a1,3895095,260,21.666666666666668,4559156555,3895095:9aa277b0-c06e-4c8f-871f-fc858ede75a1,1,False
concurrency_n10_20260613_002350_kafka_feed7_rep1,kafka,sb-events-n10-feed7-rep1,1,4853,23709591300,6bcac124-e4dc-45f1-b0bd-21ed8e841c40,3895121,260,21.666666666666668,4559156555,3895121:6bcac124-e4dc-45f1-b0bd-21ed8e841c40,1,False
concurrency_n10_20260613_002350_kafka_feed7_rep1,kafka,sb-events-n10-feed7-rep1,0,4687,23724870200,4942bd70-328f-4b42-b1a0-ca86e5ed0132,3895067,260,21.666666666666668,4559156555,3895067:4942bd70-328f-4b42-b1a0-ca86e5ed0132,1,False
concurrency_n10_20260613_002350_kafka_feed7_rep1,kafka,sb-events-n10-feed7-rep1,2,4849,23724919000,ed84fc85-9f8b-412f-81c2-680173fb86ae,3895074,260,21.666666666666668,4559156555,3895074:ed84fc85-9f8b-412f-81c2-680173fb86ae,1,False
concurrency_n10_20260613_002350_kafka_feed7_rep1,kafka,sb-events-n10-feed7-rep1,1,4854,23724945100,0125e4f0-5e8a-476d-8cfe-ea841d753ef4,3895067,260,21.666666666666668,4559156555,3895067:0125e4f0-5e8a-476d-8cfe-ea841d753ef4,1,False
concurrency_n10_20260613_002350_kafka_feed7_rep1,kafka,sb-events-n10-feed7-rep1,0,4688,23736066300,485ae714-24e3-4f42-b361-07329c135923,3895107,260,21.666666666666668,4559156555,3895107:485ae714-24e3-4f42-b361-07329c135923,1,False
concurrency_n10_20260613_002350_kafka_feed7_rep1,kafka,sb-events-n10-feed7-rep1,2,4850,23736111200,71cc3eec-93e6-4ef6-a5c2-af39d963246d,3895113,260,21.666666666666668,4559156555,3895113:71cc3eec-93e6-4ef6-a5c2-af39d963246d,1,False
concurrency_n10_20260613_002350_kafka_feed7_rep1,kafka,sb-events-n10-feed7-rep1,1,4855,23736134300,5dad505a-6623-4536-b2ac-6022b8da73d4,3895107,260,21.666666666666668,4559156555,3895107:5dad505a-6623-4536-b2ac-6022b8da73d4,1,False
concurrency_n10_20260613_002350_kafka_feed7_rep1,kafka,sb-events-n10-feed7-rep1,0,4689,23741130400,0ca04aaf-412c-44d0-a7a2-8b121880b269,3895113,260,21.666666666666668,4559156555,3895113:0ca04aaf-412c-44d0-a7a2-8b121880b269,1,False
concurrency_n10_20260613_002350_kafka_feed7_rep1,kafka,sb-events-n10-feed7-rep1,1,4856,23741178500,996cd44e-aacc-4356-94f2-018d44db541e,3895095,261,21.75,4559851000,3895095:996cd44e-aacc-4356-94f2-018d44db541e,1,False
concurrency_n10_20260613_002350_kafka_feed7_rep1,kafka,sb-events-n10-feed7-rep1,2,4851,23748205700,0fe5d0e6-56a8-4c1e-b502-944527c8b3b2,3895067,261,21.75,4559851000,3895067:0fe5d0e6-56a8-4c1e-b502-944527c8b3b2,1,False
concurrency_n10_20260613_002350_kafka_feed7_rep1,kafka,sb-events-n10-feed7-rep1,1,4857,23748245300,16bc8159-f671-475a-bcba-c53e4796be16,3895074,261,21.75,4559851000,3895074:16bc8159-f671-475a-bcba-c53e4796be16,1,False
concurrency_n10_20260613_002350_kafka_feed7_rep1,kafka,sb-events-n10-feed7-rep1,2,4852,23756919400,24493149-eac2-44f2-b2f5-271189452a64,3895134,261,21.75,4559851000,3895134:24493149-eac2-44f2-b2f5-271189452a64,1,False
concurrency_n10_20260613_002350_kafka_feed7_rep1,kafka,sb-events-n10-feed7-rep1,2,4853,23763188700,cfa33c23-5e87-40cc-8d8c-c0758d159bc3,3895121,262,21.83333333333333,4560545444,3895121:cfa33c23-5e87-40cc-8d8c-c0758d159bc3,1,False
concurrency_n10_20260613_002350_kafka_feed7_rep1,kafka,sb-events-n10-feed7-rep1,1,4858,23766199200,10d650b0-aeb3-480f-a773-2363ee75ceac,3895074,262,21.83333333333333,4560545444,3895074:10d650b0-aeb3-480f-a773-2363ee75ceac,1,False
concurrency_n10_20260613_002350_kafka_feed7_rep1,kafka,sb-events-n10-feed7-rep1,2,4854,23772323200,f095118b-5d42-442e-a60a-331f0f9173be,3895074,262,21.83333333333333,4560545444,3895074:f095118b-5d42-442e-a60a-331f0f9173be,1,False
concurrency_n10_20260613_002350_kafka_feed7_rep1,kafka,sb-events-n10-feed7-rep1,1,4859,23781018700,514d34a6-6e55-491c-a213-7c9fa1c0b7fb,3895107,262,21.83333333333333,4560545444,3895107:514d34a6-6e55-491c-a213-7c9fa1c0b7fb,1,False
concurrency_n10_20260613_002350_kafka_feed7_rep1,kafka,sb-events-n10-feed7-rep1,1,4860,23781056700,4e2224cd-3e95-48e5-9712-7710ef3f1c0a,3895134,262,21.83333333333333,4560545444,3895134:4e2224cd-3e95-48e5-9712-7710ef3f1c0a,1,False
concurrency_n10_20260613_002350_kafka_feed7_rep1,kafka,sb-events-n10-feed7-rep1,0,4690,23790923700,f1cd4674-ad76-45d4-9628-c4e224ac2f35,3895134,262,21.83333333333333,4560545444,3895134:f1cd4674-ad76-45d4-9628-c4e224ac2f35,1,False
concurrency_n10_20260613_002350_kafka_feed7_rep1,kafka,sb-events-n10-feed7-rep1,2,4855,23791096900,66caab40-09c3-446d-a427-cf45c915444d,3895086,262,21.83333333333333,4560545444,3895086:66caab40-09c3-446d-a427-cf45c915444d,1,False
concurrency_n10_20260613_002350_kafka_feed7_rep1,kafka,sb-events-n10-feed7-rep1,0,4691,23795849900,bc4a7ba2-d4e7-4286-8374-d79a5779f841,3895121,263,21.916666666666668,4561239888,3895121:bc4a7ba2-d4e7-4286-8374-d79a5779f841,1,False
concurrency_n10_20260613_002350_kafka_feed7_rep1,kafka,sb-events-n10-feed7-rep1,0,4692,23795890400,8298e9c7-a913-4efc-a9ba-9ee43d90dcc5,3895067,263,21.916666666666668,4561239888,3895067:8298e9c7-a913-4efc-a9ba-9ee43d90dcc5,1,False
concurrency_n10_20260613_002350_kafka_feed7_rep1,kafka,sb-events-n10-feed7-rep1,2,4856,23795913500,8618303d-99e2-4e41-bfce-73679717791a,3895121,263,21.916666666666668,4561239888,3895121:8618303d-99e2-4e41-bfce-73679717791a,1,False
concurrency_n10_20260613_002350_kafka_feed7_rep1,kafka,sb-events-n10-feed7-rep1,1,4861,23809325400,13e41f11-b758-4c70-b60d-97d3887b664b,3895067,263,21.916666666666668,4561239888,3895067:13e41f11-b758-4c70-b60d-97d3887b664b,1,False
concurrency_n10_20260613_002350_kafka_feed7_rep1,kafka,sb-events-n10-feed7-rep1,0,4693,23819406700,18d31a96-ce5f-4b9f-83fc-6d5e684cf434,3895067,263,21.916666666666668,4561239888,3895067:18d31a96-ce5f-4b9f-83fc-6d5e684cf434,1,False
concurrency_n10_20260613_002350_kafka_feed7_rep1,kafka,sb-events-n10-feed7-rep1,2,4857,23819450700,6282f2ed-5306-4692-97a8-018abed55a97,3895086,263,21.916666666666668,4561239888,3895086:6282f2ed-5306-4692-97a8-018abed55a97,1,False
concurrency_n10_20260613_002350_kafka_feed7_rep1,kafka,sb-events-n10-feed7-rep1,2,4858,23828141700,0d575998-33de-49ca-b066-2b07f6d5b877,3895086,263,21.916666666666668,4561239888,3895086:0d575998-33de-49ca-b066-2b07f6d5b877,1,False
concurrency_n10_20260613_002350_kafka_feed7_rep1,kafka,sb-events-n10-feed7-rep1,2,4859,23828185400,2c155794-7231-487e-8463-a99b8c0bf033,3895086,263,21.916666666666668,4561239888,3895086:2c155794-7231-487e-8463-a99b8c0bf033,1,False
concurrency_n10_20260613_002350_kafka_feed7_rep1,kafka,sb-events-n10-feed7-rep1,0,4694,23834903900,92038172-7102-4357-88a0-d66531d0be4e,3895086,263,21.916666666666668,4561239888,3895086:92038172-7102-4357-88a0-d66531d0be4e,1,False
concurrency_n10_20260613_002350_kafka_feed7_rep1,kafka,sb-events-n10-feed7-rep1,0,4695,23834954200,8fe456b1-05c6-45d3-8b82-1ac9bf0fe7be,3895067,264,22.0,4561934333,3895067:8fe456b1-05c6-45d3-8b82-1ac9bf0fe7be,1,False
concurrency_n10_20260613_002350_kafka_feed7_rep1,kafka,sb-events-n10-feed7-rep1,1,4862,23841428100,3d789615-1091-409c-85fd-685e7676feda,3895067,264,22.0,4561934333,3895067:3d789615-1091-409c-85fd-685e7676feda,1,False
concurrency_n10_20260613_002350_kafka_feed7_rep1,kafka,sb-events-n10-feed7-rep1,2,4860,23841468400,13ee56a2-d705-49a4-ab4a-d4d369100413,3895107,264,22.0,4561934333,3895107:13ee56a2-d705-49a4-ab4a-d4d369100413,1,False
concurrency_n10_20260613_002350_kafka_feed7_rep1,kafka,sb-events-n10-feed7-rep1,2,4861,23847170500,9c10cb13-35c4-4526-ac97-d99683b9e699,3895107,264,22.0,4561934333,3895107:9c10cb13-35c4-4526-ac97-d99683b9e699,1,False
concurrency_n10_20260613_002350_kafka_feed7_rep1,kafka,sb-events-n10-feed7-rep1,2,4862,23847223200,efb93bf2-d768-4a93-af9f-ca59ff1274c9,3895134,264,22.0,4561934333,3895134:efb93bf2-d768-4a93-af9f-ca59ff1274c9,1,False
concurrency_n10_20260613_002350_kafka_feed7_rep1,kafka,sb-events-n10-feed7-rep1,1,4863,23856105000,b6c7894b-dd9c-454c-8216-795a1b1cf868,3895134,265,22.08333333333333,4562628777,3895134:b6c7894b-dd9c-454c-8216-795a1b1cf868,1,False
concurrency_n10_20260613_002350_kafka_feed7_rep1,kafka,sb-events-n10-feed7-rep1,2,4863,23861837600,34c88955-3322-45ec-8d48-1dc784b8d9cb,3895086,265,22.08333333333333,4562628777,3895086:34c88955-3322-45ec-8d48-1dc784b8d9cb,1,False
concurrency_n10_20260613_002350_kafka_feed7_rep1,kafka,sb-events-n10-feed7-rep1,1,4864,23861886200,88b7d2c5-ea70-4802-8e21-22e5bec35408,3895086,265,22.08333333333333,4562628777,3895086:88b7d2c5-ea70-4802-8e21-22e5bec35408,1,False
concurrency_n10_20260613_002350_kafka_feed7_rep1,kafka,sb-events-n10-feed7-rep1,2,4864,23869863200,9e776352-0652-4d54-bb99-2af9245e34bd,3895121,266,22.166666666666668,4563323222,3895121:9e776352-0652-4d54-bb99-2af9245e34bd,1,False
concurrency_n10_20260613_002350_kafka_feed7_rep1,kafka,sb-events-n10-feed7-rep1,1,4865,23877218500,b554adb2-7947-471d-978b-65ab486e3695,3895107,266,22.166666666666668,4563323222,3895107:b554adb2-7947-471d-978b-65ab486e3695,1,False
concurrency_n10_20260613_002350_kafka_feed7_rep1,kafka,sb-events-n10-feed7-rep1,2,4865,23882530300,095beac9-7bb6-4509-8f3b-046dbe3256e6,3895086,266,22.166666666666668,4563323222,3895086:095beac9-7bb6-4509-8f3b-046dbe3256e6,1,False
concurrency_n10_20260613_002350_kafka_feed7_rep1,kafka,sb-events-n10-feed7-rep1,2,4866,23889115700,2180041b-af64-4877-a4d2-385bd5e76108,3895086,266,22.166666666666668,4563323222,3895086:2180041b-af64-4877-a4d2-385bd5e76108,1,False
concurrency_n10_20260613_002350_kafka_feed7_rep1,kafka,sb-events-n10-feed7-rep1,0,4696,23900509300,9e68e4a2-3f54-4586-9c97-d02b4d59c25f,3895086,266,22.166666666666668,4563323222,3895086:9e68e4a2-3f54-4586-9c97-d02b4d59c25f,1,False
concurrency_n10_20260613_002350_kafka_feed7_rep1,kafka,sb-events-n10-feed7-rep1,2,4867,23900552800,ed4f581a-98cf-437d-b2d9-6ab817f3a8e1,3895086,266,22.166666666666668,4563323222,3895086:ed4f581a-98cf-437d-b2d9-6ab817f3a8e1,1,False
concurrency_n10_20260613_002350_kafka_feed7_rep1,kafka,sb-events-n10-feed7-rep1,0,4697,23907722400,4dca818c-95a9-4119-bcf7-c9ceb9b6e893,3895121,267,22.25,4564017666,3895121:4dca818c-95a9-4119-bcf7-c9ceb9b6e893,1,False
concurrency_n10_20260613_002350_kafka_feed7_rep1,kafka,sb-events-n10-feed7-rep1,2,4868,23907765400,b9cd084b-db1f-4e4d-bb2b-8df05782ef9e,3895060,267,22.25,4564017666,3895060:b9cd084b-db1f-4e4d-bb2b-8df05782ef9e,1,False
concurrency_n10_20260613_002350_kafka_feed7_rep1,kafka,sb-events-n10-feed7-rep1,0,4698,23913746700,46623275-b589-4b8c-a3ac-860979f10126,3895121,267,22.25,4564017666,3895121:46623275-b589-4b8c-a3ac-860979f10126,1,False
concurrency_n10_20260613_002350_kafka_feed7_rep1,kafka,sb-events-n10-feed7-rep1,0,4699,23913800500,51a56ca6-53b2-4905-a64e-1f75f54f9c22,3895074,267,22.25,4564017666,3895074:51a56ca6-53b2-4905-a64e-1f75f54f9c22,1,False
concurrency_n10_20260613_002350_kafka_feed7_rep1,kafka,sb-events-n10-feed7-rep1,2,4869,23913831400,e54d1ea2-fdce-4a39-a60e-a10cbdd38c69,3895067,267,22.25,4564017666,3895067:e54d1ea2-fdce-4a39-a60e-a10cbdd38c69,1,False
concurrency_n10_20260613_002350_kafka_feed7_rep1,kafka,sb-events-n10-feed7-rep1,0,4700,23919679300,1e1a8680-84d3-44a8-a763-d0c2f61ccaef,3895107,267,22.25,4564017666,3895107:1e1a8680-84d3-44a8-a763-d0c2f61ccaef,1,False
concurrency_n10_20260613_002350_kafka_feed7_rep1,kafka,sb-events-n10-feed7-rep1,0,4701,23925547500,343781b7-0e28-4c1a-9519-e9a223c4a2ab,3895086,267,22.25,4564017666,3895086:343781b7-0e28-4c1a-9519-e9a223c4a2ab,1,False
concurrency_n10_20260613_002350_kafka_feed7_rep1,kafka,sb-events-n10-feed7-rep1,0,4702,23933249400,bd4fd27a-af25-48c9-b982-579d4156695a,3895086,267,22.25,4564017666,3895086:bd4fd27a-af25-48c9-b982-579d4156695a,1,False
concurrency_n10_20260613_002350_kafka_feed7_rep1,kafka,sb-events-n10-feed7-rep1,1,4866,23944264100,0b59b3bf-4601-4c24-8885-60395189f536,3895086,267,22.25,4564017666,3895086:0b59b3bf-4601-4c24-8885-60395189f536,1,False
concurrency_n10_20260613_002350_kafka_feed7_rep1,kafka,sb-events-n10-feed7-rep1,1,4867,23944309100,0fba1ad7-479b-4b6d-bc7b-6c018c155cf0,3895074,268,22.33333333333333,4564712111,3895074:0fba1ad7-479b-4b6d-bc7b-6c018c155cf0,1,False
concurrency_n10_20260613_002350_kafka_feed7_rep1,kafka,sb-events-n10-feed7-rep1,0,4703,23952272200,ee0a6df8-5cef-40c1-9e50-478ba581f659,3895074,268,22.33333333333333,4564712111,3895074:ee0a6df8-5cef-40c1-9e50-478ba581f659,1,False
concurrency_n10_20260613_002350_kafka_feed7_rep1,kafka,sb-events-n10-feed7-rep1,1,4868,23952318600,fd1049b3-6c01-4bcf-9e28-659dc18d76be,3895067,268,22.33333333333333,4564712111,3895067:fd1049b3-6c01-4bcf-9e28-659dc18d76be,1,False
concurrency_n10_20260613_002350_kafka_feed7_rep1,kafka,sb-events-n10-feed7-rep1,2,4870,23957376200,c885f171-2860-4119-9ee5-46c6577051c7,3895067,268,22.33333333333333,4564712111,3895067:c885f171-2860-4119-9ee5-46c6577051c7,1,False
concurrency_n10_20260613_002350_kafka_feed7_rep1,kafka,sb-events-n10-feed7-rep1,2,4871,23957420700,dd5cc896-95a8-4dde-b096-19f8a35fedae,3895067,268,22.33333333333333,4564712111,3895067:dd5cc896-95a8-4dde-b096-19f8a35fedae,1,False
concurrency_n10_20260613_002350_kafka_feed7_rep1,kafka,sb-events-n10-feed7-rep1,0,4704,23962931800,d2605132-7102-44cd-989b-463ca323eadd,3895067,268,22.33333333333333,4564712111,3895067:d2605132-7102-44cd-989b-463ca323eadd,1,False
concurrency_n10_20260613_002350_kafka_feed7_rep1,kafka,sb-events-n10-feed7-rep1,2,4872,23970122300,c8b2a6c1-0af0-40cb-954c-fc5b21ed2a10,3895107,268,22.33333333333333,4564712111,3895107:c8b2a6c1-0af0-40cb-954c-fc5b21ed2a10,1,False
concurrency_n10_20260613_002350_kafka_feed7_rep1,kafka,sb-events-n10-feed7-rep1,1,4869,23979391900,391c6d6b-904b-4a03-8e42-64066fa8bd04,3895107,268,22.33333333333333,4564712111,3895107:391c6d6b-904b-4a03-8e42-64066fa8bd04,1,False
concurrency_n10_20260613_002350_kafka_feed7_rep1,kafka,sb-events-n10-feed7-rep1,1,4870,23979436800,e74c249e-23f6-4b45-b6d3-1314c1b07372,3895134,268,22.33333333333333,4564712111,3895134:e74c249e-23f6-4b45-b6d3-1314c1b07372,1,False
concurrency_n10_20260613_002350_kafka_feed7_rep1,kafka,sb-events-n10-feed7-rep1,0,4705,23986556400,c83ebc9a-b029-493e-8581-ec84cacecafd,3895134,268,22.33333333333333,4564712111,3895134:c83ebc9a-b029-493e-8581-ec84cacecafd,1,False
concurrency_n10_20260613_002350_kafka_feed7_rep1,kafka,sb-events-n10-feed7-rep1,1,4871,23986720200,aca80b04-2892-4c4f-888e-df76c7567817,3895086,268,22.33333333333333,4564712111,3895086:aca80b04-2892-4c4f-888e-df76c7567817,1,False
concurrency_n10_20260613_002350_kafka_feed7_rep1,kafka,sb-events-n10-feed7-rep1,1,4872,23997873300,0cde918a-e527-4076-8a12-e5a60f799698,3895086,268,22.33333333333333,4564712111,3895086:0cde918a-e527-4076-8a12-e5a60f799698,1,False
concurrency_n10_20260613_002350_kafka_feed7_rep1,kafka,sb-events-n10-feed7-rep1,1,4873,23997938600,338ab47a-b28f-4c2b-bd70-7e12984b30fc,3895060,269,22.416666666666668,4565406555,3895060:338ab47a-b28f-4c2b-bd70-7e12984b30fc,1,False
concurrency_n10_20260613_002350_kafka_feed7_rep1,kafka,sb-events-n10-feed7-rep1,0,4706,24006751300,1f368669-6dbe-435c-a840-a7460f2a4eb8,3895121,269,22.416666666666668,4565406555,3895121:1f368669-6dbe-435c-a840-a7460f2a4eb8,1,False
concurrency_n10_20260613_002350_kafka_feed7_rep1,kafka,sb-events-n10-feed7-rep1,1,4874,24006800600,01628134-a403-45a5-9d2d-22b3bfe0979c,3895060,269,22.416666666666668,4565406555,3895060:01628134-a403-45a5-9d2d-22b3bfe0979c,1,False
concurrency_n10_20260613_002350_kafka_feed7_rep1,kafka,sb-events-n10-feed7-rep1,2,4873,24015051500,afa22405-2040-43ab-b197-f2419187cd98,3895074,269,22.416666666666668,4565406555,3895074:afa22405-2040-43ab-b197-f2419187cd98,1,False
concurrency_n10_20260613_002350_kafka_feed7_rep1,kafka,sb-events-n10-feed7-rep1,1,4875,24015092700,723e6795-1547-43a5-8c9e-2aed6477cf78,3895121,269,22.416666666666668,4565406555,3895121:723e6795-1547-43a5-8c9e-2aed6477cf78,1,False
concurrency_n10_20260613_002350_kafka_feed7_rep1,kafka,sb-events-n10-feed7-rep1,1,4876,24019886600,177f2b40-74c1-40e8-bec1-804b49c2c305,3895107,269,22.416666666666668,4565406555,3895107:177f2b40-74c1-40e8-bec1-804b49c2c305,1,False
concurrency_n10_20260613_002350_kafka_feed7_rep1,kafka,sb-events-n10-feed7-rep1,0,4707,24027916700,6eaa0b6f-a268-4df3-8485-181924de80a4,3895060,270,22.5,4566101000,3895060:6eaa0b6f-a268-4df3-8485-181924de80a4,1,False
concurrency_n10_20260613_002350_kafka_feed7_rep1,kafka,sb-events-n10-feed7-rep1,1,4877,24034615900,42078d0a-8356-4d5f-8c14-9258e6893705,3895060,270,22.5,4566101000,3895060:42078d0a-8356-4d5f-8c14-9258e6893705,1,False
concurrency_n10_20260613_002350_kafka_feed7_rep1,kafka,sb-events-n10-feed7-rep1,1,4878,24041741800,e8deba9d-f61c-4666-89ca-9aac01e5ed15,3895060,270,22.5,4566101000,3895060:e8deba9d-f61c-4666-89ca-9aac01e5ed15,1,False
concurrency_n10_20260613_002350_kafka_feed7_rep1,kafka,sb-events-n10-feed7-rep1,1,4879,24041815500,01bb8b26-990c-48f7-85c8-d20de30bddea,3895074,270,22.5,4566101000,3895074:01bb8b26-990c-48f7-85c8-d20de30bddea,1,False
concurrency_n10_20260613_002350_kafka_feed7_rep1,kafka,sb-events-n10-feed7-rep1,0,4708,24050263000,3583f06d-21fc-45fc-b46a-01fe1867d33b,3895074,270,22.5,4566101000,3895074:3583f06d-21fc-45fc-b46a-01fe1867d33b,1,False
concurrency_n10_20260613_002350_kafka_feed7_rep1,kafka,sb-events-n10-feed7-rep1,2,4874,24057837200,dfba11df-0765-423a-bb4f-a4a1b86cc36e,3895074,270,22.5,4566101000,3895074:dfba11df-0765-423a-bb4f-a4a1b86cc36e,1,False
concurrency_n10_20260613_002350_kafka_feed7_rep1,kafka,sb-events-n10-feed7-rep1,0,4709,24063958100,d514dd51-cbc8-4d01-a300-dc01767fd9d5,3895067,270,22.5,4566101000,3895067:d514dd51-cbc8-4d01-a300-dc01767fd9d5,1,False
concurrency_n10_20260613_002350_kafka_feed7_rep1,kafka,sb-events-n10-feed7-rep1,1,4880,24074051700,1e9330b6-39e2-4a05-bf78-c117c52f08e8,3895107,270,22.5,4566101000,3895107:1e9330b6-39e2-4a05-bf78-c117c52f08e8,1,False
concurrency_n10_20260613_002350_kafka_feed7_rep1,kafka,sb-events-n10-feed7-rep1,2,4875,24074876700,7f6e4468-5f83-4886-80bb-75c5a0d8ff6d,3895067,270,22.5,4566101000,3895067:7f6e4468-5f83-4886-80bb-75c5a0d8ff6d,1,False
concurrency_n10_20260613_002350_kafka_feed7_rep1,kafka,sb-events-n10-feed7-rep1,2,4876,24075101500,977ef353-dfbd-4e2c-a5a2-37786c84f1f3,3895107,270,22.5,4566101000,3895107:977ef353-dfbd-4e2c-a5a2-37786c84f1f3,1,False
concurrency_n10_20260613_002350_kafka_feed7_rep1,kafka,sb-events-n10-feed7-rep1,1,4881,24086792600,8aed6f04-02ac-4e12-be25-8acf290f30a7,3895107,270,22.5,4566101000,3895107:8aed6f04-02ac-4e12-be25-8acf290f30a7,1,False
concurrency_n10_20260613_002350_kafka_feed7_rep1,kafka,sb-events-n10-feed7-rep1,0,4710,24092652100,bc0b8dcf-0f27-4a89-ba32-bc747d9bc952,3895134,270,22.5,4566101000,3895134:bc0b8dcf-0f27-4a89-ba32-bc747d9bc952,1,False
concurrency_n10_20260613_002350_kafka_feed7_rep1,kafka,sb-events-n10-feed7-rep1,1,4882,24092698700,e9ba22ee-8e47-4642-9ed4-f11566f547de,3895086,270,22.5,4566101000,3895086:e9ba22ee-8e47-4642-9ed4-f11566f547de,1,False
concurrency_n10_20260613_002350_kafka_feed7_rep1,kafka,sb-events-n10-feed7-rep1,0,4711,24098805600,5581ad54-dcfa-4b43-8955-ab459b7cc83d,3895060,271,22.58333333333333,4566795444,3895060:5581ad54-dcfa-4b43-8955-ab459b7cc83d,1,False
concurrency_n10_20260613_002350_kafka_feed7_rep1,kafka,sb-events-n10-feed7-rep1,1,4883,24110423400,1fdfc1cf-dc92-4683-9358-6644a102d190,3895067,271,22.58333333333333,4566795444,3895067:1fdfc1cf-dc92-4683-9358-6644a102d190,1,False
concurrency_n10_20260613_002350_kafka_feed7_rep1,kafka,sb-events-n10-feed7-rep1,0,4712,24110464300,44a9ff5c-461a-4345-8903-b8369f454bab,3895121,271,22.58333333333333,4566795444,3895121:44a9ff5c-461a-4345-8903-b8369f454bab,1,False
concurrency_n10_20260613_002350_kafka_feed7_rep1,kafka,sb-events-n10-feed7-rep1,1,4884,24116716600,07406593-3095-4290-a316-b490ea348684,3895067,271,22.58333333333333,4566795444,3895067:07406593-3095-4290-a316-b490ea348684,1,False
concurrency_n10_20260613_002350_kafka_feed7_rep1,kafka,sb-events-n10-feed7-rep1,0,4713,24116758000,1036de56-68da-4a7d-ae7a-0c2693862ce9,3895067,271,22.58333333333333,4566795444,3895067:1036de56-68da-4a7d-ae7a-0c2693862ce9,1,False
concurrency_n10_20260613_002350_kafka_feed7_rep1,kafka,sb-events-n10-feed7-rep1,2,4877,24122262200,0267a16d-9851-474d-b248-83f9736881eb,3895107,271,22.58333333333333,4566795444,3895107:0267a16d-9851-474d-b248-83f9736881eb,1,False
concurrency_n10_20260613_002350_kafka_feed7_rep1,kafka,sb-events-n10-feed7-rep1,0,4714,24122306000,00119947-82ad-443c-af11-6dd33262c767,3895052,271,22.58333333333333,4566795444,3895052:00119947-82ad-443c-af11-6dd33262c767,1,False
concurrency_n10_20260613_002350_kafka_feed7_rep1,kafka,sb-events-n10-feed7-rep1,0,4715,24128216500,6e729421-0bbd-49c9-b3d7-487e8f0d20dd,3895107,271,22.58333333333333,4566795444,3895107:6e729421-0bbd-49c9-b3d7-487e8f0d20dd,1,False
concurrency_n10_20260613_002350_kafka_feed7_rep1,kafka,sb-events-n10-feed7-rep1,2,4878,24134486700,a4412978-7f9a-4fc3-b054-1cd626d5abfd,3895107,271,22.58333333333333,4566795444,3895107:a4412978-7f9a-4fc3-b054-1cd626d5abfd,1,False
concurrency_n10_20260613_002350_kafka_feed7_rep1,kafka,sb-events-n10-feed7-rep1,0,4716,24143309900,86c9ab13-4b82-4056-ae14-1fc5594b80fd,3895107,271,22.58333333333333,4566795444,3895107:86c9ab13-4b82-4056-ae14-1fc5594b80fd,1,False
concurrency_n10_20260613_002350_kafka_feed7_rep1,kafka,sb-events-n10-feed7-rep1,2,4879,24143347900,bc947e40-b3f2-4f11-9aea-31ada13bfb38,3895107,271,22.58333333333333,4566795444,3895107:bc947e40-b3f2-4f11-9aea-31ada13bfb38,1,False
concurrency_n10_20260613_002350_kafka_feed7_rep1,kafka,sb-events-n10-feed7-rep1,1,4885,24151113800,74542926-021d-4bd8-8a65-0130ef27dc9e,3895074,272,22.666666666666668,4567489888,3895074:74542926-021d-4bd8-8a65-0130ef27dc9e,1,False
concurrency_n10_20260613_002350_kafka_feed7_rep1,kafka,sb-events-n10-feed7-rep1,1,4886,24151186900,0419fc46-4002-44ec-ae27-ee60e5e41bdc,3895074,272,22.666666666666668,4567489888,3895074:0419fc46-4002-44ec-ae27-ee60e5e41bdc,1,False
concurrency_n10_20260613_002350_kafka_feed7_rep1,kafka,sb-events-n10-feed7-rep1,0,4717,24157468900,5d1aff3f-0748-4407-b489-77cd8f595cc5,3895060,273,22.75,4568184333,3895060:5d1aff3f-0748-4407-b489-77cd8f595cc5,1,False
concurrency_n10_20260613_002350_kafka_feed7_rep1,kafka,sb-events-n10-feed7-rep1,2,4880,24157512400,13575c0f-d745-415b-980c-2927d9b04576,3895107,272,22.666666666666668,4567489888,3895107:13575c0f-d745-415b-980c-2927d9b04576,1,False
concurrency_n10_20260613_002350_kafka_feed7_rep1,kafka,sb-events-n10-feed7-rep1,0,4718,24162524800,fb2e4456-06c9-402f-8b09-37b2a0a85011,3895060,273,22.75,4568184333,3895060:fb2e4456-06c9-402f-8b09-37b2a0a85011,1,False
concurrency_n10_20260613_002350_kafka_feed7_rep1,kafka,sb-events-n10-feed7-rep1,2,4881,24170396300,14f03a0a-69ac-45c2-9584-3133cfcdf441,3895121,273,22.75,4568184333,3895121:14f03a0a-69ac-45c2-9584-3133cfcdf441,1,False
concurrency_n10_20260613_002350_kafka_feed7_rep1,kafka,sb-events-n10-feed7-rep1,0,4719,24177661500,2e5d777b-b87c-4193-9c66-2dc4f9799c0a,3895121,273,22.75,4568184333,3895121:2e5d777b-b87c-4193-9c66-2dc4f9799c0a,1,False
concurrency_n10_20260613_002350_kafka_feed7_rep1,kafka,sb-events-n10-feed7-rep1,1,4887,24183451800,e6500334-9172-4211-86d2-4367cd05906d,3895074,273,22.75,4568184333,3895074:e6500334-9172-4211-86d2-4367cd05906d,1,False
concurrency_n10_20260613_002350_kafka_feed7_rep1,kafka,sb-events-n10-feed7-rep1,1,4888,24183490700,47f7c1fd-4df8-4d04-8596-5ca260499f6c,3895107,273,22.75,4568184333,3895107:47f7c1fd-4df8-4d04-8596-5ca260499f6c,1,False
concurrency_n10_20260613_002350_kafka_feed7_rep1,kafka,sb-events-n10-feed7-rep1,2,4882,24191021000,0b89a38a-1b1e-41f8-a0b7-590546850b3c,3895107,273,22.75,4568184333,3895107:0b89a38a-1b1e-41f8-a0b7-590546850b3c,1,False
concurrency_n10_20260613_002350_kafka_feed7_rep1,kafka,sb-events-n10-feed7-rep1,1,4889,24202140600,705881f6-76d6-46d2-a301-243af6757449,3895107,273,22.75,4568184333,3895107:705881f6-76d6-46d2-a301-243af6757449,1,False
concurrency_n10_20260613_002350_kafka_feed7_rep1,kafka,sb-events-n10-feed7-rep1,1,4890,24202186900,50f26d4f-3cb8-4532-9185-4a10012037a5,3895107,273,22.75,4568184333,3895107:50f26d4f-3cb8-4532-9185-4a10012037a5,1,False
concurrency_n10_20260613_002350_kafka_feed7_rep1,kafka,sb-events-n10-feed7-rep1,0,4720,24206976600,ae390965-1a6c-455f-b3ca-922cf7b54142,3895121,274,22.83333333333333,4568878777,3895121:ae390965-1a6c-455f-b3ca-922cf7b54142,1,False
concurrency_n10_20260613_002350_kafka_feed7_rep1,kafka,sb-events-n10-feed7-rep1,1,4891,24207018700,c8deccf2-d454-445c-ad38-9cc2eb62faf5,3895060,274,22.83333333333333,4568878777,3895060:c8deccf2-d454-445c-ad38-9cc2eb62faf5,1,False
concurrency_n10_20260613_002350_kafka_feed7_rep1,kafka,sb-events-n10-feed7-rep1,0,4721,24212886000,6919c78c-5325-4109-82e5-f5c2db07e3e9,3895074,274,22.83333333333333,4568878777,3895074:6919c78c-5325-4109-82e5-f5c2db07e3e9,1,False
concurrency_n10_20260613_002350_kafka_feed7_rep1,kafka,sb-events-n10-feed7-rep1,0,4722,24223620800,9f9621bb-4395-4d3a-a51e-1e5352417f9c,3895074,274,22.83333333333333,4568878777,3895074:9f9621bb-4395-4d3a-a51e-1e5352417f9c,1,False
concurrency_n10_20260613_002350_kafka_feed7_rep1,kafka,sb-events-n10-feed7-rep1,0,4723,24223660700,91bb7ef0-a5ae-46fe-b05b-ba8dd1589f69,3895074,274,22.83333333333333,4568878777,3895074:91bb7ef0-a5ae-46fe-b05b-ba8dd1589f69,1,False
concurrency_n10_20260613_002350_kafka_feed7_rep1,kafka,sb-events-n10-feed7-rep1,1,4892,24231099400,8f2b509c-1b20-4fee-b757-e93b371d3008,3895052,274,22.83333333333333,4568878777,3895052:8f2b509c-1b20-4fee-b757-e93b371d3008,1,False
concurrency_n10_20260613_002350_kafka_feed7_rep1,kafka,sb-events-n10-feed7-rep1,1,4893,24238786500,ad9f5632-f016-4768-bb7f-f954877f062a,3895052,274,22.83333333333333,4568878777,3895052:ad9f5632-f016-4768-bb7f-f954877f062a,1,False
concurrency_n10_20260613_002350_kafka_feed7_rep1,kafka,sb-events-n10-feed7-rep1,1,4894,24256441800,18e2c4a7-33ef-460e-9455-d33add609933,3895107,274,22.83333333333333,4568878777,3895107:18e2c4a7-33ef-460e-9455-d33add609933,1,False
concurrency_n10_20260613_002350_kafka_feed7_rep1,kafka,sb-events-n10-feed7-rep1,1,4895,24256489300,bebba0a9-6275-4627-896b-8ed0fb80dae6,3895107,274,22.83333333333333,4568878777,3895107:bebba0a9-6275-4627-896b-8ed0fb80dae6,1,False
concurrency_n10_20260613_002350_kafka_feed7_rep1,kafka,sb-events-n10-feed7-rep1,2,4883,24262229800,9cbd77fd-6ab8-4c45-b0cb-21beb14be19c,3895067,275,22.916666666666668,4569573222,3895067:9cbd77fd-6ab8-4c45-b0cb-21beb14be19c,1,False
concurrency_n10_20260613_002350_kafka_feed7_rep1,kafka,sb-events-n10-feed7-rep1,0,4724,24262274400,3a395ce8-2863-48f0-9c25-dc5b497d7340,3895060,275,22.916666666666668,4569573222,3895060:3a395ce8-2863-48f0-9c25-dc5b497d7340,1,False
concurrency_n10_20260613_002350_kafka_feed7_rep1,kafka,sb-events-n10-feed7-rep1,1,4896,24262297200,e3ee7bfb-48b2-4421-aa5e-3d42632496ae,3895060,275,22.916666666666668,4569573222,3895060:e3ee7bfb-48b2-4421-aa5e-3d42632496ae,1,False
concurrency_n10_20260613_002350_kafka_feed7_rep1,kafka,sb-events-n10-feed7-rep1,2,4884,24267109700,69d57cf5-7da9-48d1-9f9d-a8929a77f91b,3895052,275,22.916666666666668,4569573222,3895052:69d57cf5-7da9-48d1-9f9d-a8929a77f91b,1,False
concurrency_n10_20260613_002350_kafka_feed7_rep1,kafka,sb-events-n10-feed7-rep1,2,4885,24276146500,06904d29-3849-430d-8a89-6dfe0363c0aa,3895052,275,22.916666666666668,4569573222,3895052:06904d29-3849-430d-8a89-6dfe0363c0aa,1,False
concurrency_n10_20260613_002350_kafka_feed7_rep1,kafka,sb-events-n10-feed7-rep1,0,4725,24290346400,3e029e4b-2571-4ea8-805a-a3e6062ffc31,3895060,276,23.0,4570267666,3895060:3e029e4b-2571-4ea8-805a-a3e6062ffc31,1,False
concurrency_n10_20260613_002350_kafka_feed7_rep1,kafka,sb-events-n10-feed7-rep1,2,4886,24290387500,9c2de277-bdcb-4d07-87fd-aaa32b58aa09,3895113,275,22.916666666666668,4569573222,3895113:9c2de277-bdcb-4d07-87fd-aaa32b58aa09,1,False
concurrency_n10_20260613_002350_kafka_feed7_rep1,kafka,sb-events-n10-feed7-rep1,0,4726,24311603900,25ed9580-8a5c-468c-9a49-d265d1628d7c,3895060,276,23.0,4570267666,3895060:25ed9580-8a5c-468c-9a49-d265d1628d7c,1,False
concurrency_n10_20260613_002350_kafka_feed7_rep1,kafka,sb-events-n10-feed7-rep1,0,4727,24311666900,24e7d246-d03c-4463-9647-764ef1571c7b,3895060,276,23.0,4570267666,3895060:24e7d246-d03c-4463-9647-764ef1571c7b,1,False
concurrency_n10_20260613_002350_kafka_feed7_rep1,kafka,sb-events-n10-feed7-rep1,0,4728,24311694400,5d3ea8bf-19e4-4faa-b170-4213f4e8a325,3895121,276,23.0,4570267666,3895121:5d3ea8bf-19e4-4faa-b170-4213f4e8a325,1,False
concurrency_n10_20260613_002350_kafka_feed7_rep1,kafka,sb-events-n10-feed7-rep1,2,4887,24326012300,ab0f44f8-edc0-4be0-9286-f7a48ce1d621,3895074,276,23.0,4570267666,3895074:ab0f44f8-edc0-4be0-9286-f7a48ce1d621,1,False
concurrency_n10_20260613_002350_kafka_feed7_rep1,kafka,sb-events-n10-feed7-rep1,0,4729,24342687900,d5550ce2-817b-45ec-b62d-eaf2c9168046,3895074,276,23.0,4570267666,3895074:d5550ce2-817b-45ec-b62d-eaf2c9168046,1,False
concurrency_n10_20260613_002350_kafka_feed7_rep1,kafka,sb-events-n10-feed7-rep1,0,4730,24342725800,40babdd6-38b1-4e24-8e68-91d2b1cb2640,3895074,276,23.0,4570267666,3895074:40babdd6-38b1-4e24-8e68-91d2b1cb2640,1,False
concurrency_n10_20260613_002350_kafka_feed7_rep1,kafka,sb-events-n10-feed7-rep1,2,4888,24342747300,ad174cea-e878-4b47-bac6-e43587231760,3895067,276,23.0,4570267666,3895067:ad174cea-e878-4b47-bac6-e43587231760,1,False
concurrency_n10_20260613_002350_kafka_feed7_rep1,kafka,sb-events-n10-feed7-rep1,1,4897,24355618500,3a855901-93d7-4b45-94b2-4c0f6c0e82ed,3895067,276,23.0,4570267666,3895067:3a855901-93d7-4b45-94b2-4c0f6c0e82ed,1,False
concurrency_n10_20260613_002350_kafka_feed7_rep1,kafka,sb-events-n10-feed7-rep1,2,4889,24355708700,f20e0998-f0f2-4f59-a826-427a42aff538,3895067,276,23.0,4570267666,3895067:f20e0998-f0f2-4f59-a826-427a42aff538,1,False
concurrency_n10_20260613_002350_kafka_feed7_rep1,kafka,sb-events-n10-feed7-rep1,0,4731,24371042800,b14b6ebe-eca3-4487-8f1d-10c596a36043,3895067,276,23.0,4570267666,3895067:b14b6ebe-eca3-4487-8f1d-10c596a36043,1,False
concurrency_n10_20260613_002350_kafka_feed7_rep1,kafka,sb-events-n10-feed7-rep1,2,4890,24371101000,cfcb5f7a-11c5-4c7d-aca0-34a607c28528,3895067,276,23.0,4570267666,3895067:cfcb5f7a-11c5-4c7d-aca0-34a607c28528,1,False
concurrency_n10_20260613_002350_kafka_feed7_rep1,kafka,sb-events-n10-feed7-rep1,2,4891,24383129700,e84ef588-3bfd-48b9-af0f-1de178e3704f,3895067,276,23.0,4570267666,3895067:e84ef588-3bfd-48b9-af0f-1de178e3704f,1,False
concurrency_n10_20260613_002350_kafka_feed7_rep1,kafka,sb-events-n10-feed7-rep1,0,4732,24391997600,4cacd608-9f81-4f99-a2ee-6215f1c722dc,3895052,276,23.0,4570267666,3895052:4cacd608-9f81-4f99-a2ee-6215f1c722dc,1,False
concurrency_n10_20260613_002350_kafka_feed7_rep1,kafka,sb-events-n10-feed7-rep1,0,4733,24392038400,7cc8a6ee-1fe0-4a05-96ee-79c9193f1042,3895134,276,23.0,4570267666,3895134:7cc8a6ee-1fe0-4a05-96ee-79c9193f1042,1,False
concurrency_n10_20260613_002350_kafka_feed7_rep1,kafka,sb-events-n10-feed7-rep1,1,4898,24400371000,868323ed-f7b6-4532-b538-6da877f8c6ea,3895134,276,23.0,4570267666,3895134:868323ed-f7b6-4532-b538-6da877f8c6ea,1,False
concurrency_n10_20260613_002350_kafka_feed7_rep1,kafka,sb-events-n10-feed7-rep1,2,4892,24400409100,018bfbd5-8993-41c6-9f87-96900fdb3b6b,3895052,277,23.08333333333333,4570962111,3895052:018bfbd5-8993-41c6-9f87-96900fdb3b6b,1,False
concurrency_n10_20260613_002350_kafka_feed7_rep1,kafka,sb-events-n10-feed7-rep1,0,4734,24403807100,e12d511e-1106-4f3b-bf88-d506519c4884,3895052,277,23.08333333333333,4570962111,3895052:e12d511e-1106-4f3b-bf88-d506519c4884,1,False
concurrency_n10_20260613_002350_kafka_feed7_rep1,kafka,sb-events-n10-feed7-rep1,2,4893,24417374200,c1ce0b69-c83b-4203-a004-0cc06eaaea18,3895052,277,23.08333333333333,4570962111,3895052:c1ce0b69-c83b-4203-a004-0cc06eaaea18,1,False
concurrency_n10_20260613_002350_kafka_feed7_rep1,kafka,sb-events-n10-feed7-rep1,2,4894,24417415500,94b39728-4689-424b-998b-45215151d294,3895113,277,23.08333333333333,4570962111,3895113:94b39728-4689-424b-998b-45215151d294,1,False
concurrency_n10_20260613_002350_kafka_feed7_rep1,kafka,sb-events-n10-feed7-rep1,0,4735,24423599000,2e59a3f6-708e-4f6d-9857-0db997357252,3895107,277,23.08333333333333,4570962111,3895107:2e59a3f6-708e-4f6d-9857-0db997357252,1,False
concurrency_n10_20260613_002350_kafka_feed7_rep1,kafka,sb-events-n10-feed7-rep1,2,4895,24423653200,6f9a912e-8839-48b1-8ff9-2642edecd22e,3895134,277,23.08333333333333,4570962111,3895134:6f9a912e-8839-48b1-8ff9-2642edecd22e,1,False
concurrency_n10_20260613_002350_kafka_feed7_rep1,kafka,sb-events-n10-feed7-rep1,1,4899,24434377000,baf0b43d-7488-4aba-aac8-3be34e44c57e,3895060,278,23.166666666666668,4571656555,3895060:baf0b43d-7488-4aba-aac8-3be34e44c57e,1,False
concurrency_n10_20260613_002350_kafka_feed7_rep1,kafka,sb-events-n10-feed7-rep1,2,4896,24434434500,8fc24d79-0a41-4f88-99d7-204758d39b89,3895134,277,23.08333333333333,4570962111,3895134:8fc24d79-0a41-4f88-99d7-204758d39b89,1,False
concurrency_n10_20260613_002350_kafka_feed7_rep1,kafka,sb-events-n10-feed7-rep1,0,4736,24445743600,0d8489b9-7f91-4328-b9aa-66d7c5e770c4,3895060,278,23.166666666666668,4571656555,3895060:0d8489b9-7f91-4328-b9aa-66d7c5e770c4,1,False
concurrency_n10_20260613_002350_kafka_feed7_rep1,kafka,sb-events-n10-feed7-rep1,1,4900,24447490500,f5ac72a0-313e-4115-9141-cb1c511e5982,3895060,278,23.166666666666668,4571656555,3895060:f5ac72a0-313e-4115-9141-cb1c511e5982,1,False
concurrency_n10_20260613_002350_kafka_feed7_rep1,kafka,sb-events-n10-feed7-rep1,1,4901,24456408800,a9d798fa-3d9d-4b30-9e68-36e6d3883cd3,3895052,278,23.166666666666668,4571656555,3895052:a9d798fa-3d9d-4b30-9e68-36e6d3883cd3,1,False
concurrency_n10_20260613_002350_kafka_feed7_rep1,kafka,sb-events-n10-feed7-rep1,2,4897,24469062700,2ae64d10-519e-4f7d-8016-1e7020ea6102,3895113,278,23.166666666666668,4571656555,3895113:2ae64d10-519e-4f7d-8016-1e7020ea6102,1,False
concurrency_n10_20260613_002350_kafka_feed7_rep1,kafka,sb-events-n10-feed7-rep1,0,4737,24469105300,a59fc0f2-8e48-4685-a06b-7b4dddeef5ee,3895052,278,23.166666666666668,4571656555,3895052:a59fc0f2-8e48-4685-a06b-7b4dddeef5ee,1,False
concurrency_n10_20260613_002350_kafka_feed7_rep1,kafka,sb-events-n10-feed7-rep1,0,4738,24469207400,6c225640-f176-4e3d-ac14-90e4c5e92771,3895107,278,23.166666666666668,4571656555,3895107:6c225640-f176-4e3d-ac14-90e4c5e92771,1,False
concurrency_n10_20260613_002350_kafka_feed7_rep1,kafka,sb-events-n10-feed7-rep1,1,4902,24481758100,4b050067-d4a7-4ccf-8e57-bca82a28a6d4,3895107,278,23.166666666666668,4571656555,3895107:4b050067-d4a7-4ccf-8e57-bca82a28a6d4,1,False
concurrency_n10_20260613_002350_kafka_feed7_rep1,kafka,sb-events-n10-feed7-rep1,1,4903,24481802600,49cf4fe8-b797-43be-ac83-247a4ec230d6,3895067,279,23.25,4572351000,3895067:49cf4fe8-b797-43be-ac83-247a4ec230d6,1,False
concurrency_n10_20260613_002350_kafka_feed7_rep1,kafka,sb-events-n10-feed7-rep1,1,4904,24481825100,910ee5d4-a9ee-4e89-9716-f1fa16a2a1a8,3895067,279,23.25,4572351000,3895067:910ee5d4-a9ee-4e89-9716-f1fa16a2a1a8,1,False
concurrency_n10_20260613_002350_kafka_feed7_rep1,kafka,sb-events-n10-feed7-rep1,2,4898,24489148600,2cab364f-9f1a-48d5-84a0-39eb53d6a523,3895107,279,23.25,4572351000,3895107:2cab364f-9f1a-48d5-84a0-39eb53d6a523,1,False
concurrency_n10_20260613_002350_kafka_feed7_rep1,kafka,sb-events-n10-feed7-rep1,0,4739,24496417900,e2545d71-6cb3-4d04-b512-29634e629949,3895060,280,23.33333333333333,4573045444,3895060:e2545d71-6cb3-4d04-b512-29634e629949,1,False
concurrency_n10_20260613_002350_kafka_feed7_rep1,kafka,sb-events-n10-feed7-rep1,1,4905,24496460900,8d0c4828-6ecc-4c3a-ad37-c9ef7b46bae6,3895060,280,23.33333333333333,4573045444,3895060:8d0c4828-6ecc-4c3a-ad37-c9ef7b46bae6,1,False
concurrency_n10_20260613_002350_kafka_feed7_rep1,kafka,sb-events-n10-feed7-rep1,2,4899,24500833900,5658732c-8910-4bc4-b28f-cf8177cced8f,3895074,280,23.33333333333333,4573045444,3895074:5658732c-8910-4bc4-b28f-cf8177cced8f,1,False
concurrency_n10_20260613_002350_kafka_feed7_rep1,kafka,sb-events-n10-feed7-rep1,0,4740,24507946100,9238108d-5286-460e-a544-1977259b4b14,3895067,280,23.33333333333333,4573045444,3895067:9238108d-5286-460e-a544-1977259b4b14,1,False
concurrency_n10_20260613_002350_kafka_feed7_rep1,kafka,sb-events-n10-feed7-rep1,1,4906,24507981700,1a2f1bb2-b17c-4251-964c-c55a609354dc,3895067,280,23.33333333333333,4573045444,3895067:1a2f1bb2-b17c-4251-964c-c55a609354dc,1,False
concurrency_n10_20260613_002350_kafka_feed7_rep1,kafka,sb-events-n10-feed7-rep1,1,4907,24515213100,4274c45b-a4a8-4d35-b735-92673ff7bb85,3895107,280,23.33333333333333,4573045444,3895107:4274c45b-a4a8-4d35-b735-92673ff7bb85,1,False
concurrency_n10_20260613_002350_kafka_feed7_rep1,kafka,sb-events-n10-feed7-rep1,2,4900,24527758100,9e65c182-64c2-458a-b4a6-046ac7633e88,3895107,280,23.33333333333333,4573045444,3895107:9e65c182-64c2-458a-b4a6-046ac7633e88,1,False
concurrency_n10_20260613_002350_kafka_feed7_rep1,kafka,sb-events-n10-feed7-rep1,1,4908,24527920100,ffad8e12-d947-4590-a5cd-09ad0a25fda0,3895107,280,23.33333333333333,4573045444,3895107:ffad8e12-d947-4590-a5cd-09ad0a25fda0,1,False
concurrency_n10_20260613_002350_kafka_feed7_rep1,kafka,sb-events-n10-feed7-rep1,1,4909,24535397600,d9b862fb-af09-4321-a4ba-3fbac00741ea,3895107,280,23.33333333333333,4573045444,3895107:d9b862fb-af09-4321-a4ba-3fbac00741ea,1,False
concurrency_n10_20260613_002350_kafka_feed7_rep1,kafka,sb-events-n10-feed7-rep1,2,4901,24540718100,2efcc702-f0a6-4e9d-a945-d4a1a1df34e7,3895121,281,23.416666666666668,4573739888,3895121:2efcc702-f0a6-4e9d-a945-d4a1a1df34e7,1,False
concurrency_n10_20260613_002350_kafka_feed7_rep1,kafka,sb-events-n10-feed7-rep1,1,4910,24540753800,7473579b-eaa2-4648-a82c-d30461462a01,3895067,281,23.416666666666668,4573739888,3895067:7473579b-eaa2-4648-a82c-d30461462a01,1,False
concurrency_n10_20260613_002350_kafka_feed7_rep1,kafka,sb-events-n10-feed7-rep1,2,4902,24545983500,8bd03049-5688-479a-b578-c689c3828aad,3895067,281,23.416666666666668,4573739888,3895067:8bd03049-5688-479a-b578-c689c3828aad,1,False
concurrency_n10_20260613_002350_kafka_feed7_rep1,kafka,sb-events-n10-feed7-rep1,2,4903,24555082200,52171c5c-7129-4cfe-bf36-3f3933d86f9f,3895067,281,23.416666666666668,4573739888,3895067:52171c5c-7129-4cfe-bf36-3f3933d86f9f,1,False
concurrency_n10_20260613_002350_kafka_feed7_rep1,kafka,sb-events-n10-feed7-rep1,1,4911,24568721300,5752b5a5-7543-4f2b-b691-05f80bfdfdb4,3895113,281,23.416666666666668,4573739888,3895113:5752b5a5-7543-4f2b-b691-05f80bfdfdb4,1,False
concurrency_n10_20260613_002350_kafka_feed7_rep1,kafka,sb-events-n10-feed7-rep1,2,4904,24568762200,7bfa15b0-20b4-444d-b3a4-8e0d1d2d60ce,3895067,281,23.416666666666668,4573739888,3895067:7bfa15b0-20b4-444d-b3a4-8e0d1d2d60ce,1,False
concurrency_n10_20260613_002350_kafka_feed7_rep1,kafka,sb-events-n10-feed7-rep1,2,4905,24568784000,513566a5-0596-433d-b838-5a0ecbbb6391,3895052,281,23.416666666666668,4573739888,3895052:513566a5-0596-433d-b838-5a0ecbbb6391,1,False
concurrency_n10_20260613_002350_kafka_feed7_rep1,kafka,sb-events-n10-feed7-rep1,2,4906,24577539500,deff4a58-2b46-4ee3-afb5-7beaa4e271cf,3895113,281,23.416666666666668,4573739888,3895113:deff4a58-2b46-4ee3-afb5-7beaa4e271cf,1,False
concurrency_n10_20260613_002350_kafka_feed7_rep1,kafka,sb-events-n10-feed7-rep1,1,4912,24585402900,f8ee9336-adc4-46ed-9a34-53bc427ca7dc,3895121,282,23.5,4574434333,3895121:f8ee9336-adc4-46ed-9a34-53bc427ca7dc,1,False
concurrency_n10_20260613_002350_kafka_feed7_rep1,kafka,sb-events-n10-feed7-rep1,1,4913,24585441800,c8d6e150-201e-40de-bbf2-56fb717bab49,3895121,282,23.5,4574434333,3895121:c8d6e150-201e-40de-bbf2-56fb717bab49,1,False
concurrency_n10_20260613_002350_kafka_feed7_rep1,kafka,sb-events-n10-feed7-rep1,0,4741,24597586400,a44cbcbf-12ed-49a6-9d32-2c82422cb944,3895074,282,23.5,4574434333,3895074:a44cbcbf-12ed-49a6-9d32-2c82422cb944,1,False
concurrency_n10_20260613_002350_kafka_feed7_rep1,kafka,sb-events-n10-feed7-rep1,2,4907,24597712100,97b9f2ad-35c3-49e8-8e35-900be9cf79b3,3895074,282,23.5,4574434333,3895074:97b9f2ad-35c3-49e8-8e35-900be9cf79b3,1,False
concurrency_n10_20260613_002350_kafka_feed7_rep1,kafka,sb-events-n10-feed7-rep1,1,4914,24605783500,1a72cf08-746a-4d2b-907f-05cc7a7e8f01,3895052,282,23.5,4574434333,3895052:1a72cf08-746a-4d2b-907f-05cc7a7e8f01,1,False
concurrency_n10_20260613_002350_kafka_feed7_rep1,kafka,sb-events-n10-feed7-rep1,1,4915,24605835400,315fc20d-7643-46e6-8d84-3cfb7816d4d4,3895107,282,23.5,4574434333,3895107:315fc20d-7643-46e6-8d84-3cfb7816d4d4,1,False
concurrency_n10_20260613_002350_kafka_feed7_rep1,kafka,sb-events-n10-feed7-rep1,0,4742,24605860600,9aaa2778-697e-4c11-82eb-8c57f2d4ec16,3895052,282,23.5,4574434333,3895052:9aaa2778-697e-4c11-82eb-8c57f2d4ec16,1,False
concurrency_n10_20260613_002350_kafka_feed7_rep1,kafka,sb-events-n10-feed7-rep1,2,4908,24620895300,8c947879-4c6e-4acd-ac86-b132ac1078c3,3895107,282,23.5,4574434333,3895107:8c947879-4c6e-4acd-ac86-b132ac1078c3,1,False
concurrency_n10_20260613_002350_kafka_feed7_rep1,kafka,sb-events-n10-feed7-rep1,2,4909,24620942900,bd91d331-3fad-4773-b280-31b8e2669675,3895107,282,23.5,4574434333,3895107:bd91d331-3fad-4773-b280-31b8e2669675,1,False
concurrency_n10_20260613_002350_kafka_feed7_rep1,kafka,sb-events-n10-feed7-rep1,1,4916,24628690500,3a3e5e21-de4e-4bd2-affa-64baa9598327,3895067,283,23.58333333333333,4575128777,3895067:3a3e5e21-de4e-4bd2-affa-64baa9598327,1,False
concurrency_n10_20260613_002350_kafka_feed7_rep1,kafka,sb-events-n10-feed7-rep1,2,4910,24628731600,2cd0c91a-68f3-4c69-b978-da4ecf01bde4,3895121,283,23.58333333333333,4575128777,3895121:2cd0c91a-68f3-4c69-b978-da4ecf01bde4,1,False
concurrency_n10_20260613_002350_kafka_feed7_rep1,kafka,sb-events-n10-feed7-rep1,0,4743,24638842200,3997464c-8bb8-48c4-ba87-2c3428361a16,3895052,283,23.58333333333333,4575128777,3895052:3997464c-8bb8-48c4-ba87-2c3428361a16,1,False
concurrency_n10_20260613_002350_kafka_feed7_rep1,kafka,sb-events-n10-feed7-rep1,1,4917,24638935000,b7143e0f-b3b7-4e41-88e9-0813c82c834f,3895107,283,23.58333333333333,4575128777,3895107:b7143e0f-b3b7-4e41-88e9-0813c82c834f,1,False
concurrency_n10_20260613_002350_kafka_feed7_rep1,kafka,sb-events-n10-feed7-rep1,2,4911,24646010200,e94e2b5f-2092-418d-adb7-2a6f17b89379,3895060,284,23.666666666666668,4575823222,3895060:e94e2b5f-2092-418d-adb7-2a6f17b89379,1,False
concurrency_n10_20260613_002350_kafka_feed7_rep1,kafka,sb-events-n10-feed7-rep1,1,4918,24646049700,52174727-508f-4236-b78d-96aacfb5d310,3895107,283,23.58333333333333,4575128777,3895107:52174727-508f-4236-b78d-96aacfb5d310,1,False
concurrency_n10_20260613_002350_kafka_feed7_rep1,kafka,sb-events-n10-feed7-rep1,1,4919,24646071600,d713fc77-ffb3-4552-97d8-219bc743bbbd,3895121,284,23.666666666666668,4575823222,3895121:d713fc77-ffb3-4552-97d8-219bc743bbbd,1,False
concurrency_n10_20260613_002350_kafka_feed7_rep1,kafka,sb-events-n10-feed7-rep1,0,4744,24651379500,368713b6-97c5-443c-9fd1-4afb44a00723,3895121,284,23.666666666666668,4575823222,3895121:368713b6-97c5-443c-9fd1-4afb44a00723,1,False
concurrency_n10_20260613_002350_kafka_feed7_rep1,kafka,sb-events-n10-feed7-rep1,0,4745,24660699400,cad4a11b-995b-4d03-a3f1-02007a646905,3895121,284,23.666666666666668,4575823222,3895121:cad4a11b-995b-4d03-a3f1-02007a646905,1,False
concurrency_n10_20260613_002350_kafka_feed7_rep1,kafka,sb-events-n10-feed7-rep1,0,4746,24668849200,508812af-8f6e-40e5-b3ed-7b2d494bc38d,3895067,284,23.666666666666668,4575823222,3895067:508812af-8f6e-40e5-b3ed-7b2d494bc38d,1,False
concurrency_n10_20260613_002350_kafka_feed7_rep1,kafka,sb-events-n10-feed7-rep1,0,4747,24668935600,e1c51bfa-af34-42e9-9204-05fbadc7713b,3895067,284,23.666666666666668,4575823222,3895067:e1c51bfa-af34-42e9-9204-05fbadc7713b,1,False
concurrency_n10_20260613_002350_kafka_feed7_rep1,kafka,sb-events-n10-feed7-rep1,0,4748,24673897000,3cf8259d-cc18-447f-a465-d72dc70c4da2,3895113,284,23.666666666666668,4575823222,3895113:3cf8259d-cc18-447f-a465-d72dc70c4da2,1,False
concurrency_n10_20260613_002350_kafka_feed7_rep1,kafka,sb-events-n10-feed7-rep1,0,4749,24673933000,53051d4a-9f6c-484d-8b94-e11b91a1776b,3895052,284,23.666666666666668,4575823222,3895052:53051d4a-9f6c-484d-8b94-e11b91a1776b,1,False
concurrency_n10_20260613_002350_kafka_feed7_rep1,kafka,sb-events-n10-feed7-rep1,2,4912,24678745100,d0e24332-4557-4964-a5c1-deeac13c4cbe,3895052,284,23.666666666666668,4575823222,3895052:d0e24332-4557-4964-a5c1-deeac13c4cbe,1,False
concurrency_n10_20260613_002350_kafka_feed7_rep1,kafka,sb-events-n10-feed7-rep1,0,4750,24683657000,568df90e-0d23-44bf-8c96-729a611c51c4,3895107,284,23.666666666666668,4575823222,3895107:568df90e-0d23-44bf-8c96-729a611c51c4,1,False
concurrency_n10_20260613_002350_kafka_feed7_rep1,kafka,sb-events-n10-feed7-rep1,1,4920,24692661400,b6be47be-1e4f-45ae-8cd1-cdd58669ebe7,3895121,285,23.75,4576517666,3895121:b6be47be-1e4f-45ae-8cd1-cdd58669ebe7,1,False
concurrency_n10_20260613_002350_kafka_feed7_rep1,kafka,sb-events-n10-feed7-rep1,2,4913,24692701000,e0b1d442-0d16-4a88-9444-333968dc8cea,3895107,284,23.666666666666668,4575823222,3895107:e0b1d442-0d16-4a88-9444-333968dc8cea,1,False
concurrency_n10_20260613_002350_kafka_feed7_rep1,kafka,sb-events-n10-feed7-rep1,2,4914,24703711000,016e5e03-8ae5-443c-8aa6-10076b5ed010,3895121,285,23.75,4576517666,3895121:016e5e03-8ae5-443c-8aa6-10076b5ed010,1,False
concurrency_n10_20260613_002350_kafka_feed7_rep1,kafka,sb-events-n10-feed7-rep1,1,4921,24711964800,d93ea45f-d401-4624-9c71-e74e636938ed,3895052,285,23.75,4576517666,3895052:d93ea45f-d401-4624-9c71-e74e636938ed,1,False
concurrency_n10_20260613_002350_kafka_feed7_rep1,kafka,sb-events-n10-feed7-rep1,2,4915,24719455400,dceab60f-ca34-4ec5-a4cf-4425124f24fe,3895060,286,23.83333333333333,4577212111,3895060:dceab60f-ca34-4ec5-a4cf-4425124f24fe,1,False
concurrency_n10_20260613_002350_kafka_feed7_rep1,kafka,sb-events-n10-feed7-rep1,1,4922,24719605500,3f9279c0-50e8-46e7-985d-3085893e0dd2,3895060,286,23.83333333333333,4577212111,3895060:3f9279c0-50e8-46e7-985d-3085893e0dd2,1,False
concurrency_n10_20260613_002350_kafka_feed7_rep1,kafka,sb-events-n10-feed7-rep1,1,4923,24719768200,b9ea5a4c-9efb-498e-b63f-87006c8d0afe,3895060,286,23.83333333333333,4577212111,3895060:b9ea5a4c-9efb-498e-b63f-87006c8d0afe,1,False
concurrency_n10_20260613_002350_kafka_feed7_rep1,kafka,sb-events-n10-feed7-rep1,0,4751,24726141700,9d0d68a1-257a-4c76-91c7-393de106a90d,3895074,286,23.83333333333333,4577212111,3895074:9d0d68a1-257a-4c76-91c7-393de106a90d,1,False
concurrency_n10_20260613_002350_kafka_feed7_rep1,kafka,sb-events-n10-feed7-rep1,1,4924,24734981900,ccece201-2ec8-4dc7-9ef2-19e1b53d4854,3895074,286,23.83333333333333,4577212111,3895074:ccece201-2ec8-4dc7-9ef2-19e1b53d4854,1,False
concurrency_n10_20260613_002350_kafka_feed7_rep1,kafka,sb-events-n10-feed7-rep1,0,4752,24735035100,7c912e6e-a49b-415b-9144-a410923bdea1,3895067,286,23.83333333333333,4577212111,3895067:7c912e6e-a49b-415b-9144-a410923bdea1,1,False
concurrency_n10_20260613_002350_kafka_feed7_rep1,kafka,sb-events-n10-feed7-rep1,1,4925,24739637800,0472c1db-c54a-4459-b1aa-3092003b314d,3895060,287,23.916666666666668,4577906555,3895060:0472c1db-c54a-4459-b1aa-3092003b314d,1,False
concurrency_n10_20260613_002350_kafka_feed7_rep1,kafka,sb-events-n10-feed7-rep1,2,4916,24744651900,c491e4ae-72ac-4df5-a9f7-e605733e9c90,3895060,287,23.916666666666668,4577906555,3895060:c491e4ae-72ac-4df5-a9f7-e605733e9c90,1,False
concurrency_n10_20260613_002350_kafka_feed7_rep1,kafka,sb-events-n10-feed7-rep1,2,4917,24751346300,2210e28b-c847-4bd8-8a4e-28153c51246f,3895121,287,23.916666666666668,4577906555,3895121:2210e28b-c847-4bd8-8a4e-28153c51246f,1,False
concurrency_n10_20260613_002350_kafka_feed7_rep1,kafka,sb-events-n10-feed7-rep1,2,4918,24758946900,4f24880f-c5f9-44fc-8b94-2fd3585ae7aa,3895074,287,23.916666666666668,4577906555,3895074:4f24880f-c5f9-44fc-8b94-2fd3585ae7aa,1,False
concurrency_n10_20260613_002350_kafka_feed7_rep1,kafka,sb-events-n10-feed7-rep1,2,4919,24758987800,532f4b4e-4d00-441e-a152-7cef4ac7661f,3895074,287,23.916666666666668,4577906555,3895074:532f4b4e-4d00-441e-a152-7cef4ac7661f,1,False
concurrency_n10_20260613_002350_kafka_feed7_rep1,kafka,sb-events-n10-feed7-rep1,0,4753,24767846100,3dee3e7a-bb98-48d5-b17d-f2453d85da21,3895052,287,23.916666666666668,4577906555,3895052:3dee3e7a-bb98-48d5-b17d-f2453d85da21,1,False
concurrency_n10_20260613_002350_kafka_feed7_rep1,kafka,sb-events-n10-feed7-rep1,2,4920,24778923500,436f8b9d-e733-48dd-95af-6c666d943323,3895052,287,23.916666666666668,4577906555,3895052:436f8b9d-e733-48dd-95af-6c666d943323,1,False
concurrency_n10_20260613_002350_kafka_feed7_rep1,kafka,sb-events-n10-feed7-rep1,2,4921,24779049900,37e539f8-e57d-400e-a028-1b737a77d139,3895052,287,23.916666666666668,4577906555,3895052:37e539f8-e57d-400e-a028-1b737a77d139,1,False
concurrency_n10_20260613_002350_kafka_feed7_rep1,kafka,sb-events-n10-feed7-rep1,0,4754,24784418400,2af57b69-0d8c-4f5a-abda-b91069e7ba3c,3895121,288,24.0,4578601000,3895121:2af57b69-0d8c-4f5a-abda-b91069e7ba3c,1,False
concurrency_n10_20260613_002350_kafka_feed7_rep1,kafka,sb-events-n10-feed7-rep1,0,4755,24790538500,2883749a-85e0-4460-9c58-23a96957cd78,3895121,288,24.0,4578601000,3895121:2883749a-85e0-4460-9c58-23a96957cd78,1,False
concurrency_n10_20260613_002350_kafka_feed7_rep1,kafka,sb-events-n10-feed7-rep1,0,4756,24790631000,074468e7-3de4-4ccd-97aa-08a191a38d7c,3895074,288,24.0,4578601000,3895074:074468e7-3de4-4ccd-97aa-08a191a38d7c,1,False
concurrency_n10_20260613_002350_kafka_feed7_rep1,kafka,sb-events-n10-feed7-rep1,1,4926,24795987200,5e05380b-6d8d-4bc9-b533-d416873c7628,3895067,288,24.0,4578601000,3895067:5e05380b-6d8d-4bc9-b533-d416873c7628,1,False
concurrency_n10_20260613_002350_kafka_feed7_rep1,kafka,sb-events-n10-feed7-rep1,1,4927,24802476000,30ad9869-ce4f-4108-ad24-a561d3ad2bac,3895067,288,24.0,4578601000,3895067:30ad9869-ce4f-4108-ad24-a561d3ad2bac,1,False
concurrency_n10_20260613_002350_kafka_feed7_rep1,kafka,sb-events-n10-feed7-rep1,2,4922,24806923800,5bb93865-ae8c-4c29-a356-0cac3669e69f,3895067,288,24.0,4578601000,3895067:5bb93865-ae8c-4c29-a356-0cac3669e69f,1,False
concurrency_n10_20260613_002350_kafka_feed7_rep1,kafka,sb-events-n10-feed7-rep1,1,4928,24814553800,fcce792b-4e1d-49f6-a796-010f392c1c5e,3895113,288,24.0,4578601000,3895113:fcce792b-4e1d-49f6-a796-010f392c1c5e,1,False
concurrency_n10_20260613_002350_kafka_feed7_rep1,kafka,sb-events-n10-feed7-rep1,2,4923,24814598200,78641a7b-ee1e-4f5b-9bc6-9920fa278f65,3895113,288,24.0,4578601000,3895113:78641a7b-ee1e-4f5b-9bc6-9920fa278f65,1,False
concurrency_n10_20260613_002350_kafka_feed7_rep1,kafka,sb-events-n10-feed7-rep1,1,4929,24823181300,97030666-e6be-4b0d-9985-c0ac4f819aa6,3895113,288,24.0,4578601000,3895113:97030666-e6be-4b0d-9985-c0ac4f819aa6,1,False
concurrency_n10_20260613_002350_kafka_feed7_rep1,kafka,sb-events-n10-feed7-rep1,2,4924,24828974900,222733d1-fdb8-480b-9174-93e35fa3d92f,3895052,288,24.0,4578601000,3895052:222733d1-fdb8-480b-9174-93e35fa3d92f,1,False
concurrency_n10_20260613_002350_kafka_feed7_rep1,kafka,sb-events-n10-feed7-rep1,1,4930,24829036700,c350d38a-9b8c-416a-8181-4da8385d50eb,3895052,288,24.0,4578601000,3895052:c350d38a-9b8c-416a-8181-4da8385d50eb,1,False
concurrency_n10_20260613_002350_kafka_feed7_rep1,kafka,sb-events-n10-feed7-rep1,1,4931,24833698800,855459c3-9793-49f9-b7cc-33b4ef505e76,3895074,289,24.08333333333333,4579295444,3895074:855459c3-9793-49f9-b7cc-33b4ef505e76,1,False
concurrency_n10_20260613_002350_kafka_feed7_rep1,kafka,sb-events-n10-feed7-rep1,1,4932,24840066800,c619a0ab-94f8-4132-bc6f-b69bbe7c6258,3895074,289,24.08333333333333,4579295444,3895074:c619a0ab-94f8-4132-bc6f-b69bbe7c6258,1,False
concurrency_n10_20260613_002350_kafka_feed7_rep1,kafka,sb-events-n10-feed7-rep1,0,4757,24844896800,0deb3949-e376-4bb3-bf42-292241af1fc3,3895067,289,24.08333333333333,4579295444,3895067:0deb3949-e376-4bb3-bf42-292241af1fc3,1,False
concurrency_n10_20260613_002350_kafka_feed7_rep1,kafka,sb-events-n10-feed7-rep1,0,4758,24855407000,e13bb720-cac7-4b4e-9043-8ff568dc9ea4,3895067,289,24.08333333333333,4579295444,3895067:e13bb720-cac7-4b4e-9043-8ff568dc9ea4,1,False
concurrency_n10_20260613_002350_kafka_feed7_rep1,kafka,sb-events-n10-feed7-rep1,2,4925,24859943900,b1819484-a737-4005-a078-fbc16d00a218,3895067,289,24.08333333333333,4579295444,3895067:b1819484-a737-4005-a078-fbc16d00a218,1,False
concurrency_n10_20260613_002350_kafka_feed7_rep1,kafka,sb-events-n10-feed7-rep1,2,4926,24866606400,14b99c89-208b-4afc-9b06-de307f4fa529,3895067,289,24.08333333333333,4579295444,3895067:14b99c89-208b-4afc-9b06-de307f4fa529,1,False
concurrency_n10_20260613_002350_kafka_feed7_rep1,kafka,sb-events-n10-feed7-rep1,2,4927,24877263500,82d694c7-ace4-40f4-9782-79438b8bf697,3895113,289,24.08333333333333,4579295444,3895113:82d694c7-ace4-40f4-9782-79438b8bf697,1,False
concurrency_n10_20260613_002350_kafka_feed7_rep1,kafka,sb-events-n10-feed7-rep1,2,4928,24877315200,031a37dd-5216-44d4-8dd8-42b700368108,3895060,290,24.166666666666668,4579989888,3895060:031a37dd-5216-44d4-8dd8-42b700368108,1,False
concurrency_n10_20260613_002350_kafka_feed7_rep1,kafka,sb-events-n10-feed7-rep1,1,4933,24885879100,62294c7e-65a0-454c-883c-b34b8504902b,3895060,290,24.166666666666668,4579989888,3895060:62294c7e-65a0-454c-883c-b34b8504902b,1,False
concurrency_n10_20260613_002350_kafka_feed7_rep1,kafka,sb-events-n10-feed7-rep1,0,4759,24885947800,8d94172c-d061-4ef2-a3c2-7177b47b99bc,3895060,290,24.166666666666668,4579989888,3895060:8d94172c-d061-4ef2-a3c2-7177b47b99bc,1,False
concurrency_n10_20260613_002350_kafka_feed7_rep1,kafka,sb-events-n10-feed7-rep1,2,4929,24894120600,668cd208-f691-4bba-9f3c-0a14df0c9b0c,3895060,290,24.166666666666668,4579989888,3895060:668cd208-f691-4bba-9f3c-0a14df0c9b0c,1,False
concurrency_n10_20260613_002350_kafka_feed7_rep1,kafka,sb-events-n10-feed7-rep1,1,4934,24899758200,36fc975f-e79c-470b-8e57-cd853ad49237,3895060,290,24.166666666666668,4579989888,3895060:36fc975f-e79c-470b-8e57-cd853ad49237,1,False
concurrency_n10_20260613_002350_kafka_feed7_rep1,kafka,sb-events-n10-feed7-rep1,0,4760,24906647300,1ac55428-9906-43e8-8174-3bda7a9fe6b1,3895060,290,24.166666666666668,4579989888,3895060:1ac55428-9906-43e8-8174-3bda7a9fe6b1,1,False
concurrency_n10_20260613_002350_kafka_feed7_rep1,kafka,sb-events-n10-feed7-rep1,2,4930,24913725700,7a5563b0-2c03-4bc5-8402-b111508a5ee8,3895067,290,24.166666666666668,4579989888,3895067:7a5563b0-2c03-4bc5-8402-b111508a5ee8,1,False
concurrency_n10_20260613_002350_kafka_feed7_rep1,kafka,sb-events-n10-feed7-rep1,1,4935,24913770700,e6bbb505-91c2-4c10-9b72-8924f0839f52,3895060,290,24.166666666666668,4579989888,3895060:e6bbb505-91c2-4c10-9b72-8924f0839f52,1,False
concurrency_n10_20260613_002350_kafka_feed7_rep1,kafka,sb-events-n10-feed7-rep1,0,4761,24920083800,ead8a0b1-660f-4b45-874d-ead74ba1bb2b,3895052,290,24.166666666666668,4579989888,3895052:ead8a0b1-660f-4b45-874d-ead74ba1bb2b,1,False
concurrency_n10_20260613_002350_kafka_feed7_rep1,kafka,sb-events-n10-feed7-rep1,0,4762,24920131700,ff64ee0b-91ec-4b8b-9633-9aeb1991bf79,3895060,291,24.25,4580684333,3895060:ff64ee0b-91ec-4b8b-9633-9aeb1991bf79,1,False
concurrency_n10_20260613_002350_kafka_feed7_rep1,kafka,sb-events-n10-feed7-rep1,2,4931,24926839400,39540963-f69a-404f-ae7d-01584d355d07,3895060,291,24.25,4580684333,3895060:39540963-f69a-404f-ae7d-01584d355d07,1,False
concurrency_n10_20260613_002350_kafka_feed7_rep1,kafka,sb-events-n10-feed7-rep1,0,4763,24926887300,c5070639-4fab-4769-80a0-bae3f5d81ba1,3895060,291,24.25,4580684333,3895060:c5070639-4fab-4769-80a0-bae3f5d81ba1,1,False
concurrency_n10_20260613_002350_kafka_feed7_rep1,kafka,sb-events-n10-feed7-rep1,1,4936,24931381000,2b946c2d-338e-465e-bdd9-a05718d6d00f,3895067,291,24.25,4580684333,3895067:2b946c2d-338e-465e-bdd9-a05718d6d00f,1,False
concurrency_n10_20260613_002350_kafka_feed7_rep1,kafka,sb-events-n10-feed7-rep1,2,4932,24937331300,f9637bde-65d5-4f7f-8fd0-8db01ac15608,3895067,291,24.25,4580684333,3895067:f9637bde-65d5-4f7f-8fd0-8db01ac15608,1,False
concurrency_n10_20260613_002350_kafka_feed7_rep1,kafka,sb-events-n10-feed7-rep1,0,4764,24943379000,a799e186-36fe-4c38-b13a-9a5ee115a7bd,3895113,291,24.25,4580684333,3895113:a799e186-36fe-4c38-b13a-9a5ee115a7bd,1,False
concurrency_n10_20260613_002350_kafka_feed7_rep1,kafka,sb-events-n10-feed7-rep1,0,4765,24948381100,8f4296e3-f01f-4788-aadd-fb2a55cac976,3895113,291,24.25,4580684333,3895113:8f4296e3-f01f-4788-aadd-fb2a55cac976,1,False
concurrency_n10_20260613_002350_kafka_feed7_rep1,kafka,sb-events-n10-feed7-rep1,1,4937,24954628300,373ac539-8011-4af6-bd85-41faa59db919,3895060,292,24.33333333333333,4581378777,3895060:373ac539-8011-4af6-bd85-41faa59db919,1,False
concurrency_n10_20260613_002350_kafka_feed7_rep1,kafka,sb-events-n10-feed7-rep1,2,4933,24964190100,20baa747-3493-4b7a-8a4a-eb66bb12360f,3895060,292,24.33333333333333,4581378777,3895060:20baa747-3493-4b7a-8a4a-eb66bb12360f,1,False
concurrency_n10_20260613_002350_kafka_feed7_rep1,kafka,sb-events-n10-feed7-rep1,1,4938,24964232100,923c3edc-3b42-4e65-a104-9938fea3f27b,3895121,292,24.33333333333333,4581378777,3895121:923c3edc-3b42-4e65-a104-9938fea3f27b,1,False
concurrency_n10_20260613_002350_kafka_feed7_rep1,kafka,sb-events-n10-feed7-rep1,1,4939,24969458900,e863797e-ee51-4760-bd0c-d7fc8e239489,3895074,292,24.33333333333333,4581378777,3895074:e863797e-ee51-4760-bd0c-d7fc8e239489,1,False
concurrency_n10_20260613_002350_kafka_feed7_rep1,kafka,sb-events-n10-feed7-rep1,1,4940,24969499900,f45e9e2d-7246-4c70-a5ee-da73a09d6003,3895067,292,24.33333333333333,4581378777,3895067:f45e9e2d-7246-4c70-a5ee-da73a09d6003,1,False
concurrency_n10_20260613_002350_kafka_feed7_rep1,kafka,sb-events-n10-feed7-rep1,2,4934,24976358200,13188bbf-d36c-48e5-9b3e-47562b47ee30,3895052,292,24.33333333333333,4581378777,3895052:13188bbf-d36c-48e5-9b3e-47562b47ee30,1,False
concurrency_n10_20260613_002350_kafka_feed7_rep1,kafka,sb-events-n10-feed7-rep1,1,4941,24976400800,1ce34b94-abf5-4f2e-9b44-3e00cc340a28,3895052,292,24.33333333333333,4581378777,3895052:1ce34b94-abf5-4f2e-9b44-3e00cc340a28,1,False
concurrency_n10_20260613_002350_kafka_feed7_rep1,kafka,sb-events-n10-feed7-rep1,2,4935,24988220100,3a8d3305-f836-456d-9769-c9bd5457e10c,3895060,293,24.416666666666668,4582073222,3895060:3a8d3305-f836-456d-9769-c9bd5457e10c,1,False
concurrency_n10_20260613_002350_kafka_feed7_rep1,kafka,sb-events-n10-feed7-rep1,1,4942,24993881300,0986d2ef-edb7-4b75-8010-836d6fceef2b,3895121,293,24.416666666666668,4582073222,3895121:0986d2ef-edb7-4b75-8010-836d6fceef2b,1,False
concurrency_n10_20260613_002350_kafka_feed7_rep1,kafka,sb-events-n10-feed7-rep1,1,4943,24993924300,f4bc9db2-bc67-451c-85c4-1482da8a97b3,3895067,293,24.416666666666668,4582073222,3895067:f4bc9db2-bc67-451c-85c4-1482da8a97b3,1,False
concurrency_n10_20260613_002350_kafka_feed7_rep1,kafka,sb-events-n10-feed7-rep1,1,4944,24993946700,67ed9ebe-0206-4bb7-b0c5-e741aba9899a,3895067,293,24.416666666666668,4582073222,3895067:67ed9ebe-0206-4bb7-b0c5-e741aba9899a,1,False
concurrency_n10_20260613_002350_kafka_feed7_rep1,kafka,sb-events-n10-feed7-rep1,0,4766,24998991200,1aae39c4-96e4-48e0-9c29-231834224a3f,3895095,294,24.5,4582767666,3895095:1aae39c4-96e4-48e0-9c29-231834224a3f,1,False
concurrency_n10_20260613_002350_kafka_feed7_rep1,kafka,sb-events-n10-feed7-rep1,0,4767,24999038600,cb19df7e-ca27-4be0-b413-19669292f459,3895121,294,24.5,4582767666,3895121:cb19df7e-ca27-4be0-b413-19669292f459,1,False
concurrency_n10_20260613_002350_kafka_feed7_rep1,kafka,sb-events-n10-feed7-rep1,2,4936,25005485000,0d57616a-2f85-478d-8de1-ea0b8b67b105,3895121,294,24.5,4582767666,3895121:0d57616a-2f85-478d-8de1-ea0b8b67b105,1,False
concurrency_n10_20260613_002350_kafka_feed7_rep1,kafka,sb-events-n10-feed7-rep1,0,4768,25005523800,4971ad38-8e39-4aa9-9821-6ee3099297b8,3895121,294,24.5,4582767666,3895121:4971ad38-8e39-4aa9-9821-6ee3099297b8,1,False
concurrency_n10_20260613_002350_kafka_feed7_rep1,kafka,sb-events-n10-feed7-rep1,1,4945,25010238100,07f2ae82-090e-472c-b2e1-a2d650cab5b3,3895074,294,24.5,4582767666,3895074:07f2ae82-090e-472c-b2e1-a2d650cab5b3,1,False
concurrency_n10_20260613_002350_kafka_feed7_rep1,kafka,sb-events-n10-feed7-rep1,0,4769,25015430100,c7b89f32-85b9-4313-988d-29c1bd5e9457,3895074,294,24.5,4582767666,3895074:c7b89f32-85b9-4313-988d-29c1bd5e9457,1,False
concurrency_n10_20260613_002350_kafka_feed7_rep1,kafka,sb-events-n10-feed7-rep1,1,4946,25020575900,2cb73fd8-9c3f-471d-80d9-ead557fb7487,3895121,295,24.58333333333333,4583462111,3895121:2cb73fd8-9c3f-471d-80d9-ead557fb7487,1,False
concurrency_n10_20260613_002350_kafka_feed7_rep1,kafka,sb-events-n10-feed7-rep1,1,4947,25025201300,05dea85d-8834-45d4-b28d-20542902d49c,3895074,295,24.58333333333333,4583462111,3895074:05dea85d-8834-45d4-b28d-20542902d49c,1,False
concurrency_n10_20260613_002350_kafka_feed7_rep1,kafka,sb-events-n10-feed7-rep1,2,4937,25029150500,6c252943-c328-4a1c-93f1-b362b2f70c00,3895052,295,24.58333333333333,4583462111,3895052:6c252943-c328-4a1c-93f1-b362b2f70c00,1,False
concurrency_n10_20260613_002350_kafka_feed7_rep1,kafka,sb-events-n10-feed7-rep1,1,4948,25033442300,ae5ecdf4-846f-4b41-a02d-6132a5440563,3895095,296,24.666666666666668,4584156555,3895095:ae5ecdf4-846f-4b41-a02d-6132a5440563,1,False
concurrency_n10_20260613_002350_kafka_feed7_rep1,kafka,sb-events-n10-feed7-rep1,0,4770,25040735200,6a6800b7-ef80-4060-9fbc-c74e853d039c,3895095,296,24.666666666666668,4584156555,3895095:6a6800b7-ef80-4060-9fbc-c74e853d039c,1,False
concurrency_n10_20260613_002350_kafka_feed7_rep1,kafka,sb-events-n10-feed7-rep1,1,4949,25040779800,5e632e41-4df9-4c0c-b570-a5134bd09a32,3895060,296,24.666666666666668,4584156555,3895060:5e632e41-4df9-4c0c-b570-a5134bd09a32,1,False
concurrency_n10_20260613_002350_kafka_feed7_rep1,kafka,sb-events-n10-feed7-rep1,0,4771,25046499000,bde8cd33-f116-41c3-a89e-cc8af20f3fa8,3895074,296,24.666666666666668,4584156555,3895074:bde8cd33-f116-41c3-a89e-cc8af20f3fa8,1,False
concurrency_n10_20260613_002350_kafka_feed7_rep1,kafka,sb-events-n10-feed7-rep1,2,4938,25052626300,95c2714f-7d33-4004-b5c7-bafe998115e9,3895074,296,24.666666666666668,4584156555,3895074:95c2714f-7d33-4004-b5c7-bafe998115e9,1,False
concurrency_n10_20260613_002350_kafka_feed7_rep1,kafka,sb-events-n10-feed7-rep1,2,4939,25052681500,2b5fcfd5-b13d-4730-8cee-7fd1d0eae227,3895052,296,24.666666666666668,4584156555,3895052:2b5fcfd5-b13d-4730-8cee-7fd1d0eae227,1,False
concurrency_n10_20260613_002350_kafka_feed7_rep1,kafka,sb-events-n10-feed7-rep1,0,4772,25061410400,0f494371-1412-4a1d-9500-8b0ec603ef04,3895052,296,24.666666666666668,4584156555,3895052:0f494371-1412-4a1d-9500-8b0ec603ef04,1,False
concurrency_n10_20260613_002350_kafka_feed7_rep1,kafka,sb-events-n10-feed7-rep1,0,4773,25068537400,4eface8a-4a6d-4583-a477-33e09413d486,3895060,297,24.75,4584851000,3895060:4eface8a-4a6d-4583-a477-33e09413d486,1,False
concurrency_n10_20260613_002350_kafka_feed7_rep1,kafka,sb-events-n10-feed7-rep1,0,4774,25068581400,74aedab1-2ee4-4b47-b5a7-b52071217d25,3895060,297,24.75,4584851000,3895060:74aedab1-2ee4-4b47-b5a7-b52071217d25,1,False
concurrency_n10_20260613_002350_kafka_feed7_rep1,kafka,sb-events-n10-feed7-rep1,2,4940,25072803000,fb951a65-69c4-43f5-803e-77154362d4cd,3895060,297,24.75,4584851000,3895060:fb951a65-69c4-43f5-803e-77154362d4cd,1,False
concurrency_n10_20260613_002350_kafka_feed7_rep1,kafka,sb-events-n10-feed7-rep1,2,4941,25077123000,82ae78e4-2353-4812-8531-bac4e5d45a62,3895067,297,24.75,4584851000,3895067:82ae78e4-2353-4812-8531-bac4e5d45a62,1,False
concurrency_n10_20260613_002350_kafka_feed7_rep1,kafka,sb-events-n10-feed7-rep1,1,4950,25082699600,5d079eea-163c-44b1-b879-610f17e4913b,3895113,297,24.75,4584851000,3895113:5d079eea-163c-44b1-b879-610f17e4913b,1,False
concurrency_n10_20260613_002350_kafka_feed7_rep1,kafka,sb-events-n10-feed7-rep1,0,4775,25088326200,77d3e3a4-500d-472f-bb4c-9d2c4bdf1415,3895052,297,24.75,4584851000,3895052:77d3e3a4-500d-472f-bb4c-9d2c4bdf1415,1,False
concurrency_n10_20260613_002350_kafka_feed7_rep1,kafka,sb-events-n10-feed7-rep1,1,4951,25088376500,8d451769-761b-4aa2-bd80-0b5222f042bb,3895095,298,24.83333333333333,4585545444,3895095:8d451769-761b-4aa2-bd80-0b5222f042bb,1,False
concurrency_n10_20260613_002350_kafka_feed7_rep1,kafka,sb-events-n10-feed7-rep1,1,4952,25094869400,00eab1c4-f988-4434-a555-faa7f132b766,3895095,298,24.83333333333333,4585545444,3895095:00eab1c4-f988-4434-a555-faa7f132b766,1,False
concurrency_n10_20260613_002350_kafka_feed7_rep1,kafka,sb-events-n10-feed7-rep1,2,4942,25099137100,b9bcf81d-8f22-46e7-927b-f3204e669c97,3895095,298,24.83333333333333,4585545444,3895095:b9bcf81d-8f22-46e7-927b-f3204e669c97,1,False
concurrency_n10_20260613_002350_kafka_feed7_rep1,kafka,sb-events-n10-feed7-rep1,0,4776,25104034200,718aa7b3-74c2-476e-899a-8dae176314e2,3895060,298,24.83333333333333,4585545444,3895060:718aa7b3-74c2-476e-899a-8dae176314e2,1,False
concurrency_n10_20260613_002350_kafka_feed7_rep1,kafka,sb-events-n10-feed7-rep1,0,4777,25104080400,99e1e1f0-ebd2-4a65-95db-1b4a1aa15064,3895074,298,24.83333333333333,4585545444,3895074:99e1e1f0-ebd2-4a65-95db-1b4a1aa15064,1,False
concurrency_n10_20260613_002350_kafka_feed7_rep1,kafka,sb-events-n10-feed7-rep1,1,4953,25109479200,8c65fc02-c93d-4f7d-9284-ddc9356593cf,3895067,298,24.83333333333333,4585545444,3895067:8c65fc02-c93d-4f7d-9284-ddc9356593cf,1,False
concurrency_n10_20260613_002350_kafka_feed7_rep1,kafka,sb-events-n10-feed7-rep1,2,4943,25114036700,6add2fd9-3279-4cb8-ab0a-6abb395360b3,3895067,298,24.83333333333333,4585545444,3895067:6add2fd9-3279-4cb8-ab0a-6abb395360b3,1,False
concurrency_n10_20260613_002350_kafka_feed7_rep1,kafka,sb-events-n10-feed7-rep1,0,4778,25114075200,656fdc64-4df3-45a5-b9f9-521c9b9051a4,3895113,298,24.83333333333333,4585545444,3895113:656fdc64-4df3-45a5-b9f9-521c9b9051a4,1,False
concurrency_n10_20260613_002350_kafka_feed7_rep1,kafka,sb-events-n10-feed7-rep1,0,4779,25118303700,dd5373c8-4da2-45f8-9ebb-81e2ef709ea7,3895067,298,24.83333333333333,4585545444,3895067:dd5373c8-4da2-45f8-9ebb-81e2ef709ea7,1,False
concurrency_n10_20260613_002350_kafka_feed7_rep1,kafka,sb-events-n10-feed7-rep1,1,4954,25128524600,64489658-e252-4571-ab52-d1d2b22755dc,3895113,298,24.83333333333333,4585545444,3895113:64489658-e252-4571-ab52-d1d2b22755dc,1,False
concurrency_n10_20260613_002350_kafka_feed7_rep1,kafka,sb-events-n10-feed7-rep1,2,4944,25139976900,97862e41-8162-462d-966c-20907bac6716,3895052,298,24.83333333333333,4585545444,3895052:97862e41-8162-462d-966c-20907bac6716,1,False
concurrency_n10_20260613_002350_kafka_feed7_rep1,kafka,sb-events-n10-feed7-rep1,1,4955,25140026400,da6e321b-2781-4b97-b334-1e563ecebe3f,3895052,298,24.83333333333333,4585545444,3895052:da6e321b-2781-4b97-b334-1e563ecebe3f,1,False
concurrency_n10_20260613_002350_kafka_feed7_rep1,kafka,sb-events-n10-feed7-rep1,0,4780,25153050700,7094fbf3-95f1-41b6-8ccb-585622239dd0,3895074,299,24.916666666666668,4586239888,3895074:7094fbf3-95f1-41b6-8ccb-585622239dd0,1,False
concurrency_n10_20260613_002350_kafka_feed7_rep1,kafka,sb-events-n10-feed7-rep1,2,4945,25153094000,537b9f6d-9f19-45bd-b1d3-f95cd1ed9cab,3895095,299,24.916666666666668,4586239888,3895095:537b9f6d-9f19-45bd-b1d3-f95cd1ed9cab,1,False
concurrency_n10_20260613_002350_kafka_feed7_rep1,kafka,sb-events-n10-feed7-rep1,2,4946,25153119200,06be9e5c-74f2-4cc2-bd53-0e5e2264e1f3,3895121,299,24.916666666666668,4586239888,3895121:06be9e5c-74f2-4cc2-bd53-0e5e2264e1f3,1,False
concurrency_n10_20260613_002350_kafka_feed7_rep1,kafka,sb-events-n10-feed7-rep1,1,4956,25161251200,249c087a-57fd-4380-8163-b270ca216e68,3895074,299,24.916666666666668,4586239888,3895074:249c087a-57fd-4380-8163-b270ca216e68,1,False
concurrency_n10_20260613_002350_kafka_feed7_rep1,kafka,sb-events-n10-feed7-rep1,2,4947,25161291100,f430ac1c-53ee-4623-8a53-59e387e15d09,3895074,299,24.916666666666668,4586239888,3895074:f430ac1c-53ee-4623-8a53-59e387e15d09,1,False
concurrency_n10_20260613_002350_kafka_feed7_rep1,kafka,sb-events-n10-feed7-rep1,0,4781,25169964500,5819712d-1202-4261-b09a-3c5a035d31c4,3895113,299,24.916666666666668,4586239888,3895113:5819712d-1202-4261-b09a-3c5a035d31c4,1,False
concurrency_n10_20260613_002350_kafka_feed7_rep1,kafka,sb-events-n10-feed7-rep1,1,4957,25170013800,efafb7cf-dca9-4911-b0be-52eb4fa6a7ff,3895067,299,24.916666666666668,4586239888,3895067:efafb7cf-dca9-4911-b0be-52eb4fa6a7ff,1,False
concurrency_n10_20260613_002350_kafka_feed7_rep1,kafka,sb-events-n10-feed7-rep1,1,4958,25177536100,aa74e2d6-5821-4d22-815b-f180bd50d595,3895067,299,24.916666666666668,4586239888,3895067:aa74e2d6-5821-4d22-815b-f180bd50d595,1,False
concurrency_n10_20260613_002350_kafka_feed7_rep1,kafka,sb-events-n10-feed7-rep1,2,4948,25185060200,e8c6b47d-c8ce-4f5a-bce3-a4920939ebe7,3895113,299,24.916666666666668,4586239888,3895113:e8c6b47d-c8ce-4f5a-bce3-a4920939ebe7,1,False
concurrency_n10_20260613_002350_kafka_feed7_rep1,kafka,sb-events-n10-feed7-rep1,1,4959,25185107900,dc30c04b-62a8-4004-8fe6-24d22811d7b7,3895113,299,24.916666666666668,4586239888,3895113:dc30c04b-62a8-4004-8fe6-24d22811d7b7,1,False
concurrency_n10_20260613_002350_kafka_feed7_rep1,kafka,sb-events-n10-feed7-rep1,0,4782,25193748200,2134c16a-89a6-4c8f-bcc3-95339ff6ee8c,3895052,299,24.916666666666668,4586239888,3895052:2134c16a-89a6-4c8f-bcc3-95339ff6ee8c,1,False
concurrency_n10_20260613_002350_kafka_feed7_rep1,kafka,sb-events-n10-feed7-rep1,2,4949,25193791000,7cd7ca7c-1a6f-4462-a3d7-807dee884e86,3895052,299,24.916666666666668,4586239888,3895052:7cd7ca7c-1a6f-4462-a3d7-807dee884e86,1,False
concurrency_n10_20260613_002350_kafka_feed7_rep1,kafka,sb-events-n10-feed7-rep1,0,4783,25205679600,a51e1b30-3f66-4cb6-aa08-611959cf6adc,3895060,300,25.0,4586934333,3895060:a51e1b30-3f66-4cb6-aa08-611959cf6adc,1,False
concurrency_n10_20260613_002350_kafka_feed7_rep1,kafka,sb-events-n10-feed7-rep1,0,4784,25205791600,ceafaebf-d3ac-4908-a79a-f59d2e88ad4c,3895060,300,25.0,4586934333,3895060:ceafaebf-d3ac-4908-a79a-f59d2e88ad4c,1,False
concurrency_n10_20260613_002350_kafka_feed7_rep1,kafka,sb-events-n10-feed7-rep1,0,4785,25210124500,87409ec8-1ff0-4642-b767-d9a46f5ce73e,3895121,300,25.0,4586934333,3895121:87409ec8-1ff0-4642-b767-d9a46f5ce73e,1,False
concurrency_n10_20260613_002350_kafka_feed7_rep1,kafka,sb-events-n10-feed7-rep1,2,4950,25219753000,fac41051-b41b-4225-96c2-c7bf36a1207f,3895067,300,25.0,4586934333,3895067:fac41051-b41b-4225-96c2-c7bf36a1207f,1,False
concurrency_n10_20260613_002350_kafka_feed7_rep1,kafka,sb-events-n10-feed7-rep1,0,4786,25224934300,afc49b5c-9965-4b69-8368-80f1cc87a50f,3895067,300,25.0,4586934333,3895067:afc49b5c-9965-4b69-8368-80f1cc87a50f,1,False
concurrency_n10_20260613_002350_kafka_feed7_rep1,kafka,sb-events-n10-feed7-rep1,1,4960,25231749600,b96f1f4a-8655-463f-ba71-5f18276acc6a,3895113,300,25.0,4586934333,3895113:b96f1f4a-8655-463f-ba71-5f18276acc6a,1,False
concurrency_n10_20260613_002350_kafka_feed7_rep1,kafka,sb-events-n10-feed7-rep1,2,4951,25243417700,8108d6ee-d747-46a2-877f-ce8d6bd7f451,3895113,300,25.0,4586934333,3895113:8108d6ee-d747-46a2-877f-ce8d6bd7f451,1,False
concurrency_n10_20260613_002350_kafka_feed7_rep1,kafka,sb-events-n10-feed7-rep1,0,4787,25243539200,9558bdd0-94c9-4cb5-8a73-ffa3172737ec,3895113,300,25.0,4586934333,3895113:9558bdd0-94c9-4cb5-8a73-ffa3172737ec,1,False
concurrency_n10_20260613_002350_kafka_feed7_rep1,kafka,sb-events-n10-feed7-rep1,0,4788,25248267700,eb4e9b3c-8691-4e5b-a98b-bbf020338c86,3895113,301,25.08333333333333,4587628777,3895113:eb4e9b3c-8691-4e5b-a98b-bbf020338c86,1,False
concurrency_n10_20260613_002350_kafka_feed7_rep1,kafka,sb-events-n10-feed7-rep1,1,4961,25258426800,7de44808-f2d7-4e70-867e-3e80d4d3ac44,3895052,301,25.08333333333333,4587628777,3895052:7de44808-f2d7-4e70-867e-3e80d4d3ac44,1,False
concurrency_n10_20260613_002350_kafka_feed7_rep1,kafka,sb-events-n10-feed7-rep1,2,4952,25269948800,3aa52e8d-cde4-41cf-a8df-9cec290542e0,3895086,301,25.08333333333333,4587628777,3895086:3aa52e8d-cde4-41cf-a8df-9cec290542e0,1,False
concurrency_n10_20260613_002350_kafka_feed7_rep1,kafka,sb-events-n10-feed7-rep1,1,4962,25269996000,7dd1d933-8e69-45a8-92b1-d4769bca669d,3895095,302,25.166666666666668,4588323222,3895095:7dd1d933-8e69-45a8-92b1-d4769bca669d,1,False
concurrency_n10_20260613_002350_kafka_feed7_rep1,kafka,sb-events-n10-feed7-rep1,0,4789,25274331700,b8e73548-07dd-497a-9304-4808ae894b6e,3895095,302,25.166666666666668,4588323222,3895095:b8e73548-07dd-497a-9304-4808ae894b6e,1,False
concurrency_n10_20260613_002350_kafka_feed7_rep1,kafka,sb-events-n10-feed7-rep1,0,4790,25274376300,c7283f15-0bb0-4647-ae69-794ab9cc5519,3895060,302,25.166666666666668,4588323222,3895060:c7283f15-0bb0-4647-ae69-794ab9cc5519,1,False
concurrency_n10_20260613_002350_kafka_feed7_rep1,kafka,sb-events-n10-feed7-rep1,2,4953,25279638100,6d7577e3-98ad-4f4e-a818-a5fc53eb32f2,3895074,302,25.166666666666668,4588323222,3895074:6d7577e3-98ad-4f4e-a818-a5fc53eb32f2,1,False
concurrency_n10_20260613_002350_kafka_feed7_rep1,kafka,sb-events-n10-feed7-rep1,0,4791,25285104100,0037af2f-1a36-4f81-a0cf-58e64700f6de,3895067,302,25.166666666666668,4588323222,3895067:0037af2f-1a36-4f81-a0cf-58e64700f6de,1,False
concurrency_n10_20260613_002350_kafka_feed7_rep1,kafka,sb-events-n10-feed7-rep1,2,4954,25292622500,df961d90-fc03-4f0b-8772-a1b9ef05ab58,3895113,302,25.166666666666668,4588323222,3895113:df961d90-fc03-4f0b-8772-a1b9ef05ab58,1,False
concurrency_n10_20260613_002350_kafka_feed7_rep1,kafka,sb-events-n10-feed7-rep1,2,4955,25304925400,dfb18a12-cd4c-467a-98ac-b9d0c4ba74f7,3895113,302,25.166666666666668,4588323222,3895113:dfb18a12-cd4c-467a-98ac-b9d0c4ba74f7,1,False
concurrency_n10_20260613_002350_kafka_feed7_rep1,kafka,sb-events-n10-feed7-rep1,0,4792,25313565900,83eea9c1-06df-47e7-8331-e4ea00bcd5b7,3895052,302,25.166666666666668,4588323222,3895052:83eea9c1-06df-47e7-8331-e4ea00bcd5b7,1,False
concurrency_n10_20260613_002350_kafka_feed7_rep1,kafka,sb-events-n10-feed7-rep1,2,4956,25313612800,060e3a55-03f6-479f-b489-4c652141074f,3895113,302,25.166666666666668,4588323222,3895113:060e3a55-03f6-479f-b489-4c652141074f,1,False
concurrency_n10_20260613_002350_kafka_feed7_rep1,kafka,sb-events-n10-feed7-rep1,2,4957,25323032800,cabe7a89-5bbb-4aff-b7e9-04be4291461c,3895052,302,25.166666666666668,4588323222,3895052:cabe7a89-5bbb-4aff-b7e9-04be4291461c,1,False
concurrency_n10_20260613_002350_kafka_feed7_rep1,kafka,sb-events-n10-feed7-rep1,0,4793,25327728600,db033c3c-c5f2-4c87-b560-27eb9759a6a2,3895052,302,25.166666666666668,4588323222,3895052:db033c3c-c5f2-4c87-b560-27eb9759a6a2,1,False
concurrency_n10_20260613_002350_kafka_feed7_rep1,kafka,sb-events-n10-feed7-rep1,1,4963,25337602300,f9d09c0a-2818-4faf-ba9d-4b0bec1414bc,3895052,302,25.166666666666668,4588323222,3895052:f9d09c0a-2818-4faf-ba9d-4b0bec1414bc,1,False
concurrency_n10_20260613_002350_kafka_feed7_rep1,kafka,sb-events-n10-feed7-rep1,1,4964,25337645300,575fd3db-8c8d-4fa2-8f8d-89fd4c0c857c,3895060,303,25.25,4589017666,3895060:575fd3db-8c8d-4fa2-8f8d-89fd4c0c857c,1,False
concurrency_n10_20260613_002350_kafka_feed7_rep1,kafka,sb-events-n10-feed7-rep1,2,4958,25342589700,8019e093-194a-45f9-b023-b71b55ca31af,3895060,303,25.25,4589017666,3895060:8019e093-194a-45f9-b023-b71b55ca31af,1,False
concurrency_n10_20260613_002350_kafka_feed7_rep1,kafka,sb-events-n10-feed7-rep1,0,4794,25348479000,db1df0d6-2710-4cd6-9680-3be33c6da982,3895067,303,25.25,4589017666,3895067:db1df0d6-2710-4cd6-9680-3be33c6da982,1,False
concurrency_n10_20260613_002350_kafka_feed7_rep1,kafka,sb-events-n10-feed7-rep1,2,4959,25354154500,b16ae0ab-32ca-4054-a821-7ee170618cca,3895067,303,25.25,4589017666,3895067:b16ae0ab-32ca-4054-a821-7ee170618cca,1,False
concurrency_n10_20260613_002350_kafka_feed7_rep1,kafka,sb-events-n10-feed7-rep1,2,4960,25361952000,a0c8ca9b-ff31-4ce7-ba5f-69ec864bbcfb,3895067,303,25.25,4589017666,3895067:a0c8ca9b-ff31-4ce7-ba5f-69ec864bbcfb,1,False
concurrency_n10_20260613_002350_kafka_feed7_rep1,kafka,sb-events-n10-feed7-rep1,2,4961,25361991200,102d700f-edb6-4450-9564-f9357198e84f,3895086,303,25.25,4589017666,3895086:102d700f-edb6-4450-9564-f9357198e84f,1,False
concurrency_n10_20260613_002350_kafka_feed7_rep1,kafka,sb-events-n10-feed7-rep1,1,4965,25373155100,b2040ece-5bfc-40ba-9dc3-280d14f09e05,3895086,303,25.25,4589017666,3895086:b2040ece-5bfc-40ba-9dc3-280d14f09e05,1,False
concurrency_n10_20260613_002350_kafka_feed7_rep1,kafka,sb-events-n10-feed7-rep1,0,4795,25373203900,718fce06-ce88-4acb-bb98-58dc617a96c8,3895086,303,25.25,4589017666,3895086:718fce06-ce88-4acb-bb98-58dc617a96c8,1,False
concurrency_n10_20260613_002350_kafka_feed7_rep1,kafka,sb-events-n10-feed7-rep1,1,4966,25382228700,915b16b5-48ce-4314-8502-7f45b4386917,3895060,304,25.33333333333333,4589712111,3895060:915b16b5-48ce-4314-8502-7f45b4386917,1,False
concurrency_n10_20260613_002350_kafka_feed7_rep1,kafka,sb-events-n10-feed7-rep1,0,4796,25389284900,3c7d1ab8-3ffc-461e-ad62-0aa4126f896b,3895074,304,25.33333333333333,4589712111,3895074:3c7d1ab8-3ffc-461e-ad62-0aa4126f896b,1,False
concurrency_n10_20260613_002350_kafka_feed7_rep1,kafka,sb-events-n10-feed7-rep1,1,4967,25389328000,b2d9f8ab-85c0-41b1-8326-ff74fc3e165b,3895074,304,25.33333333333333,4589712111,3895074:b2d9f8ab-85c0-41b1-8326-ff74fc3e165b,1,False
concurrency_n10_20260613_002350_kafka_feed7_rep1,kafka,sb-events-n10-feed7-rep1,1,4968,25403574600,386e6305-4872-4f18-b622-d4339d7905c4,3895134,304,25.33333333333333,4589712111,3895134:386e6305-4872-4f18-b622-d4339d7905c4,1,False
concurrency_n10_20260613_002350_kafka_feed7_rep1,kafka,sb-events-n10-feed7-rep1,1,4969,25403621300,36ec1e91-9ed7-4dbb-9543-9454e8745816,3895134,304,25.33333333333333,4589712111,3895134:36ec1e91-9ed7-4dbb-9543-9454e8745816,1,False
concurrency_n10_20260613_002350_kafka_feed7_rep1,kafka,sb-events-n10-feed7-rep1,0,4797,25416948100,4420a63c-a82e-4492-9a2e-153f57eb246b,3895067,304,25.33333333333333,4589712111,3895067:4420a63c-a82e-4492-9a2e-153f57eb246b,1,False
concurrency_n10_20260613_002350_kafka_feed7_rep1,kafka,sb-events-n10-feed7-rep1,1,4970,25416998600,cd0849a2-1147-4614-a938-c73111f1e2eb,3895067,304,25.33333333333333,4589712111,3895067:cd0849a2-1147-4614-a938-c73111f1e2eb,1,False
concurrency_n10_20260613_002350_kafka_feed7_rep1,kafka,sb-events-n10-feed7-rep1,2,4962,25423582900,0c35dc03-4034-4ca2-943b-4d2eb061e176,3895113,304,25.33333333333333,4589712111,3895113:0c35dc03-4034-4ca2-943b-4d2eb061e176,1,False
concurrency_n10_20260613_002350_kafka_feed7_rep1,kafka,sb-events-n10-feed7-rep1,2,4963,25423626900,e4264198-f510-4662-9058-7ab621a69ec3,3895113,304,25.33333333333333,4589712111,3895113:e4264198-f510-4662-9058-7ab621a69ec3,1,False
concurrency_n10_20260613_002350_kafka_feed7_rep1,kafka,sb-events-n10-feed7-rep1,0,4798,25423843900,9b5cf4b2-0c74-43f0-b877-34990738da3e,3895052,304,25.33333333333333,4589712111,3895052:9b5cf4b2-0c74-43f0-b877-34990738da3e,1,False
concurrency_n10_20260613_002350_kafka_feed7_rep1,kafka,sb-events-n10-feed7-rep1,2,4964,25429184400,78d1e41b-f432-43f2-ae5d-7b0ddab9036f,3895086,304,25.33333333333333,4589712111,3895086:78d1e41b-f432-43f2-ae5d-7b0ddab9036f,1,False
concurrency_n10_20260613_002350_kafka_feed7_rep1,kafka,sb-events-n10-feed7-rep1,0,4799,25440051000,bb89db40-cc3f-4041-bb40-f2dd98ec5ef4,3895086,304,25.33333333333333,4589712111,3895086:bb89db40-cc3f-4041-bb40-f2dd98ec5ef4,1,False
concurrency_n10_20260613_002350_kafka_feed7_rep1,kafka,sb-events-n10-feed7-rep1,2,4965,25447837100,0155141d-8b85-42dd-a480-4565866fc2e7,3895086,304,25.33333333333333,4589712111,3895086:0155141d-8b85-42dd-a480-4565866fc2e7,1,False
concurrency_n10_20260613_002350_kafka_feed7_rep1,kafka,sb-events-n10-feed7-rep1,1,4971,25456257400,19d7984e-5557-4c9e-8e8d-82a79562a873,3895074,305,25.416666666666668,4590406555,3895074:19d7984e-5557-4c9e-8e8d-82a79562a873,1,False
concurrency_n10_20260613_002350_kafka_feed7_rep1,kafka,sb-events-n10-feed7-rep1,0,4800,25456298200,b494532b-97ac-40df-a52c-53124e07e5d8,3895086,304,25.33333333333333,4589712111,3895086:b494532b-97ac-40df-a52c-53124e07e5d8,1,False
concurrency_n10_20260613_002350_kafka_feed7_rep1,kafka,sb-events-n10-feed7-rep1,2,4966,25456323800,7395219c-f7a8-4a4d-a6c7-06691e49f44d,3895074,305,25.416666666666668,4590406555,3895074:7395219c-f7a8-4a4d-a6c7-06691e49f44d,1,False
concurrency_n10_20260613_002350_kafka_feed7_rep1,kafka,sb-events-n10-feed7-rep1,1,4972,25464666800,51e28d97-f246-4253-9def-429310671f5f,3895134,305,25.416666666666668,4590406555,3895134:51e28d97-f246-4253-9def-429310671f5f,1,False
concurrency_n10_20260613_002350_kafka_feed7_rep1,kafka,sb-events-n10-feed7-rep1,2,4967,25464716600,1c188c3d-1e4c-4e07-9789-5f0b097ad893,3895134,305,25.416666666666668,4590406555,3895134:1c188c3d-1e4c-4e07-9789-5f0b097ad893,1,False
concurrency_n10_20260613_002350_kafka_feed7_rep1,kafka,sb-events-n10-feed7-rep1,2,4968,25471589800,d5f0e59a-1f5d-4984-af27-e8b16ead1847,3895134,305,25.416666666666668,4590406555,3895134:d5f0e59a-1f5d-4984-af27-e8b16ead1847,1,False
concurrency_n10_20260613_002350_kafka_feed7_rep1,kafka,sb-events-n10-feed7-rep1,2,4969,25471750700,8ad96758-6bc9-4271-8b8a-683024fe4fde,3895113,305,25.416666666666668,4590406555,3895113:8ad96758-6bc9-4271-8b8a-683024fe4fde,1,False
concurrency_n10_20260613_002350_kafka_feed7_rep1,kafka,sb-events-n10-feed7-rep1,0,4801,25476592100,a2f6a8b6-bfd0-4f00-b481-c4a141869ef7,3895086,305,25.416666666666668,4590406555,3895086:a2f6a8b6-bfd0-4f00-b481-c4a141869ef7,1,False
concurrency_n10_20260613_002350_kafka_feed7_rep1,kafka,sb-events-n10-feed7-rep1,1,4973,25476634700,14753394-c9b4-43da-b362-aa324a935c2c,3895060,306,25.5,4591101000,3895060:14753394-c9b4-43da-b362-aa324a935c2c,1,False
concurrency_n10_20260613_002350_kafka_feed7_rep1,kafka,sb-events-n10-feed7-rep1,2,4970,25491630000,0cea65f8-6851-4a87-b894-ed4b6cc9f3a7,3895060,306,25.5,4591101000,3895060:0cea65f8-6851-4a87-b894-ed4b6cc9f3a7,1,False
concurrency_n10_20260613_002350_kafka_feed7_rep1,kafka,sb-events-n10-feed7-rep1,0,4802,25491751500,6cbaa479-a9b0-4023-9cd4-8e833f4c37f8,3895134,306,25.5,4591101000,3895134:6cbaa479-a9b0-4023-9cd4-8e833f4c37f8,1,False
concurrency_n10_20260613_002350_kafka_feed7_rep1,kafka,sb-events-n10-feed7-rep1,0,4803,25500774000,fed1fed7-f300-4f72-8bf9-84b8c04b534c,3895134,306,25.5,4591101000,3895134:fed1fed7-f300-4f72-8bf9-84b8c04b534c,1,False
concurrency_n10_20260613_002350_kafka_feed7_rep1,kafka,sb-events-n10-feed7-rep1,1,4974,25506278200,23fc05dc-8610-4cea-b081-8c677ec5eb8e,3895067,306,25.5,4591101000,3895067:23fc05dc-8610-4cea-b081-8c677ec5eb8e,1,False
concurrency_n10_20260613_002350_kafka_feed7_rep1,kafka,sb-events-n10-feed7-rep1,2,4971,25511701000,7d705d8e-510f-4254-99aa-b8ae3983f183,3895113,306,25.5,4591101000,3895113:7d705d8e-510f-4254-99aa-b8ae3983f183,1,False
concurrency_n10_20260613_002350_kafka_feed7_rep1,kafka,sb-events-n10-feed7-rep1,0,4804,25521000400,f1467b99-9da9-46d2-ac75-690a3e4e6022,3895113,306,25.5,4591101000,3895113:f1467b99-9da9-46d2-ac75-690a3e4e6022,1,False
concurrency_n10_20260613_002350_kafka_feed7_rep1,kafka,sb-events-n10-feed7-rep1,0,4805,25533915700,5f9c2b45-e34b-4485-9f9c-c04f7a6a8141,3895113,306,25.5,4591101000,3895113:5f9c2b45-e34b-4485-9f9c-c04f7a6a8141,1,False
concurrency_n10_20260613_002350_kafka_feed7_rep1,kafka,sb-events-n10-feed7-rep1,0,4806,25533964800,a79fae77-027f-4626-bd9a-43a8da911cc9,3895113,306,25.5,4591101000,3895113:a79fae77-027f-4626-bd9a-43a8da911cc9,1,False
concurrency_n10_20260613_002350_kafka_feed7_rep1,kafka,sb-events-n10-feed7-rep1,0,4807,25533987100,b9d922e7-926b-4ab4-883f-14bef294f95a,3895095,307,25.58333333333333,4591795444,3895095:b9d922e7-926b-4ab4-883f-14bef294f95a,1,False
concurrency_n10_20260613_002350_kafka_feed7_rep1,kafka,sb-events-n10-feed7-rep1,2,4972,25541778900,9782329a-4987-4ed6-b83e-789650c72f3f,3895060,307,25.58333333333333,4591795444,3895060:9782329a-4987-4ed6-b83e-789650c72f3f,1,False
concurrency_n10_20260613_002350_kafka_feed7_rep1,kafka,sb-events-n10-feed7-rep1,0,4808,25541819600,140e2782-5931-4f7f-b4b3-d8992cc0894d,3895113,307,25.58333333333333,4591795444,3895113:140e2782-5931-4f7f-b4b3-d8992cc0894d,1,False
concurrency_n10_20260613_002350_kafka_feed7_rep1,kafka,sb-events-n10-feed7-rep1,2,4973,25551555000,84201b0f-e559-4c49-8c72-b2ca95dd03b4,3895113,307,25.58333333333333,4591795444,3895113:84201b0f-e559-4c49-8c72-b2ca95dd03b4,1,False
concurrency_n10_20260613_002350_kafka_feed7_rep1,kafka,sb-events-n10-feed7-rep1,1,4975,25562746500,4367de93-46a3-4051-9a03-c6091645b426,3895113,307,25.58333333333333,4591795444,3895113:4367de93-46a3-4051-9a03-c6091645b426,1,False
concurrency_n10_20260613_002350_kafka_feed7_rep1,kafka,sb-events-n10-feed7-rep1,2,4974,25569654300,7a623911-e8bb-4240-91a7-ea53efb3bf67,3895113,307,25.58333333333333,4591795444,3895113:7a623911-e8bb-4240-91a7-ea53efb3bf67,1,False
concurrency_n10_20260613_002350_kafka_feed7_rep1,kafka,sb-events-n10-feed7-rep1,1,4976,25569691200,a12bf24f-3f94-4b6b-a4c9-0ab1022463d6,3895113,307,25.58333333333333,4591795444,3895113:a12bf24f-3f94-4b6b-a4c9-0ab1022463d6,1,False
concurrency_n10_20260613_002350_kafka_feed7_rep1,kafka,sb-events-n10-feed7-rep1,0,4809,25578956400,d818ea1b-fc04-4c3f-999d-3c923a1b9eb4,3895067,308,25.666666666666668,4592489888,3895067:d818ea1b-fc04-4c3f-999d-3c923a1b9eb4,1,False
concurrency_n10_20260613_002350_kafka_feed7_rep1,kafka,sb-events-n10-feed7-rep1,0,4810,25579000200,66556ab9-c3cd-4075-8cff-e99be86fc596,3895067,308,25.666666666666668,4592489888,3895067:66556ab9-c3cd-4075-8cff-e99be86fc596,1,False
concurrency_n10_20260613_002350_kafka_feed7_rep1,kafka,sb-events-n10-feed7-rep1,0,4811,25585366400,dabb4a55-9daf-4581-984f-65c72af87c2f,3895113,308,25.666666666666668,4592489888,3895113:dabb4a55-9daf-4581-984f-65c72af87c2f,1,False
concurrency_n10_20260613_002350_kafka_feed7_rep1,kafka,sb-events-n10-feed7-rep1,2,4975,25593937600,3e4b67ce-6155-4cce-aa94-52d3c3d9b226,3895113,308,25.666666666666668,4592489888,3895113:3e4b67ce-6155-4cce-aa94-52d3c3d9b226,1,False
concurrency_n10_20260613_002350_kafka_feed7_rep1,kafka,sb-events-n10-feed7-rep1,1,4977,25599339200,f2fc96e0-e656-4e93-b2a6-371b149cc18b,3895113,308,25.666666666666668,4592489888,3895113:f2fc96e0-e656-4e93-b2a6-371b149cc18b,1,False
concurrency_n10_20260613_002350_kafka_feed7_rep1,kafka,sb-events-n10-feed7-rep1,2,4976,25599383000,b6d05a20-dc65-405d-93d6-c19f605a50fd,3895113,308,25.666666666666668,4592489888,3895113:b6d05a20-dc65-405d-93d6-c19f605a50fd,1,False
concurrency_n10_20260613_002350_kafka_feed7_rep1,kafka,sb-events-n10-feed7-rep1,2,4977,25605234100,5547e81f-56b4-4b07-bddd-4e88812cbfb7,3895113,308,25.666666666666668,4592489888,3895113:5547e81f-56b4-4b07-bddd-4e88812cbfb7,1,False
concurrency_n10_20260613_002350_kafka_feed7_rep1,kafka,sb-events-n10-feed7-rep1,1,4978,25611480300,6c732d25-06af-445d-979a-8de486f470de,3895113,308,25.666666666666668,4592489888,3895113:6c732d25-06af-445d-979a-8de486f470de,1,False
concurrency_n10_20260613_002350_kafka_feed7_rep1,kafka,sb-events-n10-feed7-rep1,2,4978,25618746100,532f5421-1002-4ba7-818c-1737d037ad0f,3895074,309,25.75,4593184333,3895074:532f5421-1002-4ba7-818c-1737d037ad0f,1,False
concurrency_n10_20260613_002350_kafka_feed7_rep1,kafka,sb-events-n10-feed7-rep1,1,4979,25618792500,680f1e2b-51f4-4060-885f-44b943dcf8df,3895086,308,25.666666666666668,4592489888,3895086:680f1e2b-51f4-4060-885f-44b943dcf8df,1,False
concurrency_n10_20260613_002350_kafka_feed7_rep1,kafka,sb-events-n10-feed7-rep1,0,4812,25629404800,09b34f3f-1ad0-456f-9d0e-130693641fbd,3895134,309,25.75,4593184333,3895134:09b34f3f-1ad0-456f-9d0e-130693641fbd,1,False
concurrency_n10_20260613_002350_kafka_feed7_rep1,kafka,sb-events-n10-feed7-rep1,1,4980,25639819600,45d8d54a-c51c-447f-8c28-03e9807e66f9,3895134,309,25.75,4593184333,3895134:45d8d54a-c51c-447f-8c28-03e9807e66f9,1,False
concurrency_n10_20260613_002350_kafka_feed7_rep1,kafka,sb-events-n10-feed7-rep1,0,4813,25639864200,609bcb20-0647-439e-bf53-2c740528fc88,3895074,310,25.83333333333333,4593878777,3895074:609bcb20-0647-439e-bf53-2c740528fc88,1,False
concurrency_n10_20260613_002350_kafka_feed7_rep1,kafka,sb-events-n10-feed7-rep1,1,4981,25653085100,a1d192bf-a397-4555-b139-8bf87b76ff89,3895074,310,25.83333333333333,4593878777,3895074:a1d192bf-a397-4555-b139-8bf87b76ff89,1,False
concurrency_n10_20260613_002350_kafka_feed7_rep1,kafka,sb-events-n10-feed7-rep1,1,4982,25653128900,747f518f-8d91-4775-847e-ea3d859a2d6c,3895067,310,25.83333333333333,4593878777,3895067:747f518f-8d91-4775-847e-ea3d859a2d6c,1,False
concurrency_n10_20260613_002350_kafka_feed7_rep1,kafka,sb-events-n10-feed7-rep1,0,4814,25653152400,e0293eec-a320-42e6-bf9c-776ea3503c80,3895113,310,25.83333333333333,4593878777,3895113:e0293eec-a320-42e6-bf9c-776ea3503c80,1,False
concurrency_n10_20260613_002350_kafka_feed7_rep1,kafka,sb-events-n10-feed7-rep1,1,4983,25662610700,db738598-8c4f-44a6-8d07-5dba07dd8beb,3895113,310,25.83333333333333,4593878777,3895113:db738598-8c4f-44a6-8d07-5dba07dd8beb,1,False
concurrency_n10_20260613_002350_kafka_feed7_rep1,kafka,sb-events-n10-feed7-rep1,2,4979,25676279100,e977c99a-d4e4-4812-8753-825831ea0a3c,3895086,310,25.83333333333333,4593878777,3895086:e977c99a-d4e4-4812-8753-825831ea0a3c,1,False
concurrency_n10_20260613_002350_kafka_feed7_rep1,kafka,sb-events-n10-feed7-rep1,0,4815,25689611100,513a4b6e-de63-4ac2-af0d-169a0db57dee,3895086,310,25.83333333333333,4593878777,3895086:513a4b6e-de63-4ac2-af0d-169a0db57dee,1,False
concurrency_n10_20260613_002350_kafka_feed7_rep1,kafka,sb-events-n10-feed7-rep1,0,4816,25689653600,39f82a98-f156-451b-8a78-d38df708fe7d,3895086,310,25.83333333333333,4593878777,3895086:39f82a98-f156-451b-8a78-d38df708fe7d,1,False
concurrency_n10_20260613_002350_kafka_feed7_rep1,kafka,sb-events-n10-feed7-rep1,1,4984,25697484300,9564460e-4591-4403-ba64-eef8909d478b,3895074,311,25.916666666666668,4594573222,3895074:9564460e-4591-4403-ba64-eef8909d478b,1,False
concurrency_n10_20260613_002350_kafka_feed7_rep1,kafka,sb-events-n10-feed7-rep1,2,4980,25697525800,e4592b39-096a-471d-ac41-d41533b199e0,3895074,311,25.916666666666668,4594573222,3895074:e4592b39-096a-471d-ac41-d41533b199e0,1,False
concurrency_n10_20260613_002350_kafka_feed7_rep1,kafka,sb-events-n10-feed7-rep1,0,4817,25705797800,45e0b58b-2260-4018-820d-cff887cddebc,3895134,311,25.916666666666668,4594573222,3895134:45e0b58b-2260-4018-820d-cff887cddebc,1,False
concurrency_n10_20260613_002350_kafka_feed7_rep1,kafka,sb-events-n10-feed7-rep1,2,4981,25705838200,6d8b0a03-77b2-4c9e-b013-220e2b370560,3895134,311,25.916666666666668,4594573222,3895134:6d8b0a03-77b2-4c9e-b013-220e2b370560,1,False
concurrency_n10_20260613_002350_kafka_feed7_rep1,kafka,sb-events-n10-feed7-rep1,2,4982,25712341300,adb989ce-7a4a-47dc-8dcd-7283780030ac,3895134,311,25.916666666666668,4594573222,3895134:adb989ce-7a4a-47dc-8dcd-7283780030ac,1,False
concurrency_n10_20260613_002350_kafka_feed7_rep1,kafka,sb-events-n10-feed7-rep1,0,4818,25717521900,073aa6a8-86a6-4d30-8eec-ce1c6dc16a83,3895086,311,25.916666666666668,4594573222,3895086:073aa6a8-86a6-4d30-8eec-ce1c6dc16a83,1,False
concurrency_n10_20260613_002350_kafka_feed7_rep1,kafka,sb-events-n10-feed7-rep1,1,4985,25728355400,3acafed4-ed80-481d-adb1-6d8bcabdb08d,3895052,312,26.0,4595267666,3895052:3acafed4-ed80-481d-adb1-6d8bcabdb08d,1,False
concurrency_n10_20260613_002350_kafka_feed7_rep1,kafka,sb-events-n10-feed7-rep1,0,4819,25728397700,a150ed53-71c7-4630-87d7-d4259178dc89,3895086,311,25.916666666666668,4594573222,3895086:a150ed53-71c7-4630-87d7-d4259178dc89,1,False
concurrency_n10_20260613_002350_kafka_feed7_rep1,kafka,sb-events-n10-feed7-rep1,0,4820,25735309000,11f8cda4-8e26-4350-99f8-210e244442e2,3895060,313,26.08333333333333,4595962111,3895060:11f8cda4-8e26-4350-99f8-210e244442e2,1,False
concurrency_n10_20260613_002350_kafka_feed7_rep1,kafka,sb-events-n10-feed7-rep1,1,4986,25743930400,73e93481-ff4c-4edb-8ef5-9ee2a3b5f35b,3895074,313,26.08333333333333,4595962111,3895074:73e93481-ff4c-4edb-8ef5-9ee2a3b5f35b,1,False
concurrency_n10_20260613_002350_kafka_feed7_rep1,kafka,sb-events-n10-feed7-rep1,2,4983,25753294700,d0b08268-9caf-485b-b0bb-7b02cfaf47ac,3895134,313,26.08333333333333,4595962111,3895134:d0b08268-9caf-485b-b0bb-7b02cfaf47ac,1,False
concurrency_n10_20260613_002350_kafka_feed7_rep1,kafka,sb-events-n10-feed7-rep1,0,4821,25753336400,6378a2d7-fa17-456f-92cc-7de2179432cb,3895134,313,26.08333333333333,4595962111,3895134:6378a2d7-fa17-456f-92cc-7de2179432cb,1,False
concurrency_n10_20260613_002350_kafka_feed7_rep1,kafka,sb-events-n10-feed7-rep1,1,4987,25761698500,84123f89-e20a-454c-ab6e-d5a6e63880af,3895086,313,26.08333333333333,4595962111,3895086:84123f89-e20a-454c-ab6e-d5a6e63880af,1,False
concurrency_n10_20260613_002350_kafka_feed7_rep1,kafka,sb-events-n10-feed7-rep1,1,4988,25761746100,3b2b6418-b75c-44fa-8975-8fb60e3c7b7c,3895086,313,26.08333333333333,4595962111,3895086:3b2b6418-b75c-44fa-8975-8fb60e3c7b7c,1,False
concurrency_n10_20260613_002350_kafka_feed7_rep1,kafka,sb-events-n10-feed7-rep1,2,4984,25768842500,0b6cf8b2-8c0f-479b-9e85-5662f9cf2f79,3895060,314,26.166666666666668,4596656555,3895060:0b6cf8b2-8c0f-479b-9e85-5662f9cf2f79,1,False
concurrency_n10_20260613_002350_kafka_feed7_rep1,kafka,sb-events-n10-feed7-rep1,1,4989,25768886500,b676a690-300d-462b-b0a0-44689f3e7271,3895060,314,26.166666666666668,4596656555,3895060:b676a690-300d-462b-b0a0-44689f3e7271,1,False
concurrency_n10_20260613_002350_kafka_feed7_rep1,kafka,sb-events-n10-feed7-rep1,2,4985,25777001000,3c2cbdfb-eca8-4567-bea4-efa56a11ff0c,3895060,314,26.166666666666668,4596656555,3895060:3c2cbdfb-eca8-4567-bea4-efa56a11ff0c,1,False
concurrency_n10_20260613_002350_kafka_feed7_rep1,kafka,sb-events-n10-feed7-rep1,1,4990,25777053500,605b7d6d-f015-4950-9733-14ba5fd4e42a,3895060,314,26.166666666666668,4596656555,3895060:605b7d6d-f015-4950-9733-14ba5fd4e42a,1,False
concurrency_n10_20260613_002350_kafka_feed7_rep1,kafka,sb-events-n10-feed7-rep1,0,4822,25785905500,2f0fbbcc-2fda-4daa-806a-056a5187ebba,3895060,314,26.166666666666668,4596656555,3895060:2f0fbbcc-2fda-4daa-806a-056a5187ebba,1,False
concurrency_n10_20260613_002350_kafka_feed7_rep1,kafka,sb-events-n10-feed7-rep1,2,4986,25796597900,9b1e8c53-a1de-4f2c-99e6-0b9aaaa1c745,3895134,314,26.166666666666668,4596656555,3895134:9b1e8c53-a1de-4f2c-99e6-0b9aaaa1c745,1,False
concurrency_n10_20260613_002350_kafka_feed7_rep1,kafka,sb-events-n10-feed7-rep1,1,4991,25796644400,c23e3eb6-c6dd-4b4f-8eaf-5473b505ad9a,3895052,314,26.166666666666668,4596656555,3895052:c23e3eb6-c6dd-4b4f-8eaf-5473b505ad9a,1,False
concurrency_n10_20260613_002350_kafka_feed7_rep1,kafka,sb-events-n10-feed7-rep1,1,4992,25802992000,394bdb55-88c5-43c6-a113-15457f7dcf1b,3895052,314,26.166666666666668,4596656555,3895052:394bdb55-88c5-43c6-a113-15457f7dcf1b,1,False
concurrency_n10_20260613_002350_kafka_feed7_rep1,kafka,sb-events-n10-feed7-rep1,1,4993,25803091300,4f1d2266-06ab-4b6d-a731-2f03cfa891e3,3895113,314,26.166666666666668,4596656555,3895113:4f1d2266-06ab-4b6d-a731-2f03cfa891e3,1,False
concurrency_n10_20260613_002350_kafka_feed7_rep1,kafka,sb-events-n10-feed7-rep1,2,4987,25807837400,99fab9e3-ddf0-4f49-89cc-ed1438559485,3895086,314,26.166666666666668,4596656555,3895086:99fab9e3-ddf0-4f49-89cc-ed1438559485,1,False
concurrency_n10_20260613_002350_kafka_feed7_rep1,kafka,sb-events-n10-feed7-rep1,2,4988,25818978200,c43891c6-f7d0-4b53-854f-7b0c0bf409d9,3895086,314,26.166666666666668,4596656555,3895086:c43891c6-f7d0-4b53-854f-7b0c0bf409d9,1,False
concurrency_n10_20260613_002350_kafka_feed7_rep1,kafka,sb-events-n10-feed7-rep1,0,4823,25835484100,b02d8af1-0dd1-423d-94ea-c81f1d60adfc,3895060,315,26.25,4597351000,3895060:b02d8af1-0dd1-423d-94ea-c81f1d60adfc,1,False
concurrency_n10_20260613_002350_kafka_feed7_rep1,kafka,sb-events-n10-feed7-rep1,1,4994,25835528600,02302c67-a71e-4acf-bab1-d73bccb3ff36,3895134,315,26.25,4597351000,3895134:02302c67-a71e-4acf-bab1-d73bccb3ff36,1,False
concurrency_n10_20260613_002350_kafka_feed7_rep1,kafka,sb-events-n10-feed7-rep1,1,4995,25835549900,dacab50e-dea6-47d0-a67f-506895f82189,3895134,315,26.25,4597351000,3895134:dacab50e-dea6-47d0-a67f-506895f82189,1,False
concurrency_n10_20260613_002350_kafka_feed7_rep1,kafka,sb-events-n10-feed7-rep1,2,4989,25835568700,d2d96254-cdb5-40f6-a713-824acbab17a3,3895107,315,26.25,4597351000,3895107:d2d96254-cdb5-40f6-a713-824acbab17a3,1,False
concurrency_n10_20260613_002350_kafka_feed7_rep1,kafka,sb-events-n10-feed7-rep1,0,4824,25846977300,392dd4b7-a180-48b3-9dbc-acabf60191e3,3895052,315,26.25,4597351000,3895052:392dd4b7-a180-48b3-9dbc-acabf60191e3,1,False
concurrency_n10_20260613_002350_kafka_feed7_rep1,kafka,sb-events-n10-feed7-rep1,0,4825,25847024300,04c9affe-5c2c-4541-880e-6449dac86ae3,3895086,315,26.25,4597351000,3895086:04c9affe-5c2c-4541-880e-6449dac86ae3,1,False
concurrency_n10_20260613_002350_kafka_feed7_rep1,kafka,sb-events-n10-feed7-rep1,0,4826,25847049100,562ce0ba-cc5e-4622-b2e0-e5a4fa545b29,3895060,316,26.33333333333333,4598045444,3895060:562ce0ba-cc5e-4622-b2e0-e5a4fa545b29,1,False
concurrency_n10_20260613_002350_kafka_feed7_rep1,kafka,sb-events-n10-feed7-rep1,1,4996,25856607700,2add13d1-e99d-4136-ab7e-853a487aa346,3895052,316,26.33333333333333,4598045444,3895052:2add13d1-e99d-4136-ab7e-853a487aa346,1,False
concurrency_n10_20260613_002350_kafka_feed7_rep1,kafka,sb-events-n10-feed7-rep1,2,4990,25856644900,2da25799-fa27-4e14-ab83-65f4610738a7,3895107,316,26.33333333333333,4598045444,3895107:2da25799-fa27-4e14-ab83-65f4610738a7,1,False
concurrency_n10_20260613_002350_kafka_feed7_rep1,kafka,sb-events-n10-feed7-rep1,0,4827,25856666400,6da99785-0da0-4aca-93d6-27fa7a4cbad6,3895060,316,26.33333333333333,4598045444,3895060:6da99785-0da0-4aca-93d6-27fa7a4cbad6,1,False
concurrency_n10_20260613_002350_kafka_feed7_rep1,kafka,sb-events-n10-feed7-rep1,2,4991,25866309400,677c2260-b99e-46fe-983b-d8be3d3623ff,3895052,316,26.33333333333333,4598045444,3895052:677c2260-b99e-46fe-983b-d8be3d3623ff,1,False
concurrency_n10_20260613_002350_kafka_feed7_rep1,kafka,sb-events-n10-feed7-rep1,2,4992,25866354100,4a574c7f-cffa-4555-9ba1-e18af3476fbf,3895052,316,26.33333333333333,4598045444,3895052:4a574c7f-cffa-4555-9ba1-e18af3476fbf,1,False
concurrency_n10_20260613_002350_kafka_feed7_rep1,kafka,sb-events-n10-feed7-rep1,0,4828,25876106800,246935a5-58c1-4438-a255-74262e4c8629,3895113,316,26.33333333333333,4598045444,3895113:246935a5-58c1-4438-a255-74262e4c8629,1,False
concurrency_n10_20260613_002350_kafka_feed7_rep1,kafka,sb-events-n10-feed7-rep1,0,4829,25876151500,76707c05-6d43-4d3e-b06d-3645f7e25876,3895113,316,26.33333333333333,4598045444,3895113:76707c05-6d43-4d3e-b06d-3645f7e25876,1,False
concurrency_n10_20260613_002350_kafka_feed7_rep1,kafka,sb-events-n10-feed7-rep1,0,4830,25876181000,7f412a00-eccd-4d4f-98d3-3ced82f667f2,3895074,317,26.416666666666668,4598739888,3895074:7f412a00-eccd-4d4f-98d3-3ced82f667f2,1,False
concurrency_n10_20260613_002350_kafka_feed7_rep1,kafka,sb-events-n10-feed7-rep1,1,4997,25881229300,ec646053-bd4f-4edf-bdda-23c1b37a2104,3895074,317,26.416666666666668,4598739888,3895074:ec646053-bd4f-4edf-bdda-23c1b37a2104,1,False
concurrency_n10_20260613_002350_kafka_feed7_rep1,kafka,sb-events-n10-feed7-rep1,1,4998,25887969000,400a0629-38de-4e49-b260-f9dd814599a5,3895107,317,26.416666666666668,4598739888,3895107:400a0629-38de-4e49-b260-f9dd814599a5,1,False
concurrency_n10_20260613_002350_kafka_feed7_rep1,kafka,sb-events-n10-feed7-rep1,1,4999,25897999800,d8fb521c-b883-43f7-aaee-9be4a2e5e541,3895107,317,26.416666666666668,4598739888,3895107:d8fb521c-b883-43f7-aaee-9be4a2e5e541,1,False
concurrency_n10_20260613_002350_kafka_feed7_rep1,kafka,sb-events-n10-feed7-rep1,0,4831,25902971100,ad8763fe-6c7b-44d5-87a8-ab6b960e2a1e,3895134,317,26.416666666666668,4598739888,3895134:ad8763fe-6c7b-44d5-87a8-ab6b960e2a1e,1,False
concurrency_n10_20260613_002350_kafka_feed7_rep1,kafka,sb-events-n10-feed7-rep1,2,4993,25912070800,da096edb-269d-4bbf-85f0-16f9d6d675bb,3895052,317,26.416666666666668,4598739888,3895052:da096edb-269d-4bbf-85f0-16f9d6d675bb,1,False
concurrency_n10_20260613_002350_kafka_feed7_rep1,kafka,sb-events-n10-feed7-rep1,2,4994,25921503800,78c9fc5e-2d64-4fae-a14d-b9253211ecf5,3895052,317,26.416666666666668,4598739888,3895052:78c9fc5e-2d64-4fae-a14d-b9253211ecf5,1,False
concurrency_n10_20260613_002350_kafka_feed7_rep1,kafka,sb-events-n10-feed7-rep1,1,5000,25929068400,9c15a0fc-0c14-4605-ba21-f98e9588afeb,3895113,317,26.416666666666668,4598739888,3895113:9c15a0fc-0c14-4605-ba21-f98e9588afeb,1,False
concurrency_n10_20260613_002350_kafka_feed7_rep1,kafka,sb-events-n10-feed7-rep1,2,4995,25929365400,8441f5f4-1d8c-4b91-b4c9-fd67eddbee0a,3895060,318,26.5,4599434333,3895060:8441f5f4-1d8c-4b91-b4c9-fd67eddbee0a,1,False
concurrency_n10_20260613_002350_kafka_feed7_rep1,kafka,sb-events-n10-feed7-rep1,2,4996,25939655100,8d1f4b7d-8eff-47e6-ae0c-91b8d06bc7d9,3895052,318,26.5,4599434333,3895052:8d1f4b7d-8eff-47e6-ae0c-91b8d06bc7d9,1,False
concurrency_n10_20260613_002350_kafka_feed7_rep1,kafka,sb-events-n10-feed7-rep1,2,4997,25939703200,ec53d3eb-784c-4b06-8b15-2a4e6d8c8897,3895113,318,26.5,4599434333,3895113:ec53d3eb-784c-4b06-8b15-2a4e6d8c8897,1,False
concurrency_n10_20260613_002350_kafka_feed7_rep1,kafka,sb-events-n10-feed7-rep1,1,5001,25950781900,09a9066d-3190-4258-b6a3-10a62c95e149,3895113,318,26.5,4599434333,3895113:09a9066d-3190-4258-b6a3-10a62c95e149,1,False
concurrency_n10_20260613_002350_kafka_feed7_rep1,kafka,sb-events-n10-feed7-rep1,2,4998,25950823800,26196cc9-cd14-47de-9b97-80d6985b326f,3895107,319,26.58333333333333,4600128777,3895107:26196cc9-cd14-47de-9b97-80d6985b326f,1,False
concurrency_n10_20260613_002350_kafka_feed7_rep1,kafka,sb-events-n10-feed7-rep1,2,4999,25950844600,5a0b00b5-8620-4121-8530-0b794c2eab40,3895107,319,26.58333333333333,4600128777,3895107:5a0b00b5-8620-4121-8530-0b794c2eab40,1,False
concurrency_n10_20260613_002350_kafka_feed7_rep1,kafka,sb-events-n10-feed7-rep1,2,5000,25957694300,5c073b2f-c213-4ab7-a313-1a59712c78e5,3895134,319,26.58333333333333,4600128777,3895134:5c073b2f-c213-4ab7-a313-1a59712c78e5,1,False
concurrency_n10_20260613_002350_kafka_feed7_rep1,kafka,sb-events-n10-feed7-rep1,1,5002,25963794800,20ae7112-b2c8-41d2-aeb1-63d9a704d650,3895134,319,26.58333333333333,4600128777,3895134:20ae7112-b2c8-41d2-aeb1-63d9a704d650,1,False
concurrency_n10_20260613_002350_kafka_feed7_rep1,kafka,sb-events-n10-feed7-rep1,1,5003,25963835400,37927a43-1600-4ff9-ab32-90ef87a3a16a,3895134,319,26.58333333333333,4600128777,3895134:37927a43-1600-4ff9-ab32-90ef87a3a16a,1,False
concurrency_n10_20260613_002350_kafka_feed7_rep1,kafka,sb-events-n10-feed7-rep1,2,5001,25968448600,f2d2fda6-0d5f-4519-8c00-771a4f8ccaa3,3895052,319,26.58333333333333,4600128777,3895052:f2d2fda6-0d5f-4519-8c00-771a4f8ccaa3,1,False
concurrency_n10_20260613_002350_kafka_feed7_rep1,kafka,sb-events-n10-feed7-rep1,1,5004,25979571700,1cce44ec-247a-4b01-86ae-aee511d9af28,3895052,319,26.58333333333333,4600128777,3895052:1cce44ec-247a-4b01-86ae-aee511d9af28,1,False
concurrency_n10_20260613_002350_kafka_feed7_rep1,kafka,sb-events-n10-feed7-rep1,0,4832,25995767200,80ea0fc3-2a53-4f63-89a6-b5fe54a9d7d9,3895095,320,26.666666666666668,4600823222,3895095:80ea0fc3-2a53-4f63-89a6-b5fe54a9d7d9,1,False
concurrency_n10_20260613_002350_kafka_feed7_rep1,kafka,sb-events-n10-feed7-rep1,1,5005,25995804400,682ff6dc-45e1-4759-b841-e8e940b73945,3895095,320,26.666666666666668,4600823222,3895095:682ff6dc-45e1-4759-b841-e8e940b73945,1,False
concurrency_n10_20260613_002350_kafka_feed7_rep1,kafka,sb-events-n10-feed7-rep1,1,5006,25995827200,3ddd1bf5-ebc0-46d8-80e9-7754349fb9cc,3895060,320,26.666666666666668,4600823222,3895060:3ddd1bf5-ebc0-46d8-80e9-7754349fb9cc,1,False
concurrency_n10_20260613_002350_kafka_feed7_rep1,kafka,sb-events-n10-feed7-rep1,2,5002,26002481000,8707266c-f4f4-4701-9a98-93a44cb229da,3895060,320,26.666666666666668,4600823222,3895060:8707266c-f4f4-4701-9a98-93a44cb229da,1,False
concurrency_n10_20260613_002350_kafka_feed7_rep1,kafka,sb-events-n10-feed7-rep1,0,4833,26002521400,67391880-c4bd-4c49-ac0d-30f2b4cfed43,3895134,320,26.666666666666668,4600823222,3895134:67391880-c4bd-4c49-ac0d-30f2b4cfed43,1,False
concurrency_n10_20260613_002350_kafka_feed7_rep1,kafka,sb-events-n10-feed7-rep1,2,5003,26010731000,8cc8899e-12c7-4f32-ad3c-6234f1a183e1,3895134,320,26.666666666666668,4600823222,3895134:8cc8899e-12c7-4f32-ad3c-6234f1a183e1,1,False
concurrency_n10_20260613_002350_kafka_feed7_rep1,kafka,sb-events-n10-feed7-rep1,0,4834,26020023900,73950e1c-c4c5-46d2-9b4b-9751c3c09646,3895052,320,26.666666666666668,4600823222,3895052:73950e1c-c4c5-46d2-9b4b-9751c3c09646,1,False
concurrency_n10_20260613_002350_kafka_feed7_rep1,kafka,sb-events-n10-feed7-rep1,1,5007,26025311400,0baa40ea-5472-4239-84ce-75cc13e04c9e,3895113,320,26.666666666666668,4600823222,3895113:0baa40ea-5472-4239-84ce-75cc13e04c9e,1,False
concurrency_n10_20260613_002350_kafka_feed7_rep1,kafka,sb-events-n10-feed7-rep1,2,5004,26025367400,47b30c8a-2415-4aa3-9a2d-1d847b550731,3895095,321,26.75,4601517666,3895095:47b30c8a-2415-4aa3-9a2d-1d847b550731,1,False
concurrency_n10_20260613_002350_kafka_feed7_rep1,kafka,sb-events-n10-feed7-rep1,1,5008,26029915300,01452dda-4cab-4703-8f03-7851cc2a493b,3895095,321,26.75,4601517666,3895095:01452dda-4cab-4703-8f03-7851cc2a493b,1,False
concurrency_n10_20260613_002350_kafka_feed7_rep1,kafka,sb-events-n10-feed7-rep1,1,5009,26035208200,3af0554c-8ef9-4cd9-b5fe-0eb9b6b5cb62,3895095,321,26.75,4601517666,3895095:3af0554c-8ef9-4cd9-b5fe-0eb9b6b5cb62,1,False
concurrency_n10_20260613_002350_kafka_feed7_rep1,kafka,sb-events-n10-feed7-rep1,0,4835,26045273700,779176ae-e436-407c-879f-8e400f7377f8,3895095,321,26.75,4601517666,3895095:779176ae-e436-407c-879f-8e400f7377f8,1,False
concurrency_n10_20260613_002350_kafka_feed7_rep1,kafka,sb-events-n10-feed7-rep1,2,5005,26045319700,b60de9a9-c724-4975-b127-99ce60ac1e15,3895095,321,26.75,4601517666,3895095:b60de9a9-c724-4975-b127-99ce60ac1e15,1,False
concurrency_n10_20260613_002350_kafka_feed7_rep1,kafka,sb-events-n10-feed7-rep1,1,5010,26055239300,00c09277-2dbb-47b7-ac4b-741062eb3faa,3895095,321,26.75,4601517666,3895095:00c09277-2dbb-47b7-ac4b-741062eb3faa,1,False
concurrency_n10_20260613_002350_kafka_feed7_rep1,kafka,sb-events-n10-feed7-rep1,0,4836,26055358500,18ba8f20-241a-4d34-83de-d246ce265ba4,3895121,321,26.75,4601517666,3895121:18ba8f20-241a-4d34-83de-d246ce265ba4,1,False
concurrency_n10_20260613_002350_kafka_feed7_rep1,kafka,sb-events-n10-feed7-rep1,1,5011,26060986500,45f8a62c-9039-4034-a964-fd1c1545680a,3895134,321,26.75,4601517666,3895134:45f8a62c-9039-4034-a964-fd1c1545680a,1,False
concurrency_n10_20260613_002350_kafka_feed7_rep1,kafka,sb-events-n10-feed7-rep1,0,4837,26066317200,6ac63702-9c8d-4c96-82dd-f1f4e145f062,3895134,321,26.75,4601517666,3895134:6ac63702-9c8d-4c96-82dd-f1f4e145f062,1,False
concurrency_n10_20260613_002350_kafka_feed7_rep1,kafka,sb-events-n10-feed7-rep1,1,5012,26066356800,80b5572a-d2bf-4bac-ae05-1724682e6848,3895052,321,26.75,4601517666,3895052:80b5572a-d2bf-4bac-ae05-1724682e6848,1,False
concurrency_n10_20260613_002350_kafka_feed7_rep1,kafka,sb-events-n10-feed7-rep1,2,5006,26073318000,08849140-7424-46b1-be08-ebd78e548e26,3895052,321,26.75,4601517666,3895052:08849140-7424-46b1-be08-ebd78e548e26,1,False
concurrency_n10_20260613_002350_kafka_feed7_rep1,kafka,sb-events-n10-feed7-rep1,1,5013,26080191600,9e876c0f-8eb7-408b-b8aa-d1f7e172b0dc,3895113,321,26.75,4601517666,3895113:9e876c0f-8eb7-408b-b8aa-d1f7e172b0dc,1,False
concurrency_n10_20260613_002350_kafka_feed7_rep1,kafka,sb-events-n10-feed7-rep1,1,5014,26080230100,bac2ac88-467a-46f3-93bc-896a8a9763cc,3895086,321,26.75,4601517666,3895086:bac2ac88-467a-46f3-93bc-896a8a9763cc,1,False
concurrency_n10_20260613_002350_kafka_feed7_rep1,kafka,sb-events-n10-feed7-rep1,2,5007,26086735900,f3340d0d-34c8-4c60-818d-6b0ab6f0e724,3895086,321,26.75,4601517666,3895086:f3340d0d-34c8-4c60-818d-6b0ab6f0e724,1,False
concurrency_n10_20260613_002350_kafka_feed7_rep1,kafka,sb-events-n10-feed7-rep1,0,4838,26091818300,f3617b96-6548-46c6-9b24-c7d328b1641f,3895107,322,26.83333333333333,4602212111,3895107:f3617b96-6548-46c6-9b24-c7d328b1641f,1,False
concurrency_n10_20260613_002350_kafka_feed7_rep1,kafka,sb-events-n10-feed7-rep1,1,5015,26091869200,a9353826-78d0-4db7-9504-37af067ba42b,3895060,322,26.83333333333333,4602212111,3895060:a9353826-78d0-4db7-9504-37af067ba42b,1,False
concurrency_n10_20260613_002350_kafka_feed7_rep1,kafka,sb-events-n10-feed7-rep1,2,5008,26095994800,f852634c-8f86-4877-be07-bc24a07e736d,3895107,322,26.83333333333333,4602212111,3895107:f852634c-8f86-4877-be07-bc24a07e736d,1,False
concurrency_n10_20260613_002350_kafka_feed7_rep1,kafka,sb-events-n10-feed7-rep1,1,5016,26104648300,fd58d405-6eba-41ab-81bf-d22785c2a293,3895134,322,26.83333333333333,4602212111,3895134:fd58d405-6eba-41ab-81bf-d22785c2a293,1,False
concurrency_n10_20260613_002350_kafka_feed7_rep1,kafka,sb-events-n10-feed7-rep1,0,4839,26111919400,891e42ae-ba34-4c6c-9819-902fd0ff3123,3895113,322,26.83333333333333,4602212111,3895113:891e42ae-ba34-4c6c-9819-902fd0ff3123,1,False
concurrency_n10_20260613_002350_kafka_feed7_rep1,kafka,sb-events-n10-feed7-rep1,2,5009,26111959500,dbb81daf-4dd3-4b09-9c7b-66b3cfd002b4,3895113,322,26.83333333333333,4602212111,3895113:dbb81daf-4dd3-4b09-9c7b-66b3cfd002b4,1,False
concurrency_n10_20260613_002350_kafka_feed7_rep1,kafka,sb-events-n10-feed7-rep1,1,5017,26111982800,67b350e2-a656-4ee2-ba54-6a99f81f12a6,3895052,322,26.83333333333333,4602212111,3895052:67b350e2-a656-4ee2-ba54-6a99f81f12a6,1,False
concurrency_n10_20260613_002350_kafka_feed7_rep1,kafka,sb-events-n10-feed7-rep1,1,5018,26116242800,e4a1a2fe-fe12-435a-98a4-98dda2739446,3895086,322,26.83333333333333,4602212111,3895086:e4a1a2fe-fe12-435a-98a4-98dda2739446,1,False
concurrency_n10_20260613_002350_kafka_feed7_rep1,kafka,sb-events-n10-feed7-rep1,2,5010,26124928400,9f38e589-9bcd-402e-a9c7-81c713301c69,3895086,322,26.83333333333333,4602212111,3895086:9f38e589-9bcd-402e-a9c7-81c713301c69,1,False
concurrency_n10_20260613_002350_kafka_feed7_rep1,kafka,sb-events-n10-feed7-rep1,1,5019,26124964700,ea283cd4-127c-4613-a843-474b9ff4cd8c,3895086,322,26.83333333333333,4602212111,3895086:ea283cd4-127c-4613-a843-474b9ff4cd8c,1,False
concurrency_n10_20260613_002350_kafka_feed7_rep1,kafka,sb-events-n10-feed7-rep1,2,5011,26132942900,ceb01ebe-f047-4903-ad87-46179255db15,3895095,323,26.916666666666668,4602906555,3895095:ceb01ebe-f047-4903-ad87-46179255db15,1,False
concurrency_n10_20260613_002350_kafka_feed7_rep1,kafka,sb-events-n10-feed7-rep1,1,5020,26140687700,25c1ced9-2614-4c5f-b468-49623335f10a,3895095,323,26.916666666666668,4602906555,3895095:25c1ced9-2614-4c5f-b468-49623335f10a,1,False
concurrency_n10_20260613_002350_kafka_feed7_rep1,kafka,sb-events-n10-feed7-rep1,2,5012,26140730600,765e4d5f-098d-416d-ac74-e94b3fc96434,3895121,323,26.916666666666668,4602906555,3895121:765e4d5f-098d-416d-ac74-e94b3fc96434,1,False
concurrency_n10_20260613_002350_kafka_feed7_rep1,kafka,sb-events-n10-feed7-rep1,2,5013,26149667200,765951d5-3b9b-48ae-a2ec-0569ce42652a,3895121,323,26.916666666666668,4602906555,3895121:765951d5-3b9b-48ae-a2ec-0569ce42652a,1,False
concurrency_n10_20260613_002350_kafka_feed7_rep1,kafka,sb-events-n10-feed7-rep1,2,5014,26149721800,2072c49c-533a-4650-898e-b8c2c38b8a53,3895060,323,26.916666666666668,4602906555,3895060:2072c49c-533a-4650-898e-b8c2c38b8a53,1,False
concurrency_n10_20260613_002350_kafka_feed7_rep1,kafka,sb-events-n10-feed7-rep1,0,4840,26155073800,29f92fe5-0aa4-407d-8f0a-0cf2ddeaaa5f,3895060,323,26.916666666666668,4602906555,3895060:29f92fe5-0aa4-407d-8f0a-0cf2ddeaaa5f,1,False
concurrency_n10_20260613_002350_kafka_feed7_rep1,kafka,sb-events-n10-feed7-rep1,0,4841,26155114000,91705dce-cd6d-46fc-816b-6f16f0a55899,3895134,323,26.916666666666668,4602906555,3895134:91705dce-cd6d-46fc-816b-6f16f0a55899,1,False
concurrency_n10_20260613_002350_kafka_feed7_rep1,kafka,sb-events-n10-feed7-rep1,1,5021,26160277400,7eb6fae1-8ed8-4b6b-a245-a1ad3eb55542,3895134,323,26.916666666666668,4602906555,3895134:7eb6fae1-8ed8-4b6b-a245-a1ad3eb55542,1,False
concurrency_n10_20260613_002350_kafka_feed7_rep1,kafka,sb-events-n10-feed7-rep1,0,4842,26166257100,5ed423f7-bc6a-417d-908c-9c5cc9053848,3895134,323,26.916666666666668,4602906555,3895134:5ed423f7-bc6a-417d-908c-9c5cc9053848,1,False
concurrency_n10_20260613_002350_kafka_feed7_rep1,kafka,sb-events-n10-feed7-rep1,1,5022,26175554800,6f9de4f1-0bd4-4d27-955b-3efeeb7c5d8b,3895113,323,26.916666666666668,4602906555,3895113:6f9de4f1-0bd4-4d27-955b-3efeeb7c5d8b,1,False
concurrency_n10_20260613_002350_kafka_feed7_rep1,kafka,sb-events-n10-feed7-rep1,0,4843,26175609000,91ca55c2-0ab1-4c67-8c0d-0a768c136cbe,3895113,323,26.916666666666668,4602906555,3895113:91ca55c2-0ab1-4c67-8c0d-0a768c136cbe,1,False
concurrency_n10_20260613_002350_kafka_feed7_rep1,kafka,sb-events-n10-feed7-rep1,0,4844,26181943800,06a68206-c99d-4853-b4c2-1e8b69ed8bac,3895086,323,26.916666666666668,4602906555,3895086:06a68206-c99d-4853-b4c2-1e8b69ed8bac,1,False
concurrency_n10_20260613_002350_kafka_feed7_rep1,kafka,sb-events-n10-feed7-rep1,2,5015,26190318100,e322c13b-ff81-42ee-90e8-2e445f78f36a,3895086,323,26.916666666666668,4602906555,3895086:e322c13b-ff81-42ee-90e8-2e445f78f36a,1,False
concurrency_n10_20260613_002350_kafka_feed7_rep1,kafka,sb-events-n10-feed7-rep1,2,5016,26190372700,65078bd9-948c-400f-90f7-2aaf914406d4,3895134,324,27.0,4603601000,3895134:65078bd9-948c-400f-90f7-2aaf914406d4,1,False
concurrency_n10_20260613_002350_kafka_feed7_rep1,kafka,sb-events-n10-feed7-rep1,0,4845,26190409800,0152e3af-14bc-45b9-acc2-1c1b81ba1e6d,3895134,324,27.0,4603601000,3895134:0152e3af-14bc-45b9-acc2-1c1b81ba1e6d,1,False
concurrency_n10_20260613_002350_kafka_feed7_rep1,kafka,sb-events-n10-feed7-rep1,2,5017,26198197100,5babff75-4553-4b3a-b9f4-43b8ecab192e,3895086,324,27.0,4603601000,3895086:5babff75-4553-4b3a-b9f4-43b8ecab192e,1,False
concurrency_n10_20260613_002350_kafka_feed7_rep1,kafka,sb-events-n10-feed7-rep1,0,4846,26198252700,dcd63a56-5072-413e-911a-7264f0e371ab,3895086,324,27.0,4603601000,3895086:dcd63a56-5072-413e-911a-7264f0e371ab,1,False
concurrency_n10_20260613_002350_kafka_feed7_rep1,kafka,sb-events-n10-feed7-rep1,0,4847,26203007000,912c44f7-9bea-4745-a4c2-4751ca8b8ba2,3895060,325,27.08333333333333,4604295444,3895060:912c44f7-9bea-4745-a4c2-4751ca8b8ba2,1,False
concurrency_n10_20260613_002350_kafka_feed7_rep1,kafka,sb-events-n10-feed7-rep1,2,5018,26210773800,c2b8d7b8-ae71-4a7b-832a-5e071f84706c,3895060,325,27.08333333333333,4604295444,3895060:c2b8d7b8-ae71-4a7b-832a-5e071f84706c,1,False
concurrency_n10_20260613_002350_kafka_feed7_rep1,kafka,sb-events-n10-feed7-rep1,1,5023,26219918600,0b07deed-d20e-4434-abd6-4aaf53e71e62,3895052,325,27.08333333333333,4604295444,3895052:0b07deed-d20e-4434-abd6-4aaf53e71e62,1,False
concurrency_n10_20260613_002350_kafka_feed7_rep1,kafka,sb-events-n10-feed7-rep1,2,5019,26219968200,f302d779-957c-4d6f-999d-e1b1a994308a,3895052,325,27.08333333333333,4604295444,3895052:f302d779-957c-4d6f-999d-e1b1a994308a,1,False
concurrency_n10_20260613_002350_kafka_feed7_rep1,kafka,sb-events-n10-feed7-rep1,0,4848,26227929600,50a58806-53f3-4be3-b1a3-ebc3df31bcfb,3895060,326,27.166666666666668,4604989888,3895060:50a58806-53f3-4be3-b1a3-ebc3df31bcfb,1,False
concurrency_n10_20260613_002350_kafka_feed7_rep1,kafka,sb-events-n10-feed7-rep1,1,5024,26228025900,1a07249d-2406-4788-9baa-b1c8eec64ea5,3895086,325,27.08333333333333,4604295444,3895086:1a07249d-2406-4788-9baa-b1c8eec64ea5,1,False
concurrency_n10_20260613_002350_kafka_feed7_rep1,kafka,sb-events-n10-feed7-rep1,0,4849,26232202400,ccc70e17-4484-4ad8-b7fc-715d4177c31a,3895060,326,27.166666666666668,4604989888,3895060:ccc70e17-4484-4ad8-b7fc-715d4177c31a,1,False
concurrency_n10_20260613_002350_kafka_feed7_rep1,kafka,sb-events-n10-feed7-rep1,0,4850,26232243600,f99f7f6b-5a8c-412a-9704-e4f174e12f20,3895074,326,27.166666666666668,4604989888,3895074:f99f7f6b-5a8c-412a-9704-e4f174e12f20,1,False
concurrency_n10_20260613_002350_kafka_feed7_rep1,kafka,sb-events-n10-feed7-rep1,2,5020,26237674100,b7a07101-16a4-4d4c-8693-420785555b30,3895113,326,27.166666666666668,4604989888,3895113:b7a07101-16a4-4d4c-8693-420785555b30,1,False
concurrency_n10_20260613_002350_kafka_feed7_rep1,kafka,sb-events-n10-feed7-rep1,1,5025,26237709200,e080162c-b679-46f5-adf2-a019d92130eb,3895113,326,27.166666666666668,4604989888,3895113:e080162c-b679-46f5-adf2-a019d92130eb,1,False
concurrency_n10_20260613_002350_kafka_feed7_rep1,kafka,sb-events-n10-feed7-rep1,1,5026,26243928600,cbcbaf77-15d0-45a3-afec-9bade109c5c3,3895113,326,27.166666666666668,4604989888,3895113:cbcbaf77-15d0-45a3-afec-9bade109c5c3,1,False
concurrency_n10_20260613_002350_kafka_feed7_rep1,kafka,sb-events-n10-feed7-rep1,2,5021,26252445900,d310c41e-ccc2-40fb-a06d-6d036f388bff,3895086,326,27.166666666666668,4604989888,3895086:d310c41e-ccc2-40fb-a06d-6d036f388bff,1,False
concurrency_n10_20260613_002350_kafka_feed7_rep1,kafka,sb-events-n10-feed7-rep1,1,5027,26257672300,a0a25c26-29df-44dc-a699-90580910dfdd,3895060,327,27.25,4605684333,3895060:a0a25c26-29df-44dc-a699-90580910dfdd,1,False
concurrency_n10_20260613_002350_kafka_feed7_rep1,kafka,sb-events-n10-feed7-rep1,2,5022,26265665500,0cf23ce9-0153-4db2-8503-d3073f6461d9,3895060,327,27.25,4605684333,3895060:0cf23ce9-0153-4db2-8503-d3073f6461d9,1,False
concurrency_n10_20260613_002350_kafka_feed7_rep1,kafka,sb-events-n10-feed7-rep1,1,5028,26265711400,8cd76890-acdb-4587-9747-a8325f50af1b,3895134,327,27.25,4605684333,3895134:8cd76890-acdb-4587-9747-a8325f50af1b,1,False
concurrency_n10_20260613_002350_kafka_feed7_rep1,kafka,sb-events-n10-feed7-rep1,0,4851,26272524300,e2422ee1-2d12-406e-abd1-fcb8e6e5e40f,3895113,327,27.25,4605684333,3895113:e2422ee1-2d12-406e-abd1-fcb8e6e5e40f,1,False
concurrency_n10_20260613_002350_kafka_feed7_rep1,kafka,sb-events-n10-feed7-rep1,0,4852,26272573900,28026d1d-108d-4132-b7dd-aa5fb2833312,3895086,327,27.25,4605684333,3895086:28026d1d-108d-4132-b7dd-aa5fb2833312,1,False
concurrency_n10_20260613_002350_kafka_feed7_rep1,kafka,sb-events-n10-feed7-rep1,1,5029,26281361200,3b634913-4263-4e45-a7f6-b25bac5d2637,3895086,327,27.25,4605684333,3895086:3b634913-4263-4e45-a7f6-b25bac5d2637,1,False
concurrency_n10_20260613_002350_kafka_feed7_rep1,kafka,sb-events-n10-feed7-rep1,0,4853,26287978700,601694f2-d49d-47a3-bc0d-3166572c7d50,3895060,328,27.33333333333333,4606378777,3895060:601694f2-d49d-47a3-bc0d-3166572c7d50,1,False
concurrency_n10_20260613_002350_kafka_feed7_rep1,kafka,sb-events-n10-feed7-rep1,1,5030,26288028800,4a7fa8b7-ee4a-4a51-ad8a-5df4c2fe9446,3895095,328,27.33333333333333,4606378777,3895095:4a7fa8b7-ee4a-4a51-ad8a-5df4c2fe9446,1,False
concurrency_n10_20260613_002350_kafka_feed7_rep1,kafka,sb-events-n10-feed7-rep1,2,5023,26296981000,821f610d-dc82-4cb3-81fa-80daf42f8298,3895074,328,27.33333333333333,4606378777,3895074:821f610d-dc82-4cb3-81fa-80daf42f8298,1,False
concurrency_n10_20260613_002350_kafka_feed7_rep1,kafka,sb-events-n10-feed7-rep1,0,4854,26297129000,0425f679-712d-4e88-a143-95f0fced4376,3895074,328,27.33333333333333,4606378777,3895074:0425f679-712d-4e88-a143-95f0fced4376,1,False
concurrency_n10_20260613_002350_kafka_feed7_rep1,kafka,sb-events-n10-feed7-rep1,0,4855,26297158700,5c5243e2-2576-47e7-9e3d-f064c3369e22,3895134,328,27.33333333333333,4606378777,3895134:5c5243e2-2576-47e7-9e3d-f064c3369e22,1,False
concurrency_n10_20260613_002350_kafka_feed7_rep1,kafka,sb-events-n10-feed7-rep1,1,5031,26307709700,66ed78e9-7b7a-4dc9-8a7b-9abf8b6a2b79,3895134,328,27.33333333333333,4606378777,3895134:66ed78e9-7b7a-4dc9-8a7b-9abf8b6a2b79,1,False
concurrency_n10_20260613_002350_kafka_feed7_rep1,kafka,sb-events-n10-feed7-rep1,0,4856,26307763200,9ae80932-88a0-46c4-906a-d92d4999f5a3,3895086,328,27.33333333333333,4606378777,3895086:9ae80932-88a0-46c4-906a-d92d4999f5a3,1,False
concurrency_n10_20260613_002350_kafka_feed7_rep1,kafka,sb-events-n10-feed7-rep1,1,5032,26313098000,f070b6ef-9781-4ba2-9993-4e4393f056cb,3895095,329,27.416666666666668,4607073222,3895095:f070b6ef-9781-4ba2-9993-4e4393f056cb,1,False
concurrency_n10_20260613_002350_kafka_feed7_rep1,kafka,sb-events-n10-feed7-rep1,0,4857,26313139900,d4a886d3-364d-4310-a009-0c7228d9c4e2,3895095,329,27.416666666666668,4607073222,3895095:d4a886d3-364d-4310-a009-0c7228d9c4e2,1,False
concurrency_n10_20260613_002350_kafka_feed7_rep1,kafka,sb-events-n10-feed7-rep1,1,5033,26320421900,f621dd02-9352-4e89-a960-5040f4b3499d,3895121,329,27.416666666666668,4607073222,3895121:f621dd02-9352-4e89-a960-5040f4b3499d,1,False
concurrency_n10_20260613_002350_kafka_feed7_rep1,kafka,sb-events-n10-feed7-rep1,0,4858,26324989100,b4a4be30-2276-404e-bd4b-2664b630e9f7,3895121,329,27.416666666666668,4607073222,3895121:b4a4be30-2276-404e-bd4b-2664b630e9f7,1,False
concurrency_n10_20260613_002350_kafka_feed7_rep1,kafka,sb-events-n10-feed7-rep1,2,5024,26333871400,07263e8b-6e88-44b3-a4b2-f39c074c174a,3895060,329,27.416666666666668,4607073222,3895060:07263e8b-6e88-44b3-a4b2-f39c074c174a,1,False
concurrency_n10_20260613_002350_kafka_feed7_rep1,kafka,sb-events-n10-feed7-rep1,0,4859,26333919600,b50c709b-72a6-4242-98d3-30cd56ce5a82,3895107,329,27.416666666666668,4607073222,3895107:b50c709b-72a6-4242-98d3-30cd56ce5a82,1,False
concurrency_n10_20260613_002350_kafka_feed7_rep1,kafka,sb-events-n10-feed7-rep1,1,5034,26343553100,d193c018-d62c-413b-8a1c-c34eb7e4c8e9,3895134,329,27.416666666666668,4607073222,3895134:d193c018-d62c-413b-8a1c-c34eb7e4c8e9,1,False
concurrency_n10_20260613_002350_kafka_feed7_rep1,kafka,sb-events-n10-feed7-rep1,0,4860,26352254500,a7b72d56-d15c-4956-8b4e-13e2463fdbd2,3895052,329,27.416666666666668,4607073222,3895052:a7b72d56-d15c-4956-8b4e-13e2463fdbd2,1,False
concurrency_n10_20260613_002350_kafka_feed7_rep1,kafka,sb-events-n10-feed7-rep1,0,4861,26352300200,afee8057-c990-444c-adfb-30a539eb4c30,3895052,329,27.416666666666668,4607073222,3895052:afee8057-c990-444c-adfb-30a539eb4c30,1,False
concurrency_n10_20260613_002350_kafka_feed7_rep1,kafka,sb-events-n10-feed7-rep1,2,5025,26359685400,59e595db-ecaf-4e72-83ae-71fd174bd008,3895113,329,27.416666666666668,4607073222,3895113:59e595db-ecaf-4e72-83ae-71fd174bd008,1,False
concurrency_n10_20260613_002350_kafka_feed7_rep1,kafka,sb-events-n10-feed7-rep1,1,5035,26368889400,61e1ef78-4b24-4e45-8155-e7f227e11514,3895086,329,27.416666666666668,4607073222,3895086:61e1ef78-4b24-4e45-8155-e7f227e11514,1,False
concurrency_n10_20260613_002350_kafka_feed7_rep1,kafka,sb-events-n10-feed7-rep1,0,4862,26368933300,5c37fc26-bd70-4b9e-8353-dc41a95546ad,3895113,329,27.416666666666668,4607073222,3895113:5c37fc26-bd70-4b9e-8353-dc41a95546ad,1,False
concurrency_n10_20260613_002350_kafka_feed7_rep1,kafka,sb-events-n10-feed7-rep1,2,5026,26368955200,ca5d0df7-3501-4eb8-93f3-6f6f65182264,3895095,330,27.5,4607767666,3895095:ca5d0df7-3501-4eb8-93f3-6f6f65182264,1,False
concurrency_n10_20260613_002350_kafka_feed7_rep1,kafka,sb-events-n10-feed7-rep1,2,5027,26377465400,667ae860-5de6-41c9-9ad0-27f17f4ae687,3895060,330,27.5,4607767666,3895060:667ae860-5de6-41c9-9ad0-27f17f4ae687,1,False
concurrency_n10_20260613_002350_kafka_feed7_rep1,kafka,sb-events-n10-feed7-rep1,1,5036,26384521200,5af9fdcc-1698-4009-a5a8-bf0efb8264d4,3895060,330,27.5,4607767666,3895060:5af9fdcc-1698-4009-a5a8-bf0efb8264d4,1,False
concurrency_n10_20260613_002350_kafka_feed7_rep1,kafka,sb-events-n10-feed7-rep1,0,4863,26384559900,6984e885-68ab-4f5d-a155-9488edde777a,3895074,330,27.5,4607767666,3895074:6984e885-68ab-4f5d-a155-9488edde777a,1,False
concurrency_n10_20260613_002350_kafka_feed7_rep1,kafka,sb-events-n10-feed7-rep1,1,5037,26392661300,c62ae5ee-3d01-4415-86c3-5a055496d7b9,3895107,330,27.5,4607767666,3895107:c62ae5ee-3d01-4415-86c3-5a055496d7b9,1,False
concurrency_n10_20260613_002350_kafka_feed7_rep1,kafka,sb-events-n10-feed7-rep1,0,4864,26399724500,6f5652cb-8334-4c17-9208-4fc7f87849ec,3895107,330,27.5,4607767666,3895107:6f5652cb-8334-4c17-9208-4fc7f87849ec,1,False
concurrency_n10_20260613_002350_kafka_feed7_rep1,kafka,sb-events-n10-feed7-rep1,2,5028,26407068400,d9f367f1-ebb8-488d-8d01-a1081052d076,3895107,330,27.5,4607767666,3895107:d9f367f1-ebb8-488d-8d01-a1081052d076,1,False
concurrency_n10_20260613_002350_kafka_feed7_rep1,kafka,sb-events-n10-feed7-rep1,2,5029,26407114200,7c1f4235-c549-44da-93be-fb25beb18c72,3895052,330,27.5,4607767666,3895052:7c1f4235-c549-44da-93be-fb25beb18c72,1,False
concurrency_n10_20260613_002350_kafka_feed7_rep1,kafka,sb-events-n10-feed7-rep1,2,5030,26407134300,57a158a9-efa6-45c3-ac61-da3f76ba1181,3895052,330,27.5,4607767666,3895052:57a158a9-efa6-45c3-ac61-da3f76ba1181,1,False
concurrency_n10_20260613_002350_kafka_feed7_rep1,kafka,sb-events-n10-feed7-rep1,0,4865,26415591100,489c69ea-ba68-4944-b257-738bd170d1f1,3895095,331,27.58333333333333,4608462111,3895095:489c69ea-ba68-4944-b257-738bd170d1f1,1,False
concurrency_n10_20260613_002350_kafka_feed7_rep1,kafka,sb-events-n10-feed7-rep1,1,5038,26425921700,31cf22e9-d1b2-403d-be52-872610538f25,3895095,331,27.58333333333333,4608462111,3895095:31cf22e9-d1b2-403d-be52-872610538f25,1,False
concurrency_n10_20260613_002350_kafka_feed7_rep1,kafka,sb-events-n10-feed7-rep1,0,4866,26433643700,0aa01b9d-69a4-4139-a794-a882e44f4d9e,3895060,331,27.58333333333333,4608462111,3895060:0aa01b9d-69a4-4139-a794-a882e44f4d9e,1,False
concurrency_n10_20260613_002350_kafka_feed7_rep1,kafka,sb-events-n10-feed7-rep1,1,5039,26433688000,0ec63f19-112a-4d49-b908-0169f04b00a7,3895060,331,27.58333333333333,4608462111,3895060:0ec63f19-112a-4d49-b908-0169f04b00a7,1,False
concurrency_n10_20260613_002350_kafka_feed7_rep1,kafka,sb-events-n10-feed7-rep1,0,4867,26442365900,e3e28b81-6e92-419a-a1d5-6d95b8725ed9,3895074,331,27.58333333333333,4608462111,3895074:e3e28b81-6e92-419a-a1d5-6d95b8725ed9,1,False
concurrency_n10_20260613_002350_kafka_feed7_rep1,kafka,sb-events-n10-feed7-rep1,1,5040,26442409000,ff76047d-47de-466f-a319-136377697fc2,3895074,331,27.58333333333333,4608462111,3895074:ff76047d-47de-466f-a319-136377697fc2,1,False
concurrency_n10_20260613_002350_kafka_feed7_rep1,kafka,sb-events-n10-feed7-rep1,2,5031,26447586900,4c624af4-e3f3-46b8-84b2-942334a6dd05,3895134,331,27.58333333333333,4608462111,3895134:4c624af4-e3f3-46b8-84b2-942334a6dd05,1,False
concurrency_n10_20260613_002350_kafka_feed7_rep1,kafka,sb-events-n10-feed7-rep1,1,5041,26459271500,1e189be8-913a-4d4b-a841-db75494445c5,3895134,331,27.58333333333333,4608462111,3895134:1e189be8-913a-4d4b-a841-db75494445c5,1,False
concurrency_n10_20260613_002350_kafka_feed7_rep1,kafka,sb-events-n10-feed7-rep1,2,5032,26464943200,71bb5b43-2991-4382-a5d2-dc3741253572,3895052,331,27.58333333333333,4608462111,3895052:71bb5b43-2991-4382-a5d2-dc3741253572,1,False
concurrency_n10_20260613_002350_kafka_feed7_rep1,kafka,sb-events-n10-feed7-rep1,1,5042,26465004100,e6e48fb5-7ef0-4e24-bf8f-b70df89fed4a,3895134,331,27.58333333333333,4608462111,3895134:e6e48fb5-7ef0-4e24-bf8f-b70df89fed4a,1,False
concurrency_n10_20260613_002350_kafka_feed7_rep1,kafka,sb-events-n10-feed7-rep1,0,4868,26472588800,4fb0bdad-2281-4f6e-8094-850771b95eab,3895052,331,27.58333333333333,4608462111,3895052:4fb0bdad-2281-4f6e-8094-850771b95eab,1,False
concurrency_n10_20260613_002350_kafka_feed7_rep1,kafka,sb-events-n10-feed7-rep1,1,5043,26479290200,43fe8ca2-b942-4723-aa5a-66d12ca2871d,3895052,331,27.58333333333333,4608462111,3895052:43fe8ca2-b942-4723-aa5a-66d12ca2871d,1,False
concurrency_n10_20260613_002350_kafka_feed7_rep1,kafka,sb-events-n10-feed7-rep1,1,5044,26479341800,e0dcc6ae-40c7-4519-8496-15ad70e631fa,3895113,331,27.58333333333333,4608462111,3895113:e0dcc6ae-40c7-4519-8496-15ad70e631fa,1,False
concurrency_n10_20260613_002350_kafka_feed7_rep1,kafka,sb-events-n10-feed7-rep1,0,4869,26491157700,37fd9761-702e-4e7b-a8bf-6a9fe8a696af,3895060,332,27.666666666666668,4609156555,3895060:37fd9761-702e-4e7b-a8bf-6a9fe8a696af,1,False
concurrency_n10_20260613_002350_kafka_feed7_rep1,kafka,sb-events-n10-feed7-rep1,0,4870,26491573500,82c5d746-9b8d-4a2f-a22d-8aac196567cd,3895074,332,27.666666666666668,4609156555,3895074:82c5d746-9b8d-4a2f-a22d-8aac196567cd,1,False
concurrency_n10_20260613_002350_kafka_feed7_rep1,kafka,sb-events-n10-feed7-rep1,0,4871,26499942200,5acd0668-4e69-4711-b377-407098bef577,3895107,332,27.666666666666668,4609156555,3895107:5acd0668-4e69-4711-b377-407098bef577,1,False
concurrency_n10_20260613_002350_kafka_feed7_rep1,kafka,sb-events-n10-feed7-rep1,0,4872,26499991700,dab18735-77ec-4370-a106-678dcce75e6c,3895107,332,27.666666666666668,4609156555,3895107:dab18735-77ec-4370-a106-678dcce75e6c,1,False
concurrency_n10_20260613_002350_kafka_feed7_rep1,kafka,sb-events-n10-feed7-rep1,1,5045,26512510000,fd79c8a6-b9f0-4ec2-b288-64720b510357,3895134,332,27.666666666666668,4609156555,3895134:fd79c8a6-b9f0-4ec2-b288-64720b510357,1,False
concurrency_n10_20260613_002350_kafka_feed7_rep1,kafka,sb-events-n10-feed7-rep1,0,4873,26512551900,ee206445-03dc-4b10-8c2a-46a586e07e46,3895107,332,27.666666666666668,4609156555,3895107:ee206445-03dc-4b10-8c2a-46a586e07e46,1,False
concurrency_n10_20260613_002350_kafka_feed7_rep1,kafka,sb-events-n10-feed7-rep1,1,5046,26520244200,075c0693-e1c7-4b91-b807-d4a145a3463b,3895052,332,27.666666666666668,4609156555,3895052:075c0693-e1c7-4b91-b807-d4a145a3463b,1,False
concurrency_n10_20260613_002350_kafka_feed7_rep1,kafka,sb-events-n10-feed7-rep1,1,5047,26520306300,377f51e4-5ee6-4008-8d75-0027bc896355,3895052,332,27.666666666666668,4609156555,3895052:377f51e4-5ee6-4008-8d75-0027bc896355,1,False
concurrency_n10_20260613_002350_kafka_feed7_rep1,kafka,sb-events-n10-feed7-rep1,2,5033,26525145500,7c276b01-b3bf-49ba-9aa3-24024921d4a9,3895052,332,27.666666666666668,4609156555,3895052:7c276b01-b3bf-49ba-9aa3-24024921d4a9,1,False
concurrency_n10_20260613_002350_kafka_feed7_rep1,kafka,sb-events-n10-feed7-rep1,1,5048,26525185400,745379e2-c5d2-492b-b046-1215c00f3c18,3895113,332,27.666666666666668,4609156555,3895113:745379e2-c5d2-492b-b046-1215c00f3c18,1,False
concurrency_n10_20260613_002350_kafka_feed7_rep1,kafka,sb-events-n10-feed7-rep1,0,4874,26532891500,9df9adb4-6248-4539-a77d-d0ccf6abe83b,3895113,332,27.666666666666668,4609156555,3895113:9df9adb4-6248-4539-a77d-d0ccf6abe83b,1,False
concurrency_n10_20260613_002350_kafka_feed7_rep1,kafka,sb-events-n10-feed7-rep1,1,5049,26540565200,4d49db2e-7e41-4a56-b823-e245aaddb15b,3895121,333,27.75,4609851000,3895121:4d49db2e-7e41-4a56-b823-e245aaddb15b,1,False
concurrency_n10_20260613_002350_kafka_feed7_rep1,kafka,sb-events-n10-feed7-rep1,0,4875,26553139800,c3177814-c5bd-4f51-9844-039e5fd9b60f,3895121,333,27.75,4609851000,3895121:c3177814-c5bd-4f51-9844-039e5fd9b60f,1,False
concurrency_n10_20260613_002350_kafka_feed7_rep1,kafka,sb-events-n10-feed7-rep1,1,5050,26553178600,c86879d4-bc31-46f9-b87c-da90da645f76,3895121,333,27.75,4609851000,3895121:c86879d4-bc31-46f9-b87c-da90da645f76,1,False
concurrency_n10_20260613_002350_kafka_feed7_rep1,kafka,sb-events-n10-feed7-rep1,1,5051,26562086300,581dbb56-f56f-429d-adaf-78ee9d9c3bc4,3895060,333,27.75,4609851000,3895060:581dbb56-f56f-429d-adaf-78ee9d9c3bc4,1,False
concurrency_n10_20260613_002350_kafka_feed7_rep1,kafka,sb-events-n10-feed7-rep1,1,5052,26562144800,d800e8ef-1eba-44b7-883a-58d77b84a396,3895060,333,27.75,4609851000,3895060:d800e8ef-1eba-44b7-883a-58d77b84a396,1,False
concurrency_n10_20260613_002350_kafka_feed7_rep1,kafka,sb-events-n10-feed7-rep1,2,5034,26568958700,0a4170e7-c400-405d-b455-0e644e4ff4bc,3895074,333,27.75,4609851000,3895074:0a4170e7-c400-405d-b455-0e644e4ff4bc,1,False
concurrency_n10_20260613_002350_kafka_feed7_rep1,kafka,sb-events-n10-feed7-rep1,2,5035,26568999500,a7db7005-63b9-490d-94ee-105a6e72f9ce,3895074,333,27.75,4609851000,3895074:a7db7005-63b9-490d-94ee-105a6e72f9ce,1,False
concurrency_n10_20260613_002350_kafka_feed7_rep1,kafka,sb-events-n10-feed7-rep1,2,5036,26575485300,c920dee6-6560-41ba-a782-11afc39f3482,3895134,333,27.75,4609851000,3895134:c920dee6-6560-41ba-a782-11afc39f3482,1,False
concurrency_n10_20260613_002350_kafka_feed7_rep1,kafka,sb-events-n10-feed7-rep1,0,4876,26583429400,e006ec65-b041-457c-a6cf-8c492b801d3e,3895134,333,27.75,4609851000,3895134:e006ec65-b041-457c-a6cf-8c492b801d3e,1,False
concurrency_n10_20260613_002350_kafka_feed7_rep1,kafka,sb-events-n10-feed7-rep1,2,5037,26583473600,17daec9d-d530-4267-a9b4-fba1cefc65a9,3895052,333,27.75,4609851000,3895052:17daec9d-d530-4267-a9b4-fba1cefc65a9,1,False
concurrency_n10_20260613_002350_kafka_feed7_rep1,kafka,sb-events-n10-feed7-rep1,0,4877,26596269400,ed638ea5-4e2a-42ad-88ae-15ed73b28160,3895113,333,27.75,4609851000,3895113:ed638ea5-4e2a-42ad-88ae-15ed73b28160,1,False
concurrency_n10_20260613_002350_kafka_feed7_rep1,kafka,sb-events-n10-feed7-rep1,0,4878,26596315100,466dc1b3-80e3-4882-8d4d-a66923daf782,3895121,334,27.83333333333333,4610545444,3895121:466dc1b3-80e3-4882-8d4d-a66923daf782,1,False
concurrency_n10_20260613_002350_kafka_feed7_rep1,kafka,sb-events-n10-feed7-rep1,1,5053,26607014400,9cdbd1dd-a6ea-4aa5-8cd1-c173a036ba23,3895121,334,27.83333333333333,4610545444,3895121:9cdbd1dd-a6ea-4aa5-8cd1-c173a036ba23,1,False
concurrency_n10_20260613_002350_kafka_feed7_rep1,kafka,sb-events-n10-feed7-rep1,0,4879,26607067800,85468b6a-bdde-4e33-874b-ae47828b2a64,3895121,334,27.83333333333333,4610545444,3895121:85468b6a-bdde-4e33-874b-ae47828b2a64,1,False
concurrency_n10_20260613_002350_kafka_feed7_rep1,kafka,sb-events-n10-feed7-rep1,1,5054,26613526800,90bc3775-4e9e-4812-a36d-13b7cf960a82,3895121,334,27.83333333333333,4610545444,3895121:90bc3775-4e9e-4812-a36d-13b7cf960a82,1,False
concurrency_n10_20260613_002350_kafka_feed7_rep1,kafka,sb-events-n10-feed7-rep1,1,5055,26613565700,2923ccb9-60d5-4454-aad2-2b1d4edb85c2,3895107,334,27.83333333333333,4610545444,3895107:2923ccb9-60d5-4454-aad2-2b1d4edb85c2,1,False
concurrency_n10_20260613_002350_kafka_feed7_rep1,kafka,sb-events-n10-feed7-rep1,0,4880,26618600400,d59c287e-b7d8-4520-8793-0ea20f6f259b,3895107,334,27.83333333333333,4610545444,3895107:d59c287e-b7d8-4520-8793-0ea20f6f259b,1,False
concurrency_n10_20260613_002350_kafka_feed7_rep1,kafka,sb-events-n10-feed7-rep1,2,5038,26624815700,8498606a-51cc-44f2-a5c6-d170755770c6,3895134,334,27.83333333333333,4610545444,3895134:8498606a-51cc-44f2-a5c6-d170755770c6,1,False
concurrency_n10_20260613_002350_kafka_feed7_rep1,kafka,sb-events-n10-feed7-rep1,1,5056,26624943800,8a512c73-be63-4656-8d75-6f65e931b2fc,3895134,334,27.83333333333333,4610545444,3895134:8a512c73-be63-4656-8d75-6f65e931b2fc,1,False
concurrency_n10_20260613_002350_kafka_feed7_rep1,kafka,sb-events-n10-feed7-rep1,2,5039,26632373700,0846214e-8df7-4642-9a0d-9efa7eaf5e2e,3895052,334,27.83333333333333,4610545444,3895052:0846214e-8df7-4642-9a0d-9efa7eaf5e2e,1,False
concurrency_n10_20260613_002350_kafka_feed7_rep1,kafka,sb-events-n10-feed7-rep1,1,5057,26632417300,4fc8ca15-dded-40c3-a2a1-be06f304fa8e,3895052,334,27.83333333333333,4610545444,3895052:4fc8ca15-dded-40c3-a2a1-be06f304fa8e,1,False
concurrency_n10_20260613_002350_kafka_feed7_rep1,kafka,sb-events-n10-feed7-rep1,2,5040,26635896100,321e3566-4e3a-4ff8-9393-08127da95781,3895113,334,27.83333333333333,4610545444,3895113:321e3566-4e3a-4ff8-9393-08127da95781,1,False
concurrency_n10_20260613_002350_kafka_feed7_rep1,kafka,sb-events-n10-feed7-rep1,2,5041,26642410900,94f18e64-33fb-472f-b277-4aed5d75a394,3895113,334,27.83333333333333,4610545444,3895113:94f18e64-33fb-472f-b277-4aed5d75a394,1,False
concurrency_n10_20260613_002350_kafka_feed7_rep1,kafka,sb-events-n10-feed7-rep1,2,5042,26646441400,7308dbd9-6bee-4b1e-b03f-08c605b7c4f0,3895060,335,27.916666666666668,4611239888,3895060:7308dbd9-6bee-4b1e-b03f-08c605b7c4f0,1,False
concurrency_n10_20260613_002350_kafka_feed7_rep1,kafka,sb-events-n10-feed7-rep1,1,5058,26657499200,51fbd998-f74e-4e70-a505-2f2b3d9b4289,3895134,335,27.916666666666668,4611239888,3895134:51fbd998-f74e-4e70-a505-2f2b3d9b4289,1,False
concurrency_n10_20260613_002350_kafka_feed7_rep1,kafka,sb-events-n10-feed7-rep1,2,5043,26657540400,ce38c60d-3787-45b4-bd5c-18ab40e3d0a0,3895134,335,27.916666666666668,4611239888,3895134:ce38c60d-3787-45b4-bd5c-18ab40e3d0a0,1,False
concurrency_n10_20260613_002350_kafka_feed7_rep1,kafka,sb-events-n10-feed7-rep1,2,5044,26663567900,fbe9d939-11a5-41be-ad50-bf92166b4e54,3895134,335,27.916666666666668,4611239888,3895134:fbe9d939-11a5-41be-ad50-bf92166b4e54,1,False
concurrency_n10_20260613_002350_kafka_feed7_rep1,kafka,sb-events-n10-feed7-rep1,2,5045,26663621600,3f220106-01eb-4fbe-af98-6e3bd3ac2a57,3895134,335,27.916666666666668,4611239888,3895134:3f220106-01eb-4fbe-af98-6e3bd3ac2a57,1,False
concurrency_n10_20260613_002350_kafka_feed7_rep1,kafka,sb-events-n10-feed7-rep1,0,4881,26675521000,5c354025-43e2-4d92-806e-430504d2a1ef,3895052,335,27.916666666666668,4611239888,3895052:5c354025-43e2-4d92-806e-430504d2a1ef,1,False
concurrency_n10_20260613_002350_kafka_feed7_rep1,kafka,sb-events-n10-feed7-rep1,1,5059,26683488200,7c0f05fc-c99b-4f43-8a1d-7fb702133afa,3895052,335,27.916666666666668,4611239888,3895052:7c0f05fc-c99b-4f43-8a1d-7fb702133afa,1,False
concurrency_n10_20260613_002350_kafka_feed7_rep1,kafka,sb-events-n10-feed7-rep1,1,5060,26683536800,5ea117e0-0da3-4476-931d-cf244d3118e4,3895060,336,28.0,4611934333,3895060:5ea117e0-0da3-4476-931d-cf244d3118e4,1,False
concurrency_n10_20260613_002350_kafka_feed7_rep1,kafka,sb-events-n10-feed7-rep1,1,5061,26689273600,0bb34860-e22e-4204-8231-a1ce2998150a,3895060,336,28.0,4611934333,3895060:0bb34860-e22e-4204-8231-a1ce2998150a,1,False
concurrency_n10_20260613_002350_kafka_feed7_rep1,kafka,sb-events-n10-feed7-rep1,1,5062,26689310500,b9825d8c-508d-4914-9edf-3410d2687999,3895060,336,28.0,4611934333,3895060:b9825d8c-508d-4914-9edf-3410d2687999,1,False
concurrency_n10_20260613_002350_kafka_feed7_rep1,kafka,sb-events-n10-feed7-rep1,0,4882,26693569300,c376f944-1974-42df-82de-80576e15c588,3895074,336,28.0,4611934333,3895074:c376f944-1974-42df-82de-80576e15c588,1,False
concurrency_n10_20260613_002350_kafka_feed7_rep1,kafka,sb-events-n10-feed7-rep1,1,5063,26701961200,7b49350d-f92c-4f31-a372-4aebb65efd24,3895052,336,28.0,4611934333,3895052:7b49350d-f92c-4f31-a372-4aebb65efd24,1,False
concurrency_n10_20260613_002350_kafka_feed7_rep1,kafka,sb-events-n10-feed7-rep1,2,5046,26712180000,5ef97f45-7770-4df5-b895-879ef3b8c0a0,3895074,337,28.08333333333333,4612628777,3895074:5ef97f45-7770-4df5-b895-879ef3b8c0a0,1,False
concurrency_n10_20260613_002350_kafka_feed7_rep1,kafka,sb-events-n10-feed7-rep1,0,4883,26712221800,2d8919d0-60af-463a-919a-735acb87e8de,3895074,337,28.08333333333333,4612628777,3895074:2d8919d0-60af-463a-919a-735acb87e8de,1,False
concurrency_n10_20260613_002350_kafka_feed7_rep1,kafka,sb-events-n10-feed7-rep1,1,5064,26719706700,b5416488-0fe8-44ae-802a-b02e10a775f2,3895134,337,28.08333333333333,4612628777,3895134:b5416488-0fe8-44ae-802a-b02e10a775f2,1,False
concurrency_n10_20260613_002350_kafka_feed7_rep1,kafka,sb-events-n10-feed7-rep1,1,5065,26719760600,c51702ca-4adc-44f7-a73b-6edb155dd166,3895134,337,28.08333333333333,4612628777,3895134:c51702ca-4adc-44f7-a73b-6edb155dd166,1,False
concurrency_n10_20260613_002350_kafka_feed7_rep1,kafka,sb-events-n10-feed7-rep1,2,5047,26719784600,c50e063e-2a33-4053-b4fa-471f5556b732,3895095,338,28.166666666666668,4613323222,3895095:c50e063e-2a33-4053-b4fa-471f5556b732,1,False
concurrency_n10_20260613_002350_kafka_feed7_rep1,kafka,sb-events-n10-feed7-rep1,0,4884,26728551600,d16a589f-9997-491b-8a0d-5570cfd04bda,3895121,338,28.166666666666668,4613323222,3895121:d16a589f-9997-491b-8a0d-5570cfd04bda,1,False
concurrency_n10_20260613_002350_kafka_feed7_rep1,kafka,sb-events-n10-feed7-rep1,2,5048,26728588300,ffbf27c1-29f6-4e48-8e60-7e04b54f3717,3895121,338,28.166666666666668,4613323222,3895121:ffbf27c1-29f6-4e48-8e60-7e04b54f3717,1,False
concurrency_n10_20260613_002350_kafka_feed7_rep1,kafka,sb-events-n10-feed7-rep1,1,5066,26733569700,1809496b-088b-41a9-8997-d5b6725994a3,3895060,338,28.166666666666668,4613323222,3895060:1809496b-088b-41a9-8997-d5b6725994a3,1,False
concurrency_n10_20260613_002350_kafka_feed7_rep1,kafka,sb-events-n10-feed7-rep1,0,4885,26733625500,63cfb3b8-2108-4c07-bcb3-e0dec152970c,3895060,338,28.166666666666668,4613323222,3895060:63cfb3b8-2108-4c07-bcb3-e0dec152970c,1,False
concurrency_n10_20260613_002350_kafka_feed7_rep1,kafka,sb-events-n10-feed7-rep1,1,5067,26739554400,4e3081cc-b767-414d-986a-de53c54bfb73,3895060,338,28.166666666666668,4613323222,3895060:4e3081cc-b767-414d-986a-de53c54bfb73,1,False
concurrency_n10_20260613_002350_kafka_feed7_rep1,kafka,sb-events-n10-feed7-rep1,1,5068,26748748200,43402693-36c4-4328-aa05-2e99f6de4774,3895074,338,28.166666666666668,4613323222,3895074:43402693-36c4-4328-aa05-2e99f6de4774,1,False
concurrency_n10_20260613_002350_kafka_feed7_rep1,kafka,sb-events-n10-feed7-rep1,0,4886,26753072700,4c56934b-e378-47b7-ab3e-bbb0020b6770,3895113,338,28.166666666666668,4613323222,3895113:4c56934b-e378-47b7-ab3e-bbb0020b6770,1,False
concurrency_n10_20260613_002350_kafka_feed7_rep1,kafka,sb-events-n10-feed7-rep1,2,5049,26763626000,f9088193-a98b-4bba-9fbe-d552f7ac71df,3895060,339,28.25,4614017666,3895060:f9088193-a98b-4bba-9fbe-d552f7ac71df,1,False
concurrency_n10_20260613_002350_kafka_feed7_rep1,kafka,sb-events-n10-feed7-rep1,1,5069,26771864700,292b1cc0-d970-4adc-b041-bc6cb14ad9d9,3895060,339,28.25,4614017666,3895060:292b1cc0-d970-4adc-b041-bc6cb14ad9d9,1,False
concurrency_n10_20260613_002350_kafka_feed7_rep1,kafka,sb-events-n10-feed7-rep1,1,5070,26771911600,ac38a7a1-9763-4010-87b5-9d3065544d32,3895074,339,28.25,4614017666,3895074:ac38a7a1-9763-4010-87b5-9d3065544d32,1,False
concurrency_n10_20260613_002350_kafka_feed7_rep1,kafka,sb-events-n10-feed7-rep1,1,5071,26771933800,56802d2d-99f2-4c75-b4d7-004588588d2c,3895074,339,28.25,4614017666,3895074:56802d2d-99f2-4c75-b4d7-004588588d2c,1,False
concurrency_n10_20260613_002350_kafka_feed7_rep1,kafka,sb-events-n10-feed7-rep1,1,5072,26780734500,7ec5a9a4-706f-4c5c-995c-c9f12db2e446,3895107,339,28.25,4614017666,3895107:7ec5a9a4-706f-4c5c-995c-c9f12db2e446,1,False
concurrency_n10_20260613_002350_kafka_feed7_rep1,kafka,sb-events-n10-feed7-rep1,0,4887,26787139500,1d1c5374-b3eb-468f-9da5-5af9220eb450,3895052,339,28.25,4614017666,3895052:1d1c5374-b3eb-468f-9da5-5af9220eb450,1,False
concurrency_n10_20260613_002350_kafka_feed7_rep1,kafka,sb-events-n10-feed7-rep1,2,5050,26787192300,f7a5cf2b-d965-4472-9fb4-c60e51e5c022,3895052,339,28.25,4614017666,3895052:f7a5cf2b-d965-4472-9fb4-c60e51e5c022,1,False
concurrency_n10_20260613_002350_kafka_feed7_rep1,kafka,sb-events-n10-feed7-rep1,2,5051,26802026500,1ab0a8a0-fa36-4a32-ad9b-47e8d232fa3c,3895113,339,28.25,4614017666,3895113:1ab0a8a0-fa36-4a32-ad9b-47e8d232fa3c,1,False
concurrency_n10_20260613_002350_kafka_feed7_rep1,kafka,sb-events-n10-feed7-rep1,1,5073,26810716900,619be4c6-1b66-4343-b511-77c8d4accad1,3895095,340,28.33333333333333,4614712111,3895095:619be4c6-1b66-4343-b511-77c8d4accad1,1,False
concurrency_n10_20260613_002350_kafka_feed7_rep1,kafka,sb-events-n10-feed7-rep1,1,5074,26810806300,30abf208-99e2-48ce-9275-6bd0e2464f17,3895095,340,28.33333333333333,4614712111,3895095:30abf208-99e2-48ce-9275-6bd0e2464f17,1,False
concurrency_n10_20260613_002350_kafka_feed7_rep1,kafka,sb-events-n10-feed7-rep1,1,5075,26810890700,8d917c08-c9fe-4f63-bc22-561559374d74,3895095,340,28.33333333333333,4614712111,3895095:8d917c08-c9fe-4f63-bc22-561559374d74,1,False
concurrency_n10_20260613_002350_kafka_feed7_rep1,kafka,sb-events-n10-feed7-rep1,0,4888,26810915000,3fc5fe2e-3bdf-439e-bd36-22673f035333,3895113,339,28.25,4614017666,3895113:3fc5fe2e-3bdf-439e-bd36-22673f035333,1,False
concurrency_n10_20260613_002350_kafka_feed7_rep1,kafka,sb-events-n10-feed7-rep1,1,5076,26817155800,e45e8cef-7269-4a34-b5c0-85391def0cd5,3895121,340,28.33333333333333,4614712111,3895121:e45e8cef-7269-4a34-b5c0-85391def0cd5,1,False
concurrency_n10_20260613_002350_kafka_feed7_rep1,kafka,sb-events-n10-feed7-rep1,1,5077,26825482100,c18f2ed6-7147-4c77-8604-51467a34b94e,3895121,340,28.33333333333333,4614712111,3895121:c18f2ed6-7147-4c77-8604-51467a34b94e,1,False
concurrency_n10_20260613_002350_kafka_feed7_rep1,kafka,sb-events-n10-feed7-rep1,0,4889,26836793700,04f0fd04-6938-4a74-b34f-246446b34e6f,3895107,340,28.33333333333333,4614712111,3895107:04f0fd04-6938-4a74-b34f-246446b34e6f,1,False
concurrency_n10_20260613_002350_kafka_feed7_rep1,kafka,sb-events-n10-feed7-rep1,1,5078,26836841400,6315f917-0392-4047-a531-351815a7f3c2,3895074,340,28.33333333333333,4614712111,3895074:6315f917-0392-4047-a531-351815a7f3c2,1,False
concurrency_n10_20260613_002350_kafka_feed7_rep1,kafka,sb-events-n10-feed7-rep1,2,5052,26849530100,70bf7098-81a2-4770-834b-7961137bd220,3895095,341,28.416666666666668,4615406555,3895095:70bf7098-81a2-4770-834b-7961137bd220,1,False
concurrency_n10_20260613_002350_kafka_feed7_rep1,kafka,sb-events-n10-feed7-rep1,0,4890,26849568900,28b21554-0e4a-40a7-a625-27670feae735,3895107,340,28.33333333333333,4614712111,3895107:28b21554-0e4a-40a7-a625-27670feae735,1,False
concurrency_n10_20260613_002350_kafka_feed7_rep1,kafka,sb-events-n10-feed7-rep1,0,4891,26849588900,8eeb993f-688f-43d5-8593-152df535fab3,3895074,341,28.416666666666668,4615406555,3895074:8eeb993f-688f-43d5-8593-152df535fab3,1,False
concurrency_n10_20260613_002350_kafka_feed7_rep1,kafka,sb-events-n10-feed7-rep1,2,5053,26859129900,af2d5851-36fb-46d0-8bb2-7054f40f9cae,3895107,341,28.416666666666668,4615406555,3895107:af2d5851-36fb-46d0-8bb2-7054f40f9cae,1,False
concurrency_n10_20260613_002350_kafka_feed7_rep1,kafka,sb-events-n10-feed7-rep1,2,5054,26859173400,84b15c49-2aaf-47a5-acf7-61997dab159e,3895113,341,28.416666666666668,4615406555,3895113:84b15c49-2aaf-47a5-acf7-61997dab159e,1,False
concurrency_n10_20260613_002350_kafka_feed7_rep1,kafka,sb-events-n10-feed7-rep1,0,4892,26859196200,27eb449d-56f2-43bd-83c9-0bdf71bb3151,3895113,341,28.416666666666668,4615406555,3895113:27eb449d-56f2-43bd-83c9-0bdf71bb3151,1,False
concurrency_n10_20260613_002350_kafka_feed7_rep1,kafka,sb-events-n10-feed7-rep1,1,5079,26865982900,2820f118-4436-4b40-8647-e125058b983d,3895095,342,28.5,4616101000,3895095:2820f118-4436-4b40-8647-e125058b983d,1,False
concurrency_n10_20260613_002350_kafka_feed7_rep1,kafka,sb-events-n10-feed7-rep1,1,5080,26871840600,ba034f24-f03d-40c0-8216-c23f872b2794,3895095,342,28.5,4616101000,3895095:ba034f24-f03d-40c0-8216-c23f872b2794,1,False
concurrency_n10_20260613_002350_kafka_feed7_rep1,kafka,sb-events-n10-feed7-rep1,0,4893,26877074100,7a467351-dc7a-4f62-afbc-7c01f1d6015c,3895095,342,28.5,4616101000,3895095:7a467351-dc7a-4f62-afbc-7c01f1d6015c,1,False
concurrency_n10_20260613_002350_kafka_feed7_rep1,kafka,sb-events-n10-feed7-rep1,2,5055,26886834000,39c3916b-87ec-45b0-9dc4-2395e1a58e0c,3895060,342,28.5,4616101000,3895060:39c3916b-87ec-45b0-9dc4-2395e1a58e0c,1,False
concurrency_n10_20260613_002350_kafka_feed7_rep1,kafka,sb-events-n10-feed7-rep1,1,5081,26886873300,46040471-65f0-41da-b2bc-09c0c5be156e,3895107,342,28.5,4616101000,3895107:46040471-65f0-41da-b2bc-09c0c5be156e,1,False
concurrency_n10_20260613_002350_kafka_feed7_rep1,kafka,sb-events-n10-feed7-rep1,0,4894,26893836300,6eb9d313-b681-47e4-a14a-b20b839d7e40,3895107,342,28.5,4616101000,3895107:6eb9d313-b681-47e4-a14a-b20b839d7e40,1,False
concurrency_n10_20260613_002350_kafka_feed7_rep1,kafka,sb-events-n10-feed7-rep1,0,4895,26900023600,f2977f9a-ba34-4c67-86d8-6067ff494259,3895107,342,28.5,4616101000,3895107:f2977f9a-ba34-4c67-86d8-6067ff494259,1,False
concurrency_n10_20260613_002350_kafka_feed7_rep1,kafka,sb-events-n10-feed7-rep1,2,5056,26906518400,bd856bdb-a742-4a57-ae94-4867e278a20d,3895134,342,28.5,4616101000,3895134:bd856bdb-a742-4a57-ae94-4867e278a20d,1,False
concurrency_n10_20260613_002350_kafka_feed7_rep1,kafka,sb-events-n10-feed7-rep1,2,5057,26914043500,3d8b6373-3124-4614-8bd3-554f8545481c,3895113,342,28.5,4616101000,3895113:3d8b6373-3124-4614-8bd3-554f8545481c,1,False
concurrency_n10_20260613_002350_kafka_feed7_rep1,kafka,sb-events-n10-feed7-rep1,0,4896,26920255000,84384dad-f296-49c6-8022-beb4569da24c,3895060,343,28.58333333333333,4616795444,3895060:84384dad-f296-49c6-8022-beb4569da24c,1,False
concurrency_n10_20260613_002350_kafka_feed7_rep1,kafka,sb-events-n10-feed7-rep1,2,5058,26927498500,b35836c5-227c-4306-bb7f-6560ee476d9a,3895060,343,28.58333333333333,4616795444,3895060:b35836c5-227c-4306-bb7f-6560ee476d9a,1,False
concurrency_n10_20260613_002350_kafka_feed7_rep1,kafka,sb-events-n10-feed7-rep1,0,4897,26934898500,ab008c7a-2b07-4eae-b099-954b9796e945,3895060,343,28.58333333333333,4616795444,3895060:ab008c7a-2b07-4eae-b099-954b9796e945,1,False
concurrency_n10_20260613_002350_kafka_feed7_rep1,kafka,sb-events-n10-feed7-rep1,2,5059,26944524000,2dee0337-4ec1-457b-b815-9d8a196054fa,3895074,343,28.58333333333333,4616795444,3895074:2dee0337-4ec1-457b-b815-9d8a196054fa,1,False
concurrency_n10_20260613_002350_kafka_feed7_rep1,kafka,sb-events-n10-feed7-rep1,0,4898,26944578600,f41c6945-e298-4e35-a108-4bbed3e5b100,3895074,343,28.58333333333333,4616795444,3895074:f41c6945-e298-4e35-a108-4bbed3e5b100,1,False
concurrency_n10_20260613_002350_kafka_feed7_rep1,kafka,sb-events-n10-feed7-rep1,1,5082,26949948000,419d604d-a424-4cae-a803-c460f1dc815f,3895074,343,28.58333333333333,4616795444,3895074:419d604d-a424-4cae-a803-c460f1dc815f,1,False
concurrency_n10_20260613_002350_kafka_feed7_rep1,kafka,sb-events-n10-feed7-rep1,2,5060,26958040500,1d8551de-c1ee-4ca5-8d68-0f15eb98958f,3895107,343,28.58333333333333,4616795444,3895107:1d8551de-c1ee-4ca5-8d68-0f15eb98958f,1,False
concurrency_n10_20260613_002350_kafka_feed7_rep1,kafka,sb-events-n10-feed7-rep1,0,4899,26958079900,9babf8c5-67b9-439f-bd51-48d61e760b16,3895113,343,28.58333333333333,4616795444,3895113:9babf8c5-67b9-439f-bd51-48d61e760b16,1,False
concurrency_n10_20260613_002350_kafka_feed7_rep1,kafka,sb-events-n10-feed7-rep1,1,5083,26964339700,9c55823d-4323-4766-861b-d238a3a85b03,3895113,343,28.58333333333333,4616795444,3895113:9c55823d-4323-4766-861b-d238a3a85b03,1,False
concurrency_n10_20260613_002350_kafka_feed7_rep1,kafka,sb-events-n10-feed7-rep1,1,5084,26973143300,fd06eb44-3503-4922-b4b5-f3312ae79ae5,3895095,344,28.666666666666668,4617489888,3895095:fd06eb44-3503-4922-b4b5-f3312ae79ae5,1,False
concurrency_n10_20260613_002350_kafka_feed7_rep1,kafka,sb-events-n10-feed7-rep1,1,5085,26973248600,72e371a5-8cb6-44a6-9b7e-d13440a95694,3895095,344,28.666666666666668,4617489888,3895095:72e371a5-8cb6-44a6-9b7e-d13440a95694,1,False
concurrency_n10_20260613_002350_kafka_feed7_rep1,kafka,sb-events-n10-feed7-rep1,1,5086,26985664500,79ca4247-889f-4683-a44c-3fa06bb50464,3895060,344,28.666666666666668,4617489888,3895060:79ca4247-889f-4683-a44c-3fa06bb50464,1,False
concurrency_n10_20260613_002350_kafka_feed7_rep1,kafka,sb-events-n10-feed7-rep1,2,5061,26992278500,36a8d13e-1f93-4d2b-8b45-c6838ef8ee76,3895060,344,28.666666666666668,4617489888,3895060:36a8d13e-1f93-4d2b-8b45-c6838ef8ee76,1,False
concurrency_n10_20260613_002350_kafka_feed7_rep1,kafka,sb-events-n10-feed7-rep1,2,5062,26992323700,3c9f7726-9b68-4a96-a0fd-abca0df71e7c,3895107,344,28.666666666666668,4617489888,3895107:3c9f7726-9b68-4a96-a0fd-abca0df71e7c,1,False
concurrency_n10_20260613_002350_kafka_feed7_rep1,kafka,sb-events-n10-feed7-rep1,1,5087,26992494500,7f94ef98-b609-49bf-b69a-6c6c6fb25ce9,3895107,344,28.666666666666668,4617489888,3895107:7f94ef98-b609-49bf-b69a-6c6c6fb25ce9,1,False
concurrency_n10_20260613_002350_kafka_feed7_rep1,kafka,sb-events-n10-feed7-rep1,2,5063,27002976800,1bc58959-c3b6-4947-98a4-bd2beed0d9a3,3895113,344,28.666666666666668,4617489888,3895113:1bc58959-c3b6-4947-98a4-bd2beed0d9a3,1,False
concurrency_n10_20260613_002350_kafka_feed7_rep1,kafka,sb-events-n10-feed7-rep1,2,5064,27003022300,2d9bc062-7203-4d6b-b97b-9dd70dd43533,3895113,344,28.666666666666668,4617489888,3895113:2d9bc062-7203-4d6b-b97b-9dd70dd43533,1,False
concurrency_n10_20260613_002350_kafka_feed7_rep1,kafka,sb-events-n10-feed7-rep1,1,5088,27018983600,432ae0a0-c58e-4922-9d9c-e18b893e4943,3895095,345,28.75,4618184333,3895095:432ae0a0-c58e-4922-9d9c-e18b893e4943,1,False
concurrency_n10_20260613_002350_kafka_feed7_rep1,kafka,sb-events-n10-feed7-rep1,2,5065,27019097500,1591db9c-ff05-4166-bdd8-5aa39ba3b255,3895095,345,28.75,4618184333,3895095:1591db9c-ff05-4166-bdd8-5aa39ba3b255,1,False
concurrency_n10_20260613_002350_kafka_feed7_rep1,kafka,sb-events-n10-feed7-rep1,0,4900,27032790000,a50f2ca1-6386-4b5f-96a4-88c212f1e059,3895107,345,28.75,4618184333,3895107:a50f2ca1-6386-4b5f-96a4-88c212f1e059,1,False
concurrency_n10_20260613_002350_kafka_feed7_rep1,kafka,sb-events-n10-feed7-rep1,0,4901,27032833200,1145ec18-0385-4a9a-afa7-6af3fe19cc8d,3895134,345,28.75,4618184333,3895134:1145ec18-0385-4a9a-afa7-6af3fe19cc8d,1,False
concurrency_n10_20260613_002350_kafka_feed7_rep1,kafka,sb-events-n10-feed7-rep1,1,5089,27032854000,95ae91bc-578d-4b57-a36f-887eb4c66378,3895134,345,28.75,4618184333,3895134:95ae91bc-578d-4b57-a36f-887eb4c66378,1,False
concurrency_n10_20260613_002350_kafka_feed7_rep1,kafka,sb-events-n10-feed7-rep1,2,5066,27043169400,ee9ea508-8f1e-4e9c-80d5-fa066cb16b25,3895113,345,28.75,4618184333,3895113:ee9ea508-8f1e-4e9c-80d5-fa066cb16b25,1,False
concurrency_n10_20260613_002350_kafka_feed7_rep1,kafka,sb-events-n10-feed7-rep1,2,5067,27043471900,544cfa4b-c713-4a3c-a50b-70632e79ba7f,3895113,345,28.75,4618184333,3895113:544cfa4b-c713-4a3c-a50b-70632e79ba7f,1,False
concurrency_n10_20260613_002350_kafka_feed7_rep1,kafka,sb-events-n10-feed7-rep1,0,4902,27043506400,75285962-3d92-4618-8457-28b7b780d192,3895107,346,28.83333333333333,4618878777,3895107:75285962-3d92-4618-8457-28b7b780d192,1,False
concurrency_n10_20260613_002350_kafka_feed7_rep1,kafka,sb-events-n10-feed7-rep1,1,5090,27054738600,37acd007-1461-4018-98d9-9768ed35bffa,3895134,346,28.83333333333333,4618878777,3895134:37acd007-1461-4018-98d9-9768ed35bffa,1,False
concurrency_n10_20260613_002350_kafka_feed7_rep1,kafka,sb-events-n10-feed7-rep1,2,5068,27056064500,ac48dcc4-9c6a-4816-a531-4561b8da0ebb,3895107,346,28.83333333333333,4618878777,3895107:ac48dcc4-9c6a-4816-a531-4561b8da0ebb,1,False
concurrency_n10_20260613_002350_kafka_feed7_rep1,kafka,sb-events-n10-feed7-rep1,2,5069,27069527600,0dd41e1b-acba-4aba-81bf-b1fcb066ec70,3895134,346,28.83333333333333,4618878777,3895134:0dd41e1b-acba-4aba-81bf-b1fcb066ec70,1,False
concurrency_n10_20260613_002350_kafka_feed7_rep1,kafka,sb-events-n10-feed7-rep1,0,4903,27092563900,3f516b22-ee40-4efe-a6a4-6b76dec2ed43,3895052,347,28.916666666666668,4619573222,3895052:3f516b22-ee40-4efe-a6a4-6b76dec2ed43,1,False
concurrency_n10_20260613_002350_kafka_feed7_rep1,kafka,sb-events-n10-feed7-rep1,1,5091,27092750800,ba3ff544-13c4-4a77-b3cf-fdc0569d4948,3895067,347,28.916666666666668,4619573222,3895067:ba3ff544-13c4-4a77-b3cf-fdc0569d4948,1,False
concurrency_n10_20260613_002350_kafka_feed7_rep1,kafka,sb-events-n10-feed7-rep1,2,5070,27093514600,9ebf1956-333d-441d-8340-a3d9b2efd2f2,3895107,347,28.916666666666668,4619573222,3895107:9ebf1956-333d-441d-8340-a3d9b2efd2f2,1,False
concurrency_n10_20260613_002350_kafka_feed7_rep1,kafka,sb-events-n10-feed7-rep1,0,4904,27103914600,d0d2c9bb-b2d1-4329-8cce-d7c58282e975,3895086,347,28.916666666666668,4619573222,3895086:d0d2c9bb-b2d1-4329-8cce-d7c58282e975,1,False
concurrency_n10_20260613_002350_kafka_feed7_rep1,kafka,sb-events-n10-feed7-rep1,1,5092,27103958100,f1371f3b-05f3-4445-902c-d8f3bb1542fb,3895113,347,28.916666666666668,4619573222,3895113:f1371f3b-05f3-4445-902c-d8f3bb1542fb,1,False
concurrency_n10_20260613_002350_kafka_feed7_rep1,kafka,sb-events-n10-feed7-rep1,1,5093,27103978400,b45c1713-cdd8-4c1b-91dc-3a64d437ddfa,3895107,348,29.0,4620267666,3895107:b45c1713-cdd8-4c1b-91dc-3a64d437ddfa,1,False
concurrency_n10_20260613_002350_kafka_feed7_rep1,kafka,sb-events-n10-feed7-rep1,2,5071,27103997200,d6ab8ba6-67c1-430b-8b9f-90523edc8bb8,3895095,348,29.0,4620267666,3895095:d6ab8ba6-67c1-430b-8b9f-90523edc8bb8,1,False
concurrency_n10_20260613_002350_kafka_feed7_rep1,kafka,sb-events-n10-feed7-rep1,2,5072,27104014800,8c3f9bee-a8a1-4e73-adce-38c5d8374870,3895107,348,29.0,4620267666,3895107:8c3f9bee-a8a1-4e73-adce-38c5d8374870,1,False
concurrency_n10_20260613_002350_kafka_feed7_rep1,kafka,sb-events-n10-feed7-rep1,0,4905,27111974200,44ab001f-4d1d-4de1-b63c-e57d9d5f65d0,3895113,348,29.0,4620267666,3895113:44ab001f-4d1d-4de1-b63c-e57d9d5f65d0,1,False
concurrency_n10_20260613_002350_kafka_feed7_rep1,kafka,sb-events-n10-feed7-rep1,1,5094,27112014800,77bb8929-ccb4-4d5f-bbe2-2f0cddd68551,3895113,348,29.0,4620267666,3895113:77bb8929-ccb4-4d5f-bbe2-2f0cddd68551,1,False
concurrency_n10_20260613_002350_kafka_feed7_rep1,kafka,sb-events-n10-feed7-rep1,0,4906,27119657500,423b17a2-1559-4a45-93ec-63e0b06247d2,3895121,349,29.08333333333333,4620962111,3895121:423b17a2-1559-4a45-93ec-63e0b06247d2,1,False
concurrency_n10_20260613_002350_kafka_feed7_rep1,kafka,sb-events-n10-feed7-rep1,0,4907,27127051700,6b13594f-1e9a-4e86-b054-5bf465657daf,3895074,349,29.08333333333333,4620962111,3895074:6b13594f-1e9a-4e86-b054-5bf465657daf,1,False
concurrency_n10_20260613_002350_kafka_feed7_rep1,kafka,sb-events-n10-feed7-rep1,0,4908,27131366200,a375e4ce-c2a1-40cb-a345-67396467f5c0,3895107,349,29.08333333333333,4620962111,3895107:a375e4ce-c2a1-40cb-a345-67396467f5c0,1,False
concurrency_n10_20260613_002350_kafka_feed7_rep1,kafka,sb-events-n10-feed7-rep1,1,5095,27143272900,aa7bac1a-585b-4860-8a08-dccac94ceef6,3895052,349,29.08333333333333,4620962111,3895052:aa7bac1a-585b-4860-8a08-dccac94ceef6,1,False
concurrency_n10_20260613_002350_kafka_feed7_rep1,kafka,sb-events-n10-feed7-rep1,1,5096,27143317800,f5754023-5f50-4bb2-a974-a76618d41e73,3895086,349,29.08333333333333,4620962111,3895086:f5754023-5f50-4bb2-a974-a76618d41e73,1,False
concurrency_n10_20260613_002350_kafka_feed7_rep1,kafka,sb-events-n10-feed7-rep1,2,5073,27150727900,f7301563-b4ea-408d-a5ed-7512612d2757,3895086,349,29.08333333333333,4620962111,3895086:f7301563-b4ea-408d-a5ed-7512612d2757,1,False
concurrency_n10_20260613_002350_kafka_feed7_rep1,kafka,sb-events-n10-feed7-rep1,0,4909,27161915400,ce266724-c08b-403c-b604-2b4fa1ab5ad4,3895113,349,29.08333333333333,4620962111,3895113:ce266724-c08b-403c-b604-2b4fa1ab5ad4,1,False
concurrency_n10_20260613_002350_kafka_feed7_rep1,kafka,sb-events-n10-feed7-rep1,1,5097,27170142700,2ea9d0ec-a028-47f0-a7d4-c19bac12e727,3895095,350,29.166666666666668,4621656555,3895095:2ea9d0ec-a028-47f0-a7d4-c19bac12e727,1,False
concurrency_n10_20260613_002350_kafka_feed7_rep1,kafka,sb-events-n10-feed7-rep1,2,5074,27170184800,531febc4-d1a2-4398-ac27-7c534bca2622,3895095,350,29.166666666666668,4621656555,3895095:531febc4-d1a2-4398-ac27-7c534bca2622,1,False
concurrency_n10_20260613_002350_kafka_feed7_rep1,kafka,sb-events-n10-feed7-rep1,0,4910,27183389500,44f62541-fa13-421a-883e-363593814133,3895121,350,29.166666666666668,4621656555,3895121:44f62541-fa13-421a-883e-363593814133,1,False
concurrency_n10_20260613_002350_kafka_feed7_rep1,kafka,sb-events-n10-feed7-rep1,2,5075,27189977100,5a0e4337-083a-4631-8324-2a2ae7fb9736,3895067,350,29.166666666666668,4621656555,3895067:5a0e4337-083a-4631-8324-2a2ae7fb9736,1,False
concurrency_n10_20260613_002350_kafka_feed7_rep1,kafka,sb-events-n10-feed7-rep1,0,4911,27190019900,c5f5c5d8-0a54-458d-b298-0d47bbb405a1,3895121,350,29.166666666666668,4621656555,3895121:c5f5c5d8-0a54-458d-b298-0d47bbb405a1,1,False
concurrency_n10_20260613_002350_kafka_feed7_rep1,kafka,sb-events-n10-feed7-rep1,1,5098,27205715800,5095e9f2-b041-49a3-9ebb-54b9544ec710,3895067,350,29.166666666666668,4621656555,3895067:5095e9f2-b041-49a3-9ebb-54b9544ec710,1,False
concurrency_n10_20260613_002350_kafka_feed7_rep1,kafka,sb-events-n10-feed7-rep1,2,5076,27221342600,dbfe72ee-8e62-4ebe-b6c7-9217a53d5803,3895067,350,29.166666666666668,4621656555,3895067:dbfe72ee-8e62-4ebe-b6c7-9217a53d5803,1,False
concurrency_n10_20260613_002350_kafka_feed7_rep1,kafka,sb-events-n10-feed7-rep1,2,5077,27221385900,013d2f57-a3d8-41b5-98c1-00a242e11384,3895107,350,29.166666666666668,4621656555,3895107:013d2f57-a3d8-41b5-98c1-00a242e11384,1,False
concurrency_n10_20260613_002350_kafka_feed7_rep1,kafka,sb-events-n10-feed7-rep1,2,5078,27221410500,255d6e3d-7309-485e-ad7b-8fa794aa5b9e,3895052,350,29.166666666666668,4621656555,3895052:255d6e3d-7309-485e-ad7b-8fa794aa5b9e,1,False
concurrency_n10_20260613_002350_kafka_feed7_rep1,kafka,sb-events-n10-feed7-rep1,1,5099,27221434900,900a039a-e94b-4b2f-8b24-47ca5923b12c,3895107,350,29.166666666666668,4621656555,3895107:900a039a-e94b-4b2f-8b24-47ca5923b12c,1,False
concurrency_n10_20260613_002350_kafka_feed7_rep1,kafka,sb-events-n10-feed7-rep1,2,5079,27228433600,db882fff-09aa-47b4-9837-5eb7852c46cc,3895113,350,29.166666666666668,4621656555,3895113:db882fff-09aa-47b4-9837-5eb7852c46cc,1,False
concurrency_n10_20260613_002350_kafka_feed7_rep1,kafka,sb-events-n10-feed7-rep1,0,4912,27238059600,e636d562-f572-4462-a730-c3e48e5fc8dc,3895121,351,29.25,4622351000,3895121:e636d562-f572-4462-a730-c3e48e5fc8dc,1,False
concurrency_n10_20260613_002350_kafka_feed7_rep1,kafka,sb-events-n10-feed7-rep1,1,5100,27238099200,8520ef69-be71-4c8e-8beb-cc29f4554038,3895113,350,29.166666666666668,4621656555,3895113:8520ef69-be71-4c8e-8beb-cc29f4554038,1,False
concurrency_n10_20260613_002350_kafka_feed7_rep1,kafka,sb-events-n10-feed7-rep1,1,5101,27243924300,929983a0-f737-483c-8ccc-c22dd0b4c758,3895121,351,29.25,4622351000,3895121:929983a0-f737-483c-8ccc-c22dd0b4c758,1,False
concurrency_n10_20260613_002350_kafka_feed7_rep1,kafka,sb-events-n10-feed7-rep1,0,4913,27251942700,a14133d0-1a67-4da3-bda8-b019d9a65546,3895074,351,29.25,4622351000,3895074:a14133d0-1a67-4da3-bda8-b019d9a65546,1,False
concurrency_n10_20260613_002350_kafka_feed7_rep1,kafka,sb-events-n10-feed7-rep1,1,5102,27251986000,5d042596-1978-41d1-b07e-d438d6e68678,3895074,351,29.25,4622351000,3895074:5d042596-1978-41d1-b07e-d438d6e68678,1,False
concurrency_n10_20260613_002350_kafka_feed7_rep1,kafka,sb-events-n10-feed7-rep1,1,5103,27264460700,97373857-8573-46fe-8502-0ec9ec5dbafb,3895074,351,29.25,4622351000,3895074:97373857-8573-46fe-8502-0ec9ec5dbafb,1,False
concurrency_n10_20260613_002350_kafka_feed7_rep1,kafka,sb-events-n10-feed7-rep1,0,4914,27270558900,92eec2ef-ec3f-42b8-8f5a-18fc3408c000,3895134,351,29.25,4622351000,3895134:92eec2ef-ec3f-42b8-8f5a-18fc3408c000,1,False
concurrency_n10_20260613_002350_kafka_feed7_rep1,kafka,sb-events-n10-feed7-rep1,0,4915,27270597700,0674a04b-50d5-4a36-b451-937df82b0b82,3895052,351,29.25,4622351000,3895052:0674a04b-50d5-4a36-b451-937df82b0b82,1,False
concurrency_n10_20260613_002350_kafka_feed7_rep1,kafka,sb-events-n10-feed7-rep1,1,5104,27277728800,9ee96fd8-7e6a-4530-99f7-e8fe35b831d6,3895052,351,29.25,4622351000,3895052:9ee96fd8-7e6a-4530-99f7-e8fe35b831d6,1,False
concurrency_n10_20260613_002350_kafka_feed7_rep1,kafka,sb-events-n10-feed7-rep1,0,4916,27290295300,e6ea7a99-989a-4a27-bf9e-0eac58318c01,3895086,351,29.25,4622351000,3895086:e6ea7a99-989a-4a27-bf9e-0eac58318c01,1,False
concurrency_n10_20260613_002350_kafka_feed7_rep1,kafka,sb-events-n10-feed7-rep1,2,5080,27304328600,c4478270-22e1-4a2e-b21e-5e0def1a5ade,3895095,352,29.33333333333333,4623045444,3895095:c4478270-22e1-4a2e-b21e-5e0def1a5ade,1,False
concurrency_n10_20260613_002350_kafka_feed7_rep1,kafka,sb-events-n10-feed7-rep1,1,5105,27304367700,808af9fa-4b11-4c37-96c7-ac81aabe7b00,3895086,351,29.25,4622351000,3895086:808af9fa-4b11-4c37-96c7-ac81aabe7b00,1,False
concurrency_n10_20260613_002350_kafka_feed7_rep1,kafka,sb-events-n10-feed7-rep1,1,5106,27304392000,0da76901-89e3-4054-96a5-ef5d4fdcd847,3895121,352,29.33333333333333,4623045444,3895121:0da76901-89e3-4054-96a5-ef5d4fdcd847,1,False
concurrency_n10_20260613_002350_kafka_feed7_rep1,kafka,sb-events-n10-feed7-rep1,0,4917,27304415900,f7e9fa20-5fb2-4d16-868d-a2506930f758,3895086,351,29.25,4622351000,3895086:f7e9fa20-5fb2-4d16-868d-a2506930f758,1,False
concurrency_n10_20260613_002350_kafka_feed7_rep1,kafka,sb-events-n10-feed7-rep1,1,5107,27318586900,636679fa-6ff4-4b70-b8da-80c52344fd3e,3895067,352,29.33333333333333,4623045444,3895067:636679fa-6ff4-4b70-b8da-80c52344fd3e,1,False
concurrency_n10_20260613_002350_kafka_feed7_rep1,kafka,sb-events-n10-feed7-rep1,0,4918,27318673200,4f41e8c4-02b8-40e7-9d40-2ce3a724fa72,3895121,352,29.33333333333333,4623045444,3895121:4f41e8c4-02b8-40e7-9d40-2ce3a724fa72,1,False
concurrency_n10_20260613_002350_kafka_feed7_rep1,kafka,sb-events-n10-feed7-rep1,2,5081,27327824900,c8095c62-7453-463a-8f11-f45a07e2d6a1,3895067,352,29.33333333333333,4623045444,3895067:c8095c62-7453-463a-8f11-f45a07e2d6a1,1,False
concurrency_n10_20260613_002350_kafka_feed7_rep1,kafka,sb-events-n10-feed7-rep1,0,4919,27327864200,6cf92e59-803f-45c6-93a9-1af3645b6d04,3895067,352,29.33333333333333,4623045444,3895067:6cf92e59-803f-45c6-93a9-1af3645b6d04,1,False
concurrency_n10_20260613_002350_kafka_feed7_rep1,kafka,sb-events-n10-feed7-rep1,2,5082,27336548300,022b80dd-c3d4-496a-b9a1-13ec8f95ef16,3895074,352,29.33333333333333,4623045444,3895074:022b80dd-c3d4-496a-b9a1-13ec8f95ef16,1,False
concurrency_n10_20260613_002350_kafka_feed7_rep1,kafka,sb-events-n10-feed7-rep1,1,5108,27348961100,690ccf73-3c6e-4ca8-af6d-43e2cd71d9a4,3895121,353,29.416666666666668,4623739888,3895121:690ccf73-3c6e-4ca8-af6d-43e2cd71d9a4,1,False
concurrency_n10_20260613_002350_kafka_feed7_rep1,kafka,sb-events-n10-feed7-rep1,0,4920,27349003200,1ba2479a-3e74-4346-b068-44f45c8da8b3,3895074,353,29.416666666666668,4623739888,3895074:1ba2479a-3e74-4346-b068-44f45c8da8b3,1,False
concurrency_n10_20260613_002350_kafka_feed7_rep1,kafka,sb-events-n10-feed7-rep1,2,5083,27356802200,5f4d249d-781d-4e55-93cd-45a93e706aa6,3895074,353,29.416666666666668,4623739888,3895074:5f4d249d-781d-4e55-93cd-45a93e706aa6,1,False
concurrency_n10_20260613_002350_kafka_feed7_rep1,kafka,sb-events-n10-feed7-rep1,1,5109,27356854800,c567a09c-23a2-41c2-9952-05e8de3b17f1,3895134,353,29.416666666666668,4623739888,3895134:c567a09c-23a2-41c2-9952-05e8de3b17f1,1,False
concurrency_n10_20260613_002350_kafka_feed7_rep1,kafka,sb-events-n10-feed7-rep1,0,4921,27356877700,4b593dcb-bc9a-4b6b-b866-de06556e75ad,3895074,353,29.416666666666668,4623739888,3895074:4b593dcb-bc9a-4b6b-b866-de06556e75ad,1,False
concurrency_n10_20260613_002350_kafka_feed7_rep1,kafka,sb-events-n10-feed7-rep1,2,5084,27363726200,0844a9d6-fbb5-4a26-8687-53ad754f56e7,3895134,353,29.416666666666668,4623739888,3895134:0844a9d6-fbb5-4a26-8687-53ad754f56e7,1,False
concurrency_n10_20260613_002350_kafka_feed7_rep1,kafka,sb-events-n10-feed7-rep1,0,4922,27373042700,3d81beef-a8a3-49e4-b1bc-b3ac126fcc44,3895095,354,29.5,4624434333,3895095:3d81beef-a8a3-49e4-b1bc-b3ac126fcc44,1,False
concurrency_n10_20260613_002350_kafka_feed7_rep1,kafka,sb-events-n10-feed7-rep1,2,5085,27373132900,a3df59c8-cf02-4d37-bf5b-d2589fd3e6bf,3895086,353,29.416666666666668,4623739888,3895086:a3df59c8-cf02-4d37-bf5b-d2589fd3e6bf,1,False
concurrency_n10_20260613_002350_kafka_feed7_rep1,kafka,sb-events-n10-feed7-rep1,1,5110,27383980300,1635501e-6069-489e-bc97-60be68d5acbf,3895095,354,29.5,4624434333,3895095:1635501e-6069-489e-bc97-60be68d5acbf,1,False
concurrency_n10_20260613_002350_kafka_feed7_rep1,kafka,sb-events-n10-feed7-rep1,2,5086,27384023900,a2cf3355-33aa-42c4-b369-9e5258da011e,3895095,354,29.5,4624434333,3895095:a2cf3355-33aa-42c4-b369-9e5258da011e,1,False
concurrency_n10_20260613_002350_kafka_feed7_rep1,kafka,sb-events-n10-feed7-rep1,1,5111,27400260600,4fcfcc60-392e-48ff-bfda-3738123b9b14,3895067,354,29.5,4624434333,3895067:4fcfcc60-392e-48ff-bfda-3738123b9b14,1,False
concurrency_n10_20260613_002350_kafka_feed7_rep1,kafka,sb-events-n10-feed7-rep1,1,5112,27400404800,3c9d821e-cd1d-40d8-b6cc-ebfdba7e3552,3895067,354,29.5,4624434333,3895067:3c9d821e-cd1d-40d8-b6cc-ebfdba7e3552,1,False
concurrency_n10_20260613_002350_kafka_feed7_rep1,kafka,sb-events-n10-feed7-rep1,2,5087,27400435300,0613d0f6-5512-4f13-8c54-69900aeffd4c,3895121,354,29.5,4624434333,3895121:0613d0f6-5512-4f13-8c54-69900aeffd4c,1,False
concurrency_n10_20260613_002350_kafka_feed7_rep1,kafka,sb-events-n10-feed7-rep1,1,5113,27408165800,dbd193b4-9436-4a57-930e-b83bcb5dda0b,3895074,354,29.5,4624434333,3895074:dbd193b4-9436-4a57-930e-b83bcb5dda0b,1,False
concurrency_n10_20260613_002350_kafka_feed7_rep1,kafka,sb-events-n10-feed7-rep1,2,5088,27408237100,9e467124-ed14-41b1-ae7c-83af31974e51,3895074,354,29.5,4624434333,3895074:9e467124-ed14-41b1-ae7c-83af31974e51,1,False
concurrency_n10_20260613_002350_kafka_feed7_rep1,kafka,sb-events-n10-feed7-rep1,0,4923,27413046700,e505e81c-2a00-4469-b96d-4138c8795413,3895074,354,29.5,4624434333,3895074:e505e81c-2a00-4469-b96d-4138c8795413,1,False
concurrency_n10_20260613_002350_kafka_feed7_rep1,kafka,sb-events-n10-feed7-rep1,0,4924,27419495700,05e5ad24-d023-49d2-aa5a-330e3c90ce62,3895134,354,29.5,4624434333,3895134:05e5ad24-d023-49d2-aa5a-330e3c90ce62,1,False
concurrency_n10_20260613_002350_kafka_feed7_rep1,kafka,sb-events-n10-feed7-rep1,2,5089,27424916500,35bb4379-6293-40c4-8b6e-bded481be933,3895095,355,29.58333333333333,4625128777,3895095:35bb4379-6293-40c4-8b6e-bded481be933,1,False
concurrency_n10_20260613_002350_kafka_feed7_rep1,kafka,sb-events-n10-feed7-rep1,2,5090,27430533700,0f08928d-929c-417d-9c32-4b22b7ff172f,3895095,355,29.58333333333333,4625128777,3895095:0f08928d-929c-417d-9c32-4b22b7ff172f,1,False
concurrency_n10_20260613_002350_kafka_feed7_rep1,kafka,sb-events-n10-feed7-rep1,1,5114,27434612300,8b96b887-80a9-4a57-99dd-415b5e19a6a0,3895095,355,29.58333333333333,4625128777,3895095:8b96b887-80a9-4a57-99dd-415b5e19a6a0,1,False
concurrency_n10_20260613_002350_kafka_feed7_rep1,kafka,sb-events-n10-feed7-rep1,2,5091,27441997900,11f82d11-f3aa-4650-9992-9dc2e6838811,3895067,355,29.58333333333333,4625128777,3895067:11f82d11-f3aa-4650-9992-9dc2e6838811,1,False
concurrency_n10_20260613_002350_kafka_feed7_rep1,kafka,sb-events-n10-feed7-rep1,0,4925,27448405300,a14fbff7-c39f-4bca-9a3e-9f2af4f6d1c9,3895067,355,29.58333333333333,4625128777,3895067:a14fbff7-c39f-4bca-9a3e-9f2af4f6d1c9,1,False
concurrency_n10_20260613_002350_kafka_feed7_rep1,kafka,sb-events-n10-feed7-rep1,2,5092,27448446300,da3669aa-68ba-4aa3-a220-6f073829d078,3895067,355,29.58333333333333,4625128777,3895067:da3669aa-68ba-4aa3-a220-6f073829d078,1,False
concurrency_n10_20260613_002350_kafka_feed7_rep1,kafka,sb-events-n10-feed7-rep1,1,5115,27458570900,8e9b56bf-c9eb-4d50-a829-b70de02f7adb,3895134,355,29.58333333333333,4625128777,3895134:8e9b56bf-c9eb-4d50-a829-b70de02f7adb,1,False
concurrency_n10_20260613_002350_kafka_feed7_rep1,kafka,sb-events-n10-feed7-rep1,2,5093,27472058600,c9545898-f161-4c9d-9a0b-8793de625bcc,3895134,355,29.58333333333333,4625128777,3895134:c9545898-f161-4c9d-9a0b-8793de625bcc,1,False
concurrency_n10_20260613_002350_kafka_feed7_rep1,kafka,sb-events-n10-feed7-rep1,2,5094,27472104000,0f0946e2-9309-4794-87fe-89df747a3e6d,3895086,355,29.58333333333333,4625128777,3895086:0f0946e2-9309-4794-87fe-89df747a3e6d,1,False
concurrency_n10_20260613_002350_kafka_feed7_rep1,kafka,sb-events-n10-feed7-rep1,2,5095,27472126400,cd3f2d0a-aeb3-4b34-a0f2-3eb12e54bd55,3895086,355,29.58333333333333,4625128777,3895086:cd3f2d0a-aeb3-4b34-a0f2-3eb12e54bd55,1,False
concurrency_n10_20260613_002350_kafka_feed7_rep1,kafka,sb-events-n10-feed7-rep1,1,5116,27478696800,67d749a9-d258-4ad4-ac55-609ba90cf84c,3895113,355,29.58333333333333,4625128777,3895113:67d749a9-d258-4ad4-ac55-609ba90cf84c,1,False
concurrency_n10_20260613_002350_kafka_feed7_rep1,kafka,sb-events-n10-feed7-rep1,0,4926,27483658600,abfe23c2-ade5-4f19-9243-c42bc6acc499,3895095,356,29.666666666666668,4625823222,3895095:abfe23c2-ade5-4f19-9243-c42bc6acc499,1,False
concurrency_n10_20260613_002350_kafka_feed7_rep1,kafka,sb-events-n10-feed7-rep1,1,5117,27496847200,6ac4f18d-3142-4279-ad27-1b5c1f29213c,3895095,356,29.666666666666668,4625823222,3895095:6ac4f18d-3142-4279-ad27-1b5c1f29213c,1,False
concurrency_n10_20260613_002350_kafka_feed7_rep1,kafka,sb-events-n10-feed7-rep1,2,5096,27510556600,958d8eff-6600-41d0-b547-651815753987,3895095,356,29.666666666666668,4625823222,3895095:958d8eff-6600-41d0-b547-651815753987,1,False
concurrency_n10_20260613_002350_kafka_feed7_rep1,kafka,sb-events-n10-feed7-rep1,0,4927,27535249900,5ed9a389-42e1-4784-be3d-4cbebb664292,3895095,356,29.666666666666668,4625823222,3895095:5ed9a389-42e1-4784-be3d-4cbebb664292,1,False
concurrency_n10_20260613_002350_kafka_feed7_rep1,kafka,sb-events-n10-feed7-rep1,0,4928,27535292200,38505484-d1c7-4960-896e-5776910748bc,3895121,356,29.666666666666668,4625823222,3895121:38505484-d1c7-4960-896e-5776910748bc,1,False
concurrency_n10_20260613_002350_kafka_feed7_rep1,kafka,sb-events-n10-feed7-rep1,0,4929,27535313800,00f2c51f-ecac-4106-968a-1cce717d6a91,3895074,356,29.666666666666668,4625823222,3895074:00f2c51f-ecac-4106-968a-1cce717d6a91,1,False
concurrency_n10_20260613_002350_kafka_feed7_rep1,kafka,sb-events-n10-feed7-rep1,1,5118,27535335100,ead79ea4-823f-4a03-8f36-d2982bb018e2,3895067,356,29.666666666666668,4625823222,3895067:ead79ea4-823f-4a03-8f36-d2982bb018e2,1,False
concurrency_n10_20260613_002350_kafka_feed7_rep1,kafka,sb-events-n10-feed7-rep1,2,5097,27535355600,ecdc4eb5-081e-4867-970a-cfe7e3dec346,3895121,356,29.666666666666668,4625823222,3895121:ecdc4eb5-081e-4867-970a-cfe7e3dec346,1,False
concurrency_n10_20260613_002350_kafka_feed7_rep1,kafka,sb-events-n10-feed7-rep1,2,5098,27535388900,cc9e27ee-245f-4af1-a5bb-614ae8d6c057,3895121,356,29.666666666666668,4625823222,3895121:cc9e27ee-245f-4af1-a5bb-614ae8d6c057,1,False
concurrency_n10_20260613_002350_kafka_feed7_rep1,kafka,sb-events-n10-feed7-rep1,0,4930,27542144900,ba2388ef-4130-4f6e-81f1-ea3241225526,3895074,356,29.666666666666668,4625823222,3895074:ba2388ef-4130-4f6e-81f1-ea3241225526,1,False
concurrency_n10_20260613_002350_kafka_feed7_rep1,kafka,sb-events-n10-feed7-rep1,1,5119,27542195600,a2877987-23c1-4047-b18d-b2e9a7a16eaa,3895134,356,29.666666666666668,4625823222,3895134:a2877987-23c1-4047-b18d-b2e9a7a16eaa,1,False
concurrency_n10_20260613_002350_kafka_feed7_rep1,kafka,sb-events-n10-feed7-rep1,2,5099,27542219800,152698ea-6ce8-4b88-9161-24663669ee93,3895134,356,29.666666666666668,4625823222,3895134:152698ea-6ce8-4b88-9161-24663669ee93,1,False
concurrency_n10_20260613_002350_kafka_feed7_rep1,kafka,sb-events-n10-feed7-rep1,1,5120,27550457100,f860c0f1-35fa-4b68-bae2-0b3826695770,3895095,357,29.75,4626517666,3895095:f860c0f1-35fa-4b68-bae2-0b3826695770,1,False
concurrency_n10_20260613_002350_kafka_feed7_rep1,kafka,sb-events-n10-feed7-rep1,2,5100,27559171000,dfda4064-2960-4520-ba52-9ed4894ac590,3895121,357,29.75,4626517666,3895121:dfda4064-2960-4520-ba52-9ed4894ac590,1,False
concurrency_n10_20260613_002350_kafka_feed7_rep1,kafka,sb-events-n10-feed7-rep1,1,5121,27568638600,214c184b-01af-4b15-a374-02e2b44b5e63,3895074,357,29.75,4626517666,3895074:214c184b-01af-4b15-a374-02e2b44b5e63,1,False
concurrency_n10_20260613_002350_kafka_feed7_rep1,kafka,sb-events-n10-feed7-rep1,2,5101,27568779500,6cbd006a-52e4-4a4c-93c1-c5704aeb8549,3895052,357,29.75,4626517666,3895052:6cbd006a-52e4-4a4c-93c1-c5704aeb8549,1,False
concurrency_n10_20260613_002350_kafka_feed7_rep1,kafka,sb-events-n10-feed7-rep1,0,4931,27577984800,c0007622-67a8-466c-9108-c712e65fe291,3895113,357,29.75,4626517666,3895113:c0007622-67a8-466c-9108-c712e65fe291,1,False
concurrency_n10_20260613_002350_kafka_feed7_rep1,kafka,sb-events-n10-feed7-rep1,0,4932,27584417300,0281400d-53a7-4dc7-a6b8-99471e9c4ecb,3895113,357,29.75,4626517666,3895113:0281400d-53a7-4dc7-a6b8-99471e9c4ecb,1,False
concurrency_n10_20260613_002350_kafka_feed7_rep1,kafka,sb-events-n10-feed7-rep1,0,4933,27584460200,ce9db25a-5fec-4547-8526-61c3141c4d0d,3895067,358,29.83333333333333,4627212111,3895067:ce9db25a-5fec-4547-8526-61c3141c4d0d,1,False
concurrency_n10_20260613_002350_kafka_feed7_rep1,kafka,sb-events-n10-feed7-rep1,2,5102,27592138500,3aab850c-1a11-4641-bf19-c6c5f966abb3,3895067,358,29.83333333333333,4627212111,3895067:3aab850c-1a11-4641-bf19-c6c5f966abb3,1,False
concurrency_n10_20260613_002350_kafka_feed7_rep1,kafka,sb-events-n10-feed7-rep1,1,5122,27601971900,60b08e8c-3c15-4d30-8ebb-c5f83e449d83,3895052,358,29.83333333333333,4627212111,3895052:60b08e8c-3c15-4d30-8ebb-c5f83e449d83,1,False
concurrency_n10_20260613_002350_kafka_feed7_rep1,kafka,sb-events-n10-feed7-rep1,1,5123,27602011800,de72c156-22fc-4732-889a-d7c7e5f73bdc,3895052,358,29.83333333333333,4627212111,3895052:de72c156-22fc-4732-889a-d7c7e5f73bdc,1,False
concurrency_n10_20260613_002350_kafka_feed7_rep1,kafka,sb-events-n10-feed7-rep1,0,4934,27602033800,edf1a557-c2a7-42cc-ae0f-78d824ad78ca,3895052,358,29.83333333333333,4627212111,3895052:edf1a557-c2a7-42cc-ae0f-78d824ad78ca,1,False
concurrency_n10_20260613_002350_kafka_feed7_rep1,kafka,sb-events-n10-feed7-rep1,2,5103,27613100400,28cf5ab9-fc42-47ce-ae7c-43a10aba3bcc,3895134,358,29.83333333333333,4627212111,3895134:28cf5ab9-fc42-47ce-ae7c-43a10aba3bcc,1,False
concurrency_n10_20260613_002350_kafka_feed7_rep1,kafka,sb-events-n10-feed7-rep1,1,5124,27619513600,0e144e45-eed9-4c1f-b16e-f7fd087181a9,3895086,358,29.83333333333333,4627212111,3895086:0e144e45-eed9-4c1f-b16e-f7fd087181a9,1,False
concurrency_n10_20260613_002350_kafka_feed7_rep1,kafka,sb-events-n10-feed7-rep1,0,4935,27627706300,245d3f1d-83b4-4ba5-899a-a743f64dc044,3895113,358,29.83333333333333,4627212111,3895113:245d3f1d-83b4-4ba5-899a-a743f64dc044,1,False
concurrency_n10_20260613_002350_kafka_feed7_rep1,kafka,sb-events-n10-feed7-rep1,1,5125,27627753100,f8786ba2-27cb-40e0-bd36-0bff4387846e,3895134,359,29.916666666666668,4627906555,3895134:f8786ba2-27cb-40e0-bd36-0bff4387846e,1,False
concurrency_n10_20260613_002350_kafka_feed7_rep1,kafka,sb-events-n10-feed7-rep1,2,5104,27641843800,f9c3a117-027a-43e5-9189-2884e85151bf,3895134,359,29.916666666666668,4627906555,3895134:f9c3a117-027a-43e5-9189-2884e85151bf,1,False
concurrency_n10_20260613_002350_kafka_feed7_rep1,kafka,sb-events-n10-feed7-rep1,0,4936,27641884400,f9627c67-19a0-4814-94b7-cca3d3e36e1e,3895086,359,29.916666666666668,4627906555,3895086:f9627c67-19a0-4814-94b7-cca3d3e36e1e,1,False
concurrency_n10_20260613_002350_kafka_feed7_rep1,kafka,sb-events-n10-feed7-rep1,2,5105,27647966500,0fa3e9fc-8f59-4d93-ad54-9dafec6fe2cb,3895086,359,29.916666666666668,4627906555,3895086:0fa3e9fc-8f59-4d93-ad54-9dafec6fe2cb,1,False
concurrency_n10_20260613_002350_kafka_feed7_rep1,kafka,sb-events-n10-feed7-rep1,1,5126,27655223100,e20fe4de-bcb4-4354-a27d-c27fe5b54a9c,3895086,359,29.916666666666668,4627906555,3895086:e20fe4de-bcb4-4354-a27d-c27fe5b54a9c,1,False
concurrency_n10_20260613_002350_kafka_feed7_rep1,kafka,sb-events-n10-feed7-rep1,0,4937,27666190200,02992e62-fe65-4047-a654-9d393d3e5e92,3895086,359,29.916666666666668,4627906555,3895086:02992e62-fe65-4047-a654-9d393d3e5e92,1,False
concurrency_n10_20260613_002350_kafka_feed7_rep1,kafka,sb-events-n10-feed7-rep1,1,5127,27666287700,60bce52d-2353-40d5-986f-2f7e0c049878,3895113,359,29.916666666666668,4627906555,3895113:60bce52d-2353-40d5-986f-2f7e0c049878,1,False
concurrency_n10_20260613_002350_kafka_feed7_rep1,kafka,sb-events-n10-feed7-rep1,0,4938,27674127000,2fe9d024-0f17-41f3-83f8-fbca099420c4,3895113,359,29.916666666666668,4627906555,3895113:2fe9d024-0f17-41f3-83f8-fbca099420c4,1,False
concurrency_n10_20260613_002350_kafka_feed7_rep1,kafka,sb-events-n10-feed7-rep1,0,4939,27682258700,8babaa5e-85a6-4d8b-964c-b66c4119fcd6,3895113,359,29.916666666666668,4627906555,3895113:8babaa5e-85a6-4d8b-964c-b66c4119fcd6,1,False
concurrency_n10_20260613_002350_kafka_feed7_rep1,kafka,sb-events-n10-feed7-rep1,2,5106,27692072600,355b7db0-1547-4fc3-82b8-5c15b55cf280,3895095,360,30.0,4628601000,3895095:355b7db0-1547-4fc3-82b8-5c15b55cf280,1,False
concurrency_n10_20260613_002350_kafka_feed7_rep1,kafka,sb-events-n10-feed7-rep1,0,4940,27692117600,cff91afe-1d5c-4f6f-8895-e785eced2820,3895095,360,30.0,4628601000,3895095:cff91afe-1d5c-4f6f-8895-e785eced2820,1,False
concurrency_n10_20260613_002350_kafka_feed7_rep1,kafka,sb-events-n10-feed7-rep1,2,5107,27706514900,ee92e12e-f23a-4761-a845-0961fa9055f1,3895121,360,30.0,4628601000,3895121:ee92e12e-f23a-4761-a845-0961fa9055f1,1,False
concurrency_n10_20260613_002350_kafka_feed7_rep1,kafka,sb-events-n10-feed7-rep1,2,5108,27706572700,f313c992-04cf-4ac8-9bab-46a71fb7d6f0,3895121,360,30.0,4628601000,3895121:f313c992-04cf-4ac8-9bab-46a71fb7d6f0,1,False
concurrency_n10_20260613_002350_kafka_feed7_rep1,kafka,sb-events-n10-feed7-rep1,0,4941,27706604300,6e770056-0d66-4c82-9be5-1b5ca3bc8fea,3895052,360,30.0,4628601000,3895052:6e770056-0d66-4c82-9be5-1b5ca3bc8fea,1,False
concurrency_n10_20260613_002350_kafka_feed7_rep1,kafka,sb-events-n10-feed7-rep1,2,5109,27717817300,ee281be8-1568-4ee1-9896-2779797d84ae,3895052,360,30.0,4628601000,3895052:ee281be8-1568-4ee1-9896-2779797d84ae,1,False
concurrency_n10_20260613_002350_kafka_feed7_rep1,kafka,sb-events-n10-feed7-rep1,1,5128,27736232200,282d6fe5-de30-4959-b323-4b5e8779ac01,3895134,360,30.0,4628601000,3895134:282d6fe5-de30-4959-b323-4b5e8779ac01,1,False
concurrency_n10_20260613_002350_kafka_feed7_rep1,kafka,sb-events-n10-feed7-rep1,0,4942,27736282100,2dfda464-8059-45fd-b9f3-c98ea63a12e8,3895067,361,30.08333333333333,4629295444,3895067:2dfda464-8059-45fd-b9f3-c98ea63a12e8,1,False
concurrency_n10_20260613_002350_kafka_feed7_rep1,kafka,sb-events-n10-feed7-rep1,0,4943,27748261200,f1c2c38d-0bf7-48c9-812b-59135e52e6c2,3895074,361,30.08333333333333,4629295444,3895074:f1c2c38d-0bf7-48c9-812b-59135e52e6c2,1,False
concurrency_n10_20260613_002350_kafka_feed7_rep1,kafka,sb-events-n10-feed7-rep1,2,5110,27765649900,5007fa57-f4c9-4e85-a5f9-f8b74f1ec2e8,3895134,361,30.08333333333333,4629295444,3895134:5007fa57-f4c9-4e85-a5f9-f8b74f1ec2e8,1,False
concurrency_n10_20260613_002350_kafka_feed7_rep1,kafka,sb-events-n10-feed7-rep1,1,5129,27765707800,e00464cd-75d7-4ead-b904-c7236b444d70,3895134,361,30.08333333333333,4629295444,3895134:e00464cd-75d7-4ead-b904-c7236b444d70,1,False
concurrency_n10_20260613_002350_kafka_feed7_rep1,kafka,sb-events-n10-feed7-rep1,0,4944,27765733600,3476ed98-2de1-4af9-ae70-98e661dce747,3895086,361,30.08333333333333,4629295444,3895086:3476ed98-2de1-4af9-ae70-98e661dce747,1,False
concurrency_n10_20260613_002350_kafka_feed7_rep1,kafka,sb-events-n10-feed7-rep1,2,5111,27783925300,36860fee-d690-4a82-92c1-2ce4512541be,3895086,361,30.08333333333333,4629295444,3895086:36860fee-d690-4a82-92c1-2ce4512541be,1,False
concurrency_n10_20260613_002350_kafka_feed7_rep1,kafka,sb-events-n10-feed7-rep1,2,5112,27783967700,a463ae1e-6b26-4133-9944-dced564e7662,3895086,361,30.08333333333333,4629295444,3895086:a463ae1e-6b26-4133-9944-dced564e7662,1,False
concurrency_n10_20260613_002350_kafka_feed7_rep1,kafka,sb-events-n10-feed7-rep1,1,5130,27783990700,3b117be0-886b-41b1-acc0-2a795d50b148,3895113,361,30.08333333333333,4629295444,3895113:3b117be0-886b-41b1-acc0-2a795d50b148,1,False
concurrency_n10_20260613_002350_kafka_feed7_rep1,kafka,sb-events-n10-feed7-rep1,2,5113,27799870800,c20ec538-b95e-4fde-bd21-1e0819073174,3895113,361,30.08333333333333,4629295444,3895113:c20ec538-b95e-4fde-bd21-1e0819073174,1,False
concurrency_n10_20260613_002350_kafka_feed7_rep1,kafka,sb-events-n10-feed7-rep1,0,4945,27810804300,defd9a85-07d2-45a1-bed5-12073c366a13,3895095,362,30.166666666666668,4629989888,3895095:defd9a85-07d2-45a1-bed5-12073c366a13,1,False
concurrency_n10_20260613_002350_kafka_feed7_rep1,kafka,sb-events-n10-feed7-rep1,1,5131,27811039300,08dca067-1875-49e1-8696-b36931d5a065,3895113,361,30.08333333333333,4629295444,3895113:08dca067-1875-49e1-8696-b36931d5a065,1,False
concurrency_n10_20260613_002350_kafka_feed7_rep1,kafka,sb-events-n10-feed7-rep1,2,5114,27823381100,9046d726-2398-4328-8011-506c88d8080f,3895095,362,30.166666666666668,4629989888,3895095:9046d726-2398-4328-8011-506c88d8080f,1,False
concurrency_n10_20260613_002350_kafka_feed7_rep1,kafka,sb-events-n10-feed7-rep1,0,4946,27843710800,7abf4506-6455-4e0b-8802-01f2dfa27e88,3895074,362,30.166666666666668,4629989888,3895074:7abf4506-6455-4e0b-8802-01f2dfa27e88,1,False
concurrency_n10_20260613_002350_kafka_feed7_rep1,kafka,sb-events-n10-feed7-rep1,1,5132,27843754400,fb619b46-3deb-488a-bd9d-be13628389f9,3895074,362,30.166666666666668,4629989888,3895074:fb619b46-3deb-488a-bd9d-be13628389f9,1,False
concurrency_n10_20260613_002350_kafka_feed7_rep1,kafka,sb-events-n10-feed7-rep1,2,5115,27865273800,0fffe00c-e44e-4e93-8a65-20e01cf8f43c,3895121,363,30.25,4630684333,3895121:0fffe00c-e44e-4e93-8a65-20e01cf8f43c,1,False
concurrency_n10_20260613_002350_kafka_feed7_rep1,kafka,sb-events-n10-feed7-rep1,2,5116,27865325500,2e0ee3af-b22d-44f1-9021-f28ef06bac68,3895052,363,30.25,4630684333,3895052:2e0ee3af-b22d-44f1-9021-f28ef06bac68,1,False
concurrency_n10_20260613_002350_kafka_feed7_rep1,kafka,sb-events-n10-feed7-rep1,0,4947,27865351300,8458aa78-520c-4345-b04f-b85b35a96d00,3895121,363,30.25,4630684333,3895121:8458aa78-520c-4345-b04f-b85b35a96d00,1,False
concurrency_n10_20260613_002350_kafka_feed7_rep1,kafka,sb-events-n10-feed7-rep1,1,5133,27865377900,c67a22ed-5cd6-42ad-999c-652ccca43f74,3895074,362,30.166666666666668,4629989888,3895074:c67a22ed-5cd6-42ad-999c-652ccca43f74,1,False
concurrency_n10_20260613_002350_kafka_feed7_rep1,kafka,sb-events-n10-feed7-rep1,1,5134,27865408400,aa8f36fc-cb33-4568-b372-7c1c883c17a0,3895052,362,30.166666666666668,4629989888,3895052:aa8f36fc-cb33-4568-b372-7c1c883c17a0,1,False
concurrency_n10_20260613_002350_kafka_feed7_rep1,kafka,sb-events-n10-feed7-rep1,1,5135,27865434100,f6135718-1c31-45cb-893b-113626a17b67,3895121,363,30.25,4630684333,3895121:f6135718-1c31-45cb-893b-113626a17b67,1,False
concurrency_n10_20260613_002350_kafka_feed7_rep1,kafka,sb-events-n10-feed7-rep1,2,5117,27878101900,ad40b95f-3d3b-4c06-94f6-a8ccc28c9854,3895052,363,30.25,4630684333,3895052:ad40b95f-3d3b-4c06-94f6-a8ccc28c9854,1,False
concurrency_n10_20260613_002350_kafka_feed7_rep1,kafka,sb-events-n10-feed7-rep1,1,5136,27878138600,1974342f-bb31-4283-bc10-0840f8cebf69,3895052,363,30.25,4630684333,3895052:1974342f-bb31-4283-bc10-0840f8cebf69,1,False
concurrency_n10_20260613_002350_kafka_feed7_rep1,kafka,sb-events-n10-feed7-rep1,2,5118,27887361700,c113e55e-e19b-4e04-a5ab-a22df4b23459,3895052,363,30.25,4630684333,3895052:c113e55e-e19b-4e04-a5ab-a22df4b23459,1,False
concurrency_n10_20260613_002350_kafka_feed7_rep1,kafka,sb-events-n10-feed7-rep1,1,5137,27894284000,fcafc7bc-afa4-4766-8fc6-ce4a1355cff6,3895134,363,30.25,4630684333,3895134:fcafc7bc-afa4-4766-8fc6-ce4a1355cff6,1,False
concurrency_n10_20260613_002350_kafka_feed7_rep1,kafka,sb-events-n10-feed7-rep1,1,5138,27894326800,57a5e193-63f6-469f-9df6-5e044744d3ae,3895095,364,30.33333333333333,4631378777,3895095:57a5e193-63f6-469f-9df6-5e044744d3ae,1,False
concurrency_n10_20260613_002350_kafka_feed7_rep1,kafka,sb-events-n10-feed7-rep1,1,5139,27894349000,475c8a17-3068-489b-bfc4-5590d9df9115,3895067,364,30.33333333333333,4631378777,3895067:475c8a17-3068-489b-bfc4-5590d9df9115,1,False
concurrency_n10_20260613_002350_kafka_feed7_rep1,kafka,sb-events-n10-feed7-rep1,0,4948,27903147100,7c01b171-f84a-496c-8a7e-a693249c1a76,3895067,364,30.33333333333333,4631378777,3895067:7c01b171-f84a-496c-8a7e-a693249c1a76,1,False
concurrency_n10_20260613_002350_kafka_feed7_rep1,kafka,sb-events-n10-feed7-rep1,2,5119,27915457700,d53c3462-aa56-4d95-ab95-6ee2d4f78636,3895067,364,30.33333333333333,4631378777,3895067:d53c3462-aa56-4d95-ab95-6ee2d4f78636,1,False
concurrency_n10_20260613_002350_kafka_feed7_rep1,kafka,sb-events-n10-feed7-rep1,1,5140,27925735500,c218797c-605e-41c4-815a-49f6c92710a0,3895121,365,30.416666666666668,4632073222,3895121:c218797c-605e-41c4-815a-49f6c92710a0,1,False
concurrency_n10_20260613_002350_kafka_feed7_rep1,kafka,sb-events-n10-feed7-rep1,0,4949,27925777400,aa6ed303-203b-4646-bbbd-87b7c7567e99,3895095,365,30.416666666666668,4632073222,3895095:aa6ed303-203b-4646-bbbd-87b7c7567e99,1,False
concurrency_n10_20260613_002350_kafka_feed7_rep1,kafka,sb-events-n10-feed7-rep1,1,5141,27932642400,8245ac64-0941-4583-8527-e3465503a2d2,3895067,365,30.416666666666668,4632073222,3895067:8245ac64-0941-4583-8527-e3465503a2d2,1,False
concurrency_n10_20260613_002350_kafka_feed7_rep1,kafka,sb-events-n10-feed7-rep1,0,4950,27932687300,f385f689-9a82-413a-8faa-3518eafa39fc,3895067,365,30.416666666666668,4632073222,3895067:f385f689-9a82-413a-8faa-3518eafa39fc,1,False
concurrency_n10_20260613_002350_kafka_feed7_rep1,kafka,sb-events-n10-feed7-rep1,1,5142,27942415800,d92d6a0f-6b31-445d-bb13-06669032372a,3895067,365,30.416666666666668,4632073222,3895067:d92d6a0f-6b31-445d-bb13-06669032372a,1,False
concurrency_n10_20260613_002350_kafka_feed7_rep1,kafka,sb-events-n10-feed7-rep1,1,5143,27946515600,ab665f76-99ca-4836-8208-121ace3a0685,3895052,365,30.416666666666668,4632073222,3895052:ab665f76-99ca-4836-8208-121ace3a0685,1,False
concurrency_n10_20260613_002350_kafka_feed7_rep1,kafka,sb-events-n10-feed7-rep1,0,4951,27961467300,f05ae67b-ba63-4783-95b3-688a540c5078,3895134,365,30.416666666666668,4632073222,3895134:f05ae67b-ba63-4783-95b3-688a540c5078,1,False
concurrency_n10_20260613_002350_kafka_feed7_rep1,kafka,sb-events-n10-feed7-rep1,0,4952,27976829800,83ee5950-879e-4b5b-a3ab-55af02fe066b,3895052,365,30.416666666666668,4632073222,3895052:83ee5950-879e-4b5b-a3ab-55af02fe066b,1,False
concurrency_n10_20260613_002350_kafka_feed7_rep1,kafka,sb-events-n10-feed7-rep1,0,4953,27977014600,abbce176-8471-4308-be88-7b7f67194b90,3895134,365,30.416666666666668,4632073222,3895134:abbce176-8471-4308-be88-7b7f67194b90,1,False
concurrency_n10_20260613_002350_kafka_feed7_rep1,kafka,sb-events-n10-feed7-rep1,2,5120,27990766600,e229d5e9-5dd7-4fde-9e62-25288d6862d7,3895052,365,30.416666666666668,4632073222,3895052:e229d5e9-5dd7-4fde-9e62-25288d6862d7,1,False
concurrency_n10_20260613_002350_kafka_feed7_rep1,kafka,sb-events-n10-feed7-rep1,2,5121,27990815300,803d2e4e-c874-402b-9778-cb7c43eb4c55,3895086,365,30.416666666666668,4632073222,3895086:803d2e4e-c874-402b-9778-cb7c43eb4c55,1,False
concurrency_n10_20260613_002350_kafka_feed7_rep1,kafka,sb-events-n10-feed7-rep1,2,5122,27990846100,8107f240-4dbe-4fe7-ad48-93fca7e8dccd,3895095,366,30.5,4632767666,3895095:8107f240-4dbe-4fe7-ad48-93fca7e8dccd,1,False
concurrency_n10_20260613_002350_kafka_feed7_rep1,kafka,sb-events-n10-feed7-rep1,1,5144,27990866700,9bb8e38d-808c-4dfa-abb7-f24dfebd0f5d,3895095,366,30.5,4632767666,3895095:9bb8e38d-808c-4dfa-abb7-f24dfebd0f5d,1,False
concurrency_n10_20260613_002350_kafka_feed7_rep1,kafka,sb-events-n10-feed7-rep1,2,5123,28000380000,aa3112e8-fe93-4048-bae7-656e1ac9a0f7,3895095,366,30.5,4632767666,3895095:aa3112e8-fe93-4048-bae7-656e1ac9a0f7,1,False
concurrency_n10_20260613_002350_kafka_feed7_rep1,kafka,sb-events-n10-feed7-rep1,1,5145,28010045600,0a81a309-97a3-42d6-91df-5970e7617f64,3895121,366,30.5,4632767666,3895121:0a81a309-97a3-42d6-91df-5970e7617f64,1,False
concurrency_n10_20260613_002350_kafka_feed7_rep1,kafka,sb-events-n10-feed7-rep1,2,5124,28010178100,a08da14c-b402-45bf-a056-0626fa147733,3895121,366,30.5,4632767666,3895121:a08da14c-b402-45bf-a056-0626fa147733,1,False
concurrency_n10_20260613_002350_kafka_feed7_rep1,kafka,sb-events-n10-feed7-rep1,0,4954,28024624700,34f93cf9-a769-4297-a5ff-65410e72d129,3895067,366,30.5,4632767666,3895067:34f93cf9-a769-4297-a5ff-65410e72d129,1,False
concurrency_n10_20260613_002350_kafka_feed7_rep1,kafka,sb-events-n10-feed7-rep1,0,4955,28024666600,f572920c-db84-4f48-babc-194aaa3cac82,3895074,366,30.5,4632767666,3895074:f572920c-db84-4f48-babc-194aaa3cac82,1,False
concurrency_n10_20260613_002350_kafka_feed7_rep1,kafka,sb-events-n10-feed7-rep1,1,5146,28024689400,04a1bfd3-78af-4e6c-b124-35ef8ce074e9,3895086,366,30.5,4632767666,3895086:04a1bfd3-78af-4e6c-b124-35ef8ce074e9,1,False
concurrency_n10_20260613_002350_kafka_feed7_rep1,kafka,sb-events-n10-feed7-rep1,1,5147,28037074100,0303ae29-dbf7-4fd3-b642-97ac481b14b2,3895086,366,30.5,4632767666,3895086:0303ae29-dbf7-4fd3-b642-97ac481b14b2,1,False
concurrency_n10_20260613_002350_kafka_feed7_rep1,kafka,sb-events-n10-feed7-rep1,1,5148,28037168100,25665bb7-e078-4cf2-a78c-6798a1b432b3,3895113,366,30.5,4632767666,3895113:25665bb7-e078-4cf2-a78c-6798a1b432b3,1,False
concurrency_n10_20260613_002350_kafka_feed7_rep1,kafka,sb-events-n10-feed7-rep1,0,4956,28048830900,4dc1fbff-0da5-424f-968b-6758cfc38998,3895095,367,30.58333333333333,4633462111,3895095:4dc1fbff-0da5-424f-968b-6758cfc38998,1,False
concurrency_n10_20260613_002350_kafka_feed7_rep1,kafka,sb-events-n10-feed7-rep1,1,5149,28048880000,77f5dcc3-af4b-4fd8-8f8d-0777b8770ea8,3895095,367,30.58333333333333,4633462111,3895095:77f5dcc3-af4b-4fd8-8f8d-0777b8770ea8,1,False
concurrency_n10_20260613_002350_kafka_feed7_rep1,kafka,sb-events-n10-feed7-rep1,1,5150,28055944500,36ba40fc-787a-418b-ad61-d505ce2c71e5,3895095,367,30.58333333333333,4633462111,3895095:36ba40fc-787a-418b-ad61-d505ce2c71e5,1,False
concurrency_n10_20260613_002350_kafka_feed7_rep1,kafka,sb-events-n10-feed7-rep1,1,5151,28068586900,5a39d9bb-54a4-4e59-a832-18f44f9458c4,3895134,367,30.58333333333333,4633462111,3895134:5a39d9bb-54a4-4e59-a832-18f44f9458c4,1,False
concurrency_n10_20260613_002350_kafka_feed7_rep1,kafka,sb-events-n10-feed7-rep1,2,5125,28079857800,14fdaead-f14c-4958-bcb0-8ea822d3f0a8,3895052,367,30.58333333333333,4633462111,3895052:14fdaead-f14c-4958-bcb0-8ea822d3f0a8,1,False
concurrency_n10_20260613_002350_kafka_feed7_rep1,kafka,sb-events-n10-feed7-rep1,1,5152,28079904200,f2477d52-6b97-4a85-8c6a-3b4e1f186aa9,3895052,367,30.58333333333333,4633462111,3895052:f2477d52-6b97-4a85-8c6a-3b4e1f186aa9,1,False
concurrency_n10_20260613_002350_kafka_feed7_rep1,kafka,sb-events-n10-feed7-rep1,0,4957,28091619400,443e9fed-714c-4727-aa02-cedc2fed2a87,3895052,367,30.58333333333333,4633462111,3895052:443e9fed-714c-4727-aa02-cedc2fed2a87,1,False
concurrency_n10_20260613_002350_kafka_feed7_rep1,kafka,sb-events-n10-feed7-rep1,2,5126,28091659400,9c6bef32-1d99-4f9f-9233-980c0effc9d1,3895113,367,30.58333333333333,4633462111,3895113:9c6bef32-1d99-4f9f-9233-980c0effc9d1,1,False
concurrency_n10_20260613_002350_kafka_feed7_rep1,kafka,sb-events-n10-feed7-rep1,1,5153,28091679500,df0eb700-15c2-427d-a67c-710a8be37b0a,3895052,367,30.58333333333333,4633462111,3895052:df0eb700-15c2-427d-a67c-710a8be37b0a,1,False
concurrency_n10_20260613_002350_kafka_feed7_rep1,kafka,sb-events-n10-feed7-rep1,2,5127,28096439900,e6aaae8f-cc64-4a1e-9ed4-c11813507a32,3895113,367,30.58333333333333,4633462111,3895113:e6aaae8f-cc64-4a1e-9ed4-c11813507a32,1,False
concurrency_n10_20260613_002350_kafka_feed7_rep1,kafka,sb-events-n10-feed7-rep1,1,5154,28096485400,55a8c04b-ceb9-44e3-a929-fddea73ca539,3895121,368,30.666666666666668,4634156555,3895121:55a8c04b-ceb9-44e3-a929-fddea73ca539,1,False
concurrency_n10_20260613_002350_kafka_feed7_rep1,kafka,sb-events-n10-feed7-rep1,0,4958,28100774100,c995df46-c590-45dc-9b8a-77269c43e026,3895067,368,30.666666666666668,4634156555,3895067:c995df46-c590-45dc-9b8a-77269c43e026,1,False
concurrency_n10_20260613_002350_kafka_feed7_rep1,kafka,sb-events-n10-feed7-rep1,0,4959,28113335100,d9a06969-8cbe-4619-ac56-d579d96188fa,3895067,368,30.666666666666668,4634156555,3895067:d9a06969-8cbe-4619-ac56-d579d96188fa,1,False
concurrency_n10_20260613_002350_kafka_feed7_rep1,kafka,sb-events-n10-feed7-rep1,0,4960,28119708600,fc89167c-5a5b-4d70-85dd-0616e064977b,3895074,368,30.666666666666668,4634156555,3895074:fc89167c-5a5b-4d70-85dd-0616e064977b,1,False
concurrency_n10_20260613_002350_kafka_feed7_rep1,kafka,sb-events-n10-feed7-rep1,2,5128,28130423900,85005578-a06a-4bbf-a829-51937d023399,3895067,368,30.666666666666668,4634156555,3895067:85005578-a06a-4bbf-a829-51937d023399,1,False
concurrency_n10_20260613_002350_kafka_feed7_rep1,kafka,sb-events-n10-feed7-rep1,1,5155,28130592000,ff1e7593-114f-40ac-864b-7d9c44a10b48,3895074,368,30.666666666666668,4634156555,3895074:ff1e7593-114f-40ac-864b-7d9c44a10b48,1,False
concurrency_n10_20260613_002350_kafka_feed7_rep1,kafka,sb-events-n10-feed7-rep1,1,5156,28138159400,d8d6b943-1c91-4dbf-8478-a742da56061e,3895067,368,30.666666666666668,4634156555,3895067:d8d6b943-1c91-4dbf-8478-a742da56061e,1,False
concurrency_n10_20260613_002350_kafka_feed7_rep1,kafka,sb-events-n10-feed7-rep1,0,4961,28145742100,a8b15306-09d6-4a4b-8cd3-251a4f8ce9ab,3895074,368,30.666666666666668,4634156555,3895074:a8b15306-09d6-4a4b-8cd3-251a4f8ce9ab,1,False
concurrency_n10_20260613_002350_kafka_feed7_rep1,kafka,sb-events-n10-feed7-rep1,2,5129,28145784800,fe3af60c-cbca-424f-9c90-a1d39d1548e2,3895074,368,30.666666666666668,4634156555,3895074:fe3af60c-cbca-424f-9c90-a1d39d1548e2,1,False
concurrency_n10_20260613_002350_kafka_feed7_rep1,kafka,sb-events-n10-feed7-rep1,2,5130,28145807100,1259faac-d03e-43b5-97b1-14c47407d22b,3895134,368,30.666666666666668,4634156555,3895134:1259faac-d03e-43b5-97b1-14c47407d22b,1,False
concurrency_n10_20260613_002350_kafka_feed7_rep1,kafka,sb-events-n10-feed7-rep1,0,4962,28151889900,8948643b-6692-4135-922f-5d8da3218a49,3895134,368,30.666666666666668,4634156555,3895134:8948643b-6692-4135-922f-5d8da3218a49,1,False
concurrency_n10_20260613_002350_kafka_feed7_rep1,kafka,sb-events-n10-feed7-rep1,0,4963,28158037600,9b1b6a91-9074-4e6b-afbe-bb2972ea26e6,3895052,368,30.666666666666668,4634156555,3895052:9b1b6a91-9074-4e6b-afbe-bb2972ea26e6,1,False
concurrency_n10_20260613_002350_kafka_feed7_rep1,kafka,sb-events-n10-feed7-rep1,1,5157,28182201000,0eaa22f8-78fb-4e26-b068-64a2f91ad649,3895113,368,30.666666666666668,4634156555,3895113:0eaa22f8-78fb-4e26-b068-64a2f91ad649,1,False
concurrency_n10_20260613_002350_kafka_feed7_rep1,kafka,sb-events-n10-feed7-rep1,1,5158,28182249200,d01804e0-7a01-4f45-b5af-c379d27bd346,3895095,369,30.75,4634850999,3895095:d01804e0-7a01-4f45-b5af-c379d27bd346,1,False
concurrency_n10_20260613_002350_kafka_feed7_rep1,kafka,sb-events-n10-feed7-rep1,2,5131,28182273400,5eb7c87e-b040-4122-89a4-8e5c755f3000,3895052,368,30.666666666666668,4634156555,3895052:5eb7c87e-b040-4122-89a4-8e5c755f3000,1,False
concurrency_n10_20260613_002350_kafka_feed7_rep1,kafka,sb-events-n10-feed7-rep1,0,4964,28188342600,1f27409b-0a6d-4107-8ab5-82c6a18e52e3,3895121,369,30.75,4634850999,3895121:1f27409b-0a6d-4107-8ab5-82c6a18e52e3,1,False
concurrency_n10_20260613_002350_kafka_feed7_rep1,kafka,sb-events-n10-feed7-rep1,1,5159,28188382100,62112ae9-9ee5-4686-bf54-53ebb4743c91,3895121,369,30.75,4634850999,3895121:62112ae9-9ee5-4686-bf54-53ebb4743c91,1,False
concurrency_n10_20260613_002350_kafka_feed7_rep1,kafka,sb-events-n10-feed7-rep1,2,5132,28188403400,b709a327-28ff-4614-9d18-f2442ad7f53c,3895095,369,30.75,4634850999,3895095:b709a327-28ff-4614-9d18-f2442ad7f53c,1,False
concurrency_n10_20260613_002350_kafka_feed7_rep1,kafka,sb-events-n10-feed7-rep1,0,4965,28199756400,e02e9d6a-4918-4c04-8e0a-195785fda561,3895052,369,30.75,4634850999,3895052:e02e9d6a-4918-4c04-8e0a-195785fda561,1,False
concurrency_n10_20260613_002350_kafka_feed7_rep1,kafka,sb-events-n10-feed7-rep1,1,5160,28199804300,bce128c2-63ca-463b-811c-cdfd5182984b,3895052,369,30.75,4634850999,3895052:bce128c2-63ca-463b-811c-cdfd5182984b,1,False
concurrency_n10_20260613_002350_kafka_feed7_rep1,kafka,sb-events-n10-feed7-rep1,2,5133,28213062200,fe72babe-e86a-4794-bbe4-f35c4d1e6349,3895095,370,30.83333333333333,4635545444,3895095:fe72babe-e86a-4794-bbe4-f35c4d1e6349,1,False
concurrency_n10_20260613_002350_kafka_feed7_rep1,kafka,sb-events-n10-feed7-rep1,1,5161,28213116900,3bd1382b-ec25-44b9-bba4-68f65f38e751,3895095,370,30.83333333333333,4635545444,3895095:3bd1382b-ec25-44b9-bba4-68f65f38e751,1,False
concurrency_n10_20260613_002350_kafka_feed7_rep1,kafka,sb-events-n10-feed7-rep1,2,5134,28229698600,204e574d-34db-40d4-94fa-5cda08b23cbc,3895067,370,30.83333333333333,4635545444,3895067:204e574d-34db-40d4-94fa-5cda08b23cbc,1,False
concurrency_n10_20260613_002350_kafka_feed7_rep1,kafka,sb-events-n10-feed7-rep1,1,5162,28229740500,7d3ac006-672b-4312-95f9-cbc07e976f43,3895067,370,30.83333333333333,4635545444,3895067:7d3ac006-672b-4312-95f9-cbc07e976f43,1,False
concurrency_n10_20260613_002350_kafka_feed7_rep1,kafka,sb-events-n10-feed7-rep1,1,5163,28229805000,3c418e17-ce78-4e39-be5a-9d5f2124d399,3895134,370,30.83333333333333,4635545444,3895134:3c418e17-ce78-4e39-be5a-9d5f2124d399,1,False
concurrency_n10_20260613_002350_kafka_feed7_rep1,kafka,sb-events-n10-feed7-rep1,2,5135,28237992700,b4c8f2ae-5d72-4df5-ab35-fb6455914eed,3895113,370,30.83333333333333,4635545444,3895113:b4c8f2ae-5d72-4df5-ab35-fb6455914eed,1,False
concurrency_n10_20260613_002350_kafka_feed7_rep1,kafka,sb-events-n10-feed7-rep1,1,5164,28238046700,8306ea5b-2ee8-4812-b799-41913d44b2d0,3895052,370,30.83333333333333,4635545444,3895052:8306ea5b-2ee8-4812-b799-41913d44b2d0,1,False
concurrency_n10_20260613_002350_kafka_feed7_rep1,kafka,sb-events-n10-feed7-rep1,1,5165,28238067200,152aff8a-d807-4461-97c3-32865a36d63f,3895113,370,30.83333333333333,4635545444,3895113:152aff8a-d807-4461-97c3-32865a36d63f,1,False
concurrency_n10_20260613_002350_kafka_feed7_rep1,kafka,sb-events-n10-feed7-rep1,2,5136,28247278700,f1170d94-0863-46a8-8e12-8b316a98432b,3895095,371,30.916666666666668,4636239888,3895095:f1170d94-0863-46a8-8e12-8b316a98432b,1,False
concurrency_n10_20260613_002350_kafka_feed7_rep1,kafka,sb-events-n10-feed7-rep1,1,5166,28247318500,39feeba9-f657-4284-9a2e-72815b563c01,3895113,370,30.83333333333333,4635545444,3895113:39feeba9-f657-4284-9a2e-72815b563c01,1,False
concurrency_n10_20260613_002350_kafka_feed7_rep1,kafka,sb-events-n10-feed7-rep1,2,5137,28254911200,7576cc35-66f1-4ce3-a65f-979215f77c67,3895121,371,30.916666666666668,4636239888,3895121:7576cc35-66f1-4ce3-a65f-979215f77c67,1,False
concurrency_n10_20260613_002350_kafka_feed7_rep1,kafka,sb-events-n10-feed7-rep1,0,4966,28262457200,d76eb5df-841c-4e79-9020-b73bf863e897,3895052,371,30.916666666666668,4636239888,3895052:d76eb5df-841c-4e79-9020-b73bf863e897,1,False
concurrency_n10_20260613_002350_kafka_feed7_rep1,kafka,sb-events-n10-feed7-rep1,2,5138,28262499600,84e9cd8e-063f-4f6c-ae7a-0f906056989b,3895107,371,30.916666666666668,4636239888,3895107:84e9cd8e-063f-4f6c-ae7a-0f906056989b,1,False
concurrency_n10_20260613_002350_kafka_feed7_rep1,kafka,sb-events-n10-feed7-rep1,1,5167,28267852300,3efdf119-7c67-4366-a2cf-4e54a24f96f8,3895052,371,30.916666666666668,4636239888,3895052:3efdf119-7c67-4366-a2cf-4e54a24f96f8,1,False
concurrency_n10_20260613_002350_kafka_feed7_rep1,kafka,sb-events-n10-feed7-rep1,2,5139,28276665000,0483472e-cd7e-4e5a-8f1a-dc09b74ce21f,3895113,371,30.916666666666668,4636239888,3895113:0483472e-cd7e-4e5a-8f1a-dc09b74ce21f,1,False
concurrency_n10_20260613_002350_kafka_feed7_rep1,kafka,sb-events-n10-feed7-rep1,1,5168,28284857800,3be85e6c-5fe5-4dfc-926a-90e392d0a086,3895121,372,31.0,4636934333,3895121:3be85e6c-5fe5-4dfc-926a-90e392d0a086,1,False
concurrency_n10_20260613_002350_kafka_feed7_rep1,kafka,sb-events-n10-feed7-rep1,2,5140,28284905900,7d3b7788-c771-449e-ad3a-12360e46a4c4,3895121,372,31.0,4636934333,3895121:7d3b7788-c771-449e-ad3a-12360e46a4c4,1,False
concurrency_n10_20260613_002350_kafka_feed7_rep1,kafka,sb-events-n10-feed7-rep1,0,4967,28296539800,c8e696c5-b876-4ccd-917f-129521836d12,3895134,372,31.0,4636934333,3895134:c8e696c5-b876-4ccd-917f-129521836d12,1,False
concurrency_n10_20260613_002350_kafka_feed7_rep1,kafka,sb-events-n10-feed7-rep1,1,5169,28308161400,a432244a-6ede-4833-90cc-620689485588,3895107,373,31.08333333333333,4637628777,3895107:a432244a-6ede-4833-90cc-620689485588,1,False
concurrency_n10_20260613_002350_kafka_feed7_rep1,kafka,sb-events-n10-feed7-rep1,0,4968,28308203000,27e18532-359f-4d29-9b28-7df1a5a5619d,3895107,373,31.08333333333333,4637628777,3895107:27e18532-359f-4d29-9b28-7df1a5a5619d,1,False
concurrency_n10_20260613_002350_kafka_feed7_rep1,kafka,sb-events-n10-feed7-rep1,1,5170,28316533500,ae766697-ad65-49b6-bae1-5920f12dc43f,3895086,373,31.08333333333333,4637628777,3895086:ae766697-ad65-49b6-bae1-5920f12dc43f,1,False
concurrency_n10_20260613_002350_kafka_feed7_rep1,kafka,sb-events-n10-feed7-rep1,0,4969,28316579400,9787df06-a760-4a42-8107-9ec47dac2ad1,3895067,373,31.08333333333333,4637628777,3895067:9787df06-a760-4a42-8107-9ec47dac2ad1,1,False
concurrency_n10_20260613_002350_kafka_feed7_rep1,kafka,sb-events-n10-feed7-rep1,0,4970,28316601300,575ff48f-f5c0-4ec6-b255-f2975970d0ea,3895113,373,31.08333333333333,4637628777,3895113:575ff48f-f5c0-4ec6-b255-f2975970d0ea,1,False
concurrency_n10_20260613_002350_kafka_feed7_rep1,kafka,sb-events-n10-feed7-rep1,1,5171,28325730700,e9de532e-6005-45b0-8aef-bb9bb28912b0,3895113,373,31.08333333333333,4637628777,3895113:e9de532e-6005-45b0-8aef-bb9bb28912b0,1,False
concurrency_n10_20260613_002350_kafka_feed7_rep1,kafka,sb-events-n10-feed7-rep1,1,5172,28332240000,0c5aa890-9827-4b09-9ebb-27c2ca83205c,3895107,374,31.166666666666668,4638323222,3895107:0c5aa890-9827-4b09-9ebb-27c2ca83205c,1,False
concurrency_n10_20260613_002350_kafka_feed7_rep1,kafka,sb-events-n10-feed7-rep1,1,5173,28332288800,33681808-32b7-47da-88fa-7434628fa1a2,3895086,374,31.166666666666668,4638323222,3895086:33681808-32b7-47da-88fa-7434628fa1a2,1,False
concurrency_n10_20260613_002350_kafka_feed7_rep1,kafka,sb-events-n10-feed7-rep1,2,5141,28341240500,5c23e675-6816-462e-acb2-711fe091e3da,3895086,374,31.166666666666668,4638323222,3895086:5c23e675-6816-462e-acb2-711fe091e3da,1,False
concurrency_n10_20260613_002350_kafka_feed7_rep1,kafka,sb-events-n10-feed7-rep1,1,5174,28341282300,b78a3204-6ab6-4642-9eb6-2bc2e4bf9a73,3895052,374,31.166666666666668,4638323222,3895052:b78a3204-6ab6-4642-9eb6-2bc2e4bf9a73,1,False
concurrency_n10_20260613_002350_kafka_feed7_rep1,kafka,sb-events-n10-feed7-rep1,2,5142,28344549900,6c1d23ce-be9b-4866-bccb-854ee532fb3d,3895067,375,31.25,4639017666,3895067:6c1d23ce-be9b-4866-bccb-854ee532fb3d,1,False
concurrency_n10_20260613_002350_kafka_feed7_rep1,kafka,sb-events-n10-feed7-rep1,0,4971,28353361600,061c3913-067e-4698-b63c-f66a3c8c64ee,3895107,375,31.25,4639017666,3895107:061c3913-067e-4698-b63c-f66a3c8c64ee,1,False
concurrency_n10_20260613_002350_kafka_feed7_rep1,kafka,sb-events-n10-feed7-rep1,1,5175,28360730700,568eb077-cf97-494c-af52-59ba9164402d,3895067,375,31.25,4639017666,3895067:568eb077-cf97-494c-af52-59ba9164402d,1,False
concurrency_n10_20260613_002350_kafka_feed7_rep1,kafka,sb-events-n10-feed7-rep1,1,5176,28360771800,ba0a37e4-b38f-4e81-8a4f-98e71b0bc5e7,3895107,375,31.25,4639017666,3895107:ba0a37e4-b38f-4e81-8a4f-98e71b0bc5e7,1,False
concurrency_n10_20260613_002350_kafka_feed7_rep1,kafka,sb-events-n10-feed7-rep1,1,5177,28370721700,6ca3928a-82e7-4b03-9076-67c1e61bb075,3895067,375,31.25,4639017666,3895067:6ca3928a-82e7-4b03-9076-67c1e61bb075,1,False
concurrency_n10_20260613_002350_kafka_feed7_rep1,kafka,sb-events-n10-feed7-rep1,0,4972,28381042100,d094bab6-9af3-4019-b796-acb694feee23,3895086,375,31.25,4639017666,3895086:d094bab6-9af3-4019-b796-acb694feee23,1,False
concurrency_n10_20260613_002350_kafka_feed7_rep1,kafka,sb-events-n10-feed7-rep1,1,5178,28381083400,d55c297a-ef77-40d2-bdef-fe4c2d5ff8f5,3895052,375,31.25,4639017666,3895052:d55c297a-ef77-40d2-bdef-fe4c2d5ff8f5,1,False
concurrency_n10_20260613_002350_kafka_feed7_rep1,kafka,sb-events-n10-feed7-rep1,1,5179,28381106500,ee06c457-f476-4846-8968-0649e3b5dd0f,3895052,375,31.25,4639017666,3895052:ee06c457-f476-4846-8968-0649e3b5dd0f,1,False
concurrency_n10_20260613_002350_kafka_feed7_rep1,kafka,sb-events-n10-feed7-rep1,2,5143,28387693800,9437504d-c0a0-474b-9e44-feea20992a62,3895121,376,31.33333333333333,4639712111,3895121:9437504d-c0a0-474b-9e44-feea20992a62,1,False
concurrency_n10_20260613_002350_kafka_feed7_rep1,kafka,sb-events-n10-feed7-rep1,2,5144,28395608600,c18ac918-c617-4f00-b87c-403624147fb8,3895107,376,31.33333333333333,4639712111,3895107:c18ac918-c617-4f00-b87c-403624147fb8,1,False
concurrency_n10_20260613_002350_kafka_feed7_rep1,kafka,sb-events-n10-feed7-rep1,2,5145,28395758800,65b895ef-96be-4ad6-b00e-076d20c564ce,3895067,376,31.33333333333333,4639712111,3895067:65b895ef-96be-4ad6-b00e-076d20c564ce,1,False
concurrency_n10_20260613_002350_kafka_feed7_rep1,kafka,sb-events-n10-feed7-rep1,1,5180,28402015600,d7078048-5cc3-461c-bcd6-06760fa990ab,3895107,376,31.33333333333333,4639712111,3895107:d7078048-5cc3-461c-bcd6-06760fa990ab,1,False
concurrency_n10_20260613_002350_kafka_feed7_rep1,kafka,sb-events-n10-feed7-rep1,0,4973,28408028900,32d454a5-ba2d-49f5-a42b-7b2806ca8e6b,3895052,376,31.33333333333333,4639712111,3895052:32d454a5-ba2d-49f5-a42b-7b2806ca8e6b,1,False
concurrency_n10_20260613_002350_kafka_feed7_rep1,kafka,sb-events-n10-feed7-rep1,1,5181,28408076500,442ecd9b-b058-493d-a185-adba5be4b1ed,3895086,376,31.33333333333333,4639712111,3895086:442ecd9b-b058-493d-a185-adba5be4b1ed,1,False
concurrency_n10_20260613_002350_kafka_feed7_rep1,kafka,sb-events-n10-feed7-rep1,1,5182,28415035500,e1f28eb5-3ef3-4c6c-a752-eb0a280e3a24,3895086,376,31.33333333333333,4639712111,3895086:e1f28eb5-3ef3-4c6c-a752-eb0a280e3a24,1,False
concurrency_n10_20260613_002350_kafka_feed7_rep1,kafka,sb-events-n10-feed7-rep1,1,5183,28419533100,6681da7c-cc5c-41c1-b23d-fc62cceccbc2,3895052,376,31.33333333333333,4639712111,3895052:6681da7c-cc5c-41c1-b23d-fc62cceccbc2,1,False
concurrency_n10_20260613_002350_kafka_feed7_rep1,kafka,sb-events-n10-feed7-rep1,2,5146,28426150700,fa1927b2-339a-4ef8-8b6a-2f5de1f71daf,3895113,376,31.33333333333333,4639712111,3895113:fa1927b2-339a-4ef8-8b6a-2f5de1f71daf,1,False
concurrency_n10_20260613_002350_kafka_feed7_rep1,kafka,sb-events-n10-feed7-rep1,1,5184,28426210900,aabe6e96-8a94-4505-bd78-fe17b48ce9c6,3895121,377,31.416666666666668,4640406555,3895121:aabe6e96-8a94-4505-bd78-fe17b48ce9c6,1,False
concurrency_n10_20260613_002350_kafka_feed7_rep1,kafka,sb-events-n10-feed7-rep1,2,5147,28436763900,230329e4-9e13-415a-820f-a078f323f452,3895121,377,31.416666666666668,4640406555,3895121:230329e4-9e13-415a-820f-a078f323f452,1,False
concurrency_n10_20260613_002350_kafka_feed7_rep1,kafka,sb-events-n10-feed7-rep1,1,5185,28449690900,d6e685f5-a088-489f-b6e9-9f471c09dde8,3895067,377,31.416666666666668,4640406555,3895067:d6e685f5-a088-489f-b6e9-9f471c09dde8,1,False
concurrency_n10_20260613_002350_kafka_feed7_rep1,kafka,sb-events-n10-feed7-rep1,2,5148,28449743200,aaa94f43-a792-4f91-9db5-921f55154d90,3895107,377,31.416666666666668,4640406555,3895107:aaa94f43-a792-4f91-9db5-921f55154d90,1,False
concurrency_n10_20260613_002350_kafka_feed7_rep1,kafka,sb-events-n10-feed7-rep1,0,4974,28463471400,7c6d7faf-6ac6-4e49-bdff-6026e02b027a,3895067,377,31.416666666666668,4640406555,3895067:7c6d7faf-6ac6-4e49-bdff-6026e02b027a,1,False
concurrency_n10_20260613_002350_kafka_feed7_rep1,kafka,sb-events-n10-feed7-rep1,0,4975,28463515900,3f7f838c-e47e-4d2e-93bc-549dc3dbc775,3895052,377,31.416666666666668,4640406555,3895052:3f7f838c-e47e-4d2e-93bc-549dc3dbc775,1,False
concurrency_n10_20260613_002350_kafka_feed7_rep1,kafka,sb-events-n10-feed7-rep1,1,5186,28463539200,991c0af9-25d4-468d-a1a0-6f1b20f0b85e,3895086,377,31.416666666666668,4640406555,3895086:991c0af9-25d4-468d-a1a0-6f1b20f0b85e,1,False
concurrency_n10_20260613_002350_kafka_feed7_rep1,kafka,sb-events-n10-feed7-rep1,2,5149,28463561500,8f89cecc-9842-4def-ac58-32cc319a3131,3895107,377,31.416666666666668,4640406555,3895107:8f89cecc-9842-4def-ac58-32cc319a3131,1,False
concurrency_n10_20260613_002350_kafka_feed7_rep1,kafka,sb-events-n10-feed7-rep1,1,5187,28468886500,f3f77fb1-7eaf-432e-ba4b-b3bdff74804e,3895052,377,31.416666666666668,4640406555,3895052:f3f77fb1-7eaf-432e-ba4b-b3bdff74804e,1,False
concurrency_n10_20260613_002350_kafka_feed7_rep1,kafka,sb-events-n10-feed7-rep1,2,5150,28475243600,590098bb-37c4-4067-86ac-6d460256bd31,3895113,377,31.416666666666668,4640406555,3895113:590098bb-37c4-4067-86ac-6d460256bd31,1,False
concurrency_n10_20260613_002350_kafka_feed7_rep1,kafka,sb-events-n10-feed7-rep1,0,4976,28485754200,7d91748a-a8c0-4477-99bc-440edfb98b20,3895113,377,31.416666666666668,4640406555,3895113:7d91748a-a8c0-4477-99bc-440edfb98b20,1,False
concurrency_n10_20260613_002350_kafka_feed7_rep1,kafka,sb-events-n10-feed7-rep1,2,5151,28485794200,9a05f952-fad6-448f-962b-13792edab926,3895113,377,31.416666666666668,4640406555,3895113:9a05f952-fad6-448f-962b-13792edab926,1,False
concurrency_n10_20260613_002350_kafka_feed7_rep1,kafka,sb-events-n10-feed7-rep1,1,5188,28497644300,7448eaa1-612b-4cb4-b416-a38ea6981484,3895086,378,31.5,4641101000,3895086:7448eaa1-612b-4cb4-b416-a38ea6981484,1,False
concurrency_n10_20260613_002350_kafka_feed7_rep1,kafka,sb-events-n10-feed7-rep1,2,5152,28497724900,d0a1177b-9349-4efc-b4e7-78f18457f2fe,3895086,378,31.5,4641101000,3895086:d0a1177b-9349-4efc-b4e7-78f18457f2fe,1,False
concurrency_n10_20260613_002350_kafka_feed7_rep1,kafka,sb-events-n10-feed7-rep1,0,4977,28506871300,2519917b-2ff0-4fc2-b58e-8a3860da7a18,3895052,378,31.5,4641101000,3895052:2519917b-2ff0-4fc2-b58e-8a3860da7a18,1,False
concurrency_n10_20260613_002350_kafka_feed7_rep1,kafka,sb-events-n10-feed7-rep1,1,5189,28506914700,a2175056-51b9-40fc-b6b0-3161b7c9498c,3895086,378,31.5,4641101000,3895086:a2175056-51b9-40fc-b6b0-3161b7c9498c,1,False
concurrency_n10_20260613_002350_kafka_feed7_rep1,kafka,sb-events-n10-feed7-rep1,2,5153,28506935600,4c982c50-0315-4cdb-b6ab-133d786710bc,3895052,378,31.5,4641101000,3895052:4c982c50-0315-4cdb-b6ab-133d786710bc,1,False
concurrency_n10_20260613_002350_kafka_feed7_rep1,kafka,sb-events-n10-feed7-rep1,1,5190,28511584900,d5d337e5-d809-4c24-8963-59a487ccf605,3895052,378,31.5,4641101000,3895052:d5d337e5-d809-4c24-8963-59a487ccf605,1,False
concurrency_n10_20260613_002350_kafka_feed7_rep1,kafka,sb-events-n10-feed7-rep1,1,5191,28517555100,02330919-0123-4c31-bb82-dbf24e80b2fe,3895113,378,31.5,4641101000,3895113:02330919-0123-4c31-bb82-dbf24e80b2fe,1,False
concurrency_n10_20260613_002350_kafka_feed7_rep1,kafka,sb-events-n10-feed7-rep1,0,4978,28525578900,e56bd21d-9796-483c-91b0-82d30dfd5d8d,3895113,378,31.5,4641101000,3895113:e56bd21d-9796-483c-91b0-82d30dfd5d8d,1,False
concurrency_n10_20260613_002350_kafka_feed7_rep1,kafka,sb-events-n10-feed7-rep1,2,5154,28531192000,5899ac0e-8bcb-45bd-93e3-86b044273dce,3895121,379,31.58333333333333,4641795444,3895121:5899ac0e-8bcb-45bd-93e3-86b044273dce,1,False
concurrency_n10_20260613_002350_kafka_feed7_rep1,kafka,sb-events-n10-feed7-rep1,2,5155,28537077500,7596e4ad-6504-4da3-9c61-e8c7fa6c7b0a,3895067,379,31.58333333333333,4641795444,3895067:7596e4ad-6504-4da3-9c61-e8c7fa6c7b0a,1,False
concurrency_n10_20260613_002350_kafka_feed7_rep1,kafka,sb-events-n10-feed7-rep1,2,5156,28544216300,9686a8ab-7240-4d0f-8250-2753060324c8,3895107,379,31.58333333333333,4641795444,3895107:9686a8ab-7240-4d0f-8250-2753060324c8,1,False
concurrency_n10_20260613_002350_kafka_feed7_rep1,kafka,sb-events-n10-feed7-rep1,2,5157,28552595500,b7791d0f-3499-4f4c-a33d-6836c0f911e0,3895086,379,31.58333333333333,4641795444,3895086:b7791d0f-3499-4f4c-a33d-6836c0f911e0,1,False
concurrency_n10_20260613_002350_kafka_feed7_rep1,kafka,sb-events-n10-feed7-rep1,1,5192,28560539100,e3330d89-e532-4687-8931-3a3944d47df8,3895121,380,31.666666666666668,4642489888,3895121:e3330d89-e532-4687-8931-3a3944d47df8,1,False
concurrency_n10_20260613_002350_kafka_feed7_rep1,kafka,sb-events-n10-feed7-rep1,2,5158,28560665800,24f1c999-2f56-4965-9d3d-35e233032adc,3895121,380,31.666666666666668,4642489888,3895121:24f1c999-2f56-4965-9d3d-35e233032adc,1,False
concurrency_n10_20260613_002350_kafka_feed7_rep1,kafka,sb-events-n10-feed7-rep1,1,5193,28573932600,6b464c46-1236-4cf5-81d2-a4b23806f5c5,3895067,380,31.666666666666668,4642489888,3895067:6b464c46-1236-4cf5-81d2-a4b23806f5c5,1,False
concurrency_n10_20260613_002350_kafka_feed7_rep1,kafka,sb-events-n10-feed7-rep1,1,5194,28574022100,85df73b8-c6dd-46c7-a9bc-3865609e285c,3895107,380,31.666666666666668,4642489888,3895107:85df73b8-c6dd-46c7-a9bc-3865609e285c,1,False
concurrency_n10_20260613_002350_kafka_feed7_rep1,kafka,sb-events-n10-feed7-rep1,0,4979,28580677200,b1365bce-58eb-4d21-8011-9d628879127e,3895067,380,31.666666666666668,4642489888,3895067:b1365bce-58eb-4d21-8011-9d628879127e,1,False
concurrency_n10_20260613_002350_kafka_feed7_rep1,kafka,sb-events-n10-feed7-rep1,0,4980,28580732900,779856e2-33da-4aff-91b8-9be497159f00,3895107,380,31.666666666666668,4642489888,3895107:779856e2-33da-4aff-91b8-9be497159f00,1,False
concurrency_n10_20260613_002350_kafka_feed7_rep1,kafka,sb-events-n10-feed7-rep1,0,4981,28580835400,d6468d36-c2f2-45b8-b0a6-357efadab24a,3895086,380,31.666666666666668,4642489888,3895086:d6468d36-c2f2-45b8-b0a6-357efadab24a,1,False
concurrency_n10_20260613_002350_kafka_feed7_rep1,kafka,sb-events-n10-feed7-rep1,1,5195,28584888700,b8e00e85-579c-4970-9759-fea3ab966db3,3895052,380,31.666666666666668,4642489888,3895052:b8e00e85-579c-4970-9759-fea3ab966db3,1,False
concurrency_n10_20260613_002350_kafka_feed7_rep1,kafka,sb-events-n10-feed7-rep1,1,5196,28595751800,359a2c08-360b-4501-ad2f-1a2012bd0999,3895086,380,31.666666666666668,4642489888,3895086:359a2c08-360b-4501-ad2f-1a2012bd0999,1,False
concurrency_n10_20260613_002350_kafka_feed7_rep1,kafka,sb-events-n10-feed7-rep1,1,5197,28608024400,9a1a7780-275f-4921-9392-19bfe015d7c8,3895086,380,31.666666666666668,4642489888,3895086:9a1a7780-275f-4921-9392-19bfe015d7c8,1,False
concurrency_n10_20260613_002350_kafka_feed7_rep1,kafka,sb-events-n10-feed7-rep1,2,5159,28616169600,109eceab-23c5-4031-a8b4-ee687b8db372,3895086,380,31.666666666666668,4642489888,3895086:109eceab-23c5-4031-a8b4-ee687b8db372,1,False
concurrency_n10_20260613_002350_kafka_feed7_rep1,kafka,sb-events-n10-feed7-rep1,1,5198,28616213200,8252e5c2-5564-4b4d-9b1c-789c1f432266,3895086,380,31.666666666666668,4642489888,3895086:8252e5c2-5564-4b4d-9b1c-789c1f432266,1,False
concurrency_n10_20260613_002350_kafka_feed7_rep1,kafka,sb-events-n10-feed7-rep1,2,5160,28633007700,b637f60b-261b-4f76-9c73-11dd9ecb679c,3895086,380,31.666666666666668,4642489888,3895086:b637f60b-261b-4f76-9c73-11dd9ecb679c,1,False
concurrency_n10_20260613_002350_kafka_feed7_rep1,kafka,sb-events-n10-feed7-rep1,0,4982,28643644800,789b47e3-c531-4a6d-946d-2f1f9d2b884c,3895121,381,31.75,4643184333,3895121:789b47e3-c531-4a6d-946d-2f1f9d2b884c,1,False
concurrency_n10_20260613_002350_kafka_feed7_rep1,kafka,sb-events-n10-feed7-rep1,1,5199,28643698600,86385026-af11-48d5-9b14-e73738435175,3895086,380,31.666666666666668,4642489888,3895086:86385026-af11-48d5-9b14-e73738435175,1,False
concurrency_n10_20260613_002350_kafka_feed7_rep1,kafka,sb-events-n10-feed7-rep1,1,5200,28643740000,fe767c75-6544-41ed-b908-41181829a6de,3895113,380,31.666666666666668,4642489888,3895113:fe767c75-6544-41ed-b908-41181829a6de,1,False
concurrency_n10_20260613_002350_kafka_feed7_rep1,kafka,sb-events-n10-feed7-rep1,2,5161,28658921100,bc32fc0f-eb52-421a-ab2e-ac7b606c85ea,3895067,381,31.75,4643184333,3895067:bc32fc0f-eb52-421a-ab2e-ac7b606c85ea,1,False
concurrency_n10_20260613_002350_kafka_feed7_rep1,kafka,sb-events-n10-feed7-rep1,2,5162,28659247700,8f4ba858-ef2e-4d50-a7a7-dd1970021b0e,3895107,381,31.75,4643184333,3895107:8f4ba858-ef2e-4d50-a7a7-dd1970021b0e,1,False
concurrency_n10_20260613_002350_kafka_feed7_rep1,kafka,sb-events-n10-feed7-rep1,0,4983,28673627800,3eb22506-89d4-4230-96f4-0cc90241b0ef,3895052,381,31.75,4643184333,3895052:3eb22506-89d4-4230-96f4-0cc90241b0ef,1,False
concurrency_n10_20260613_002350_kafka_feed7_rep1,kafka,sb-events-n10-feed7-rep1,1,5201,28673665800,b0c2b5d7-470f-45bd-9bd9-20049682c523,3895052,381,31.75,4643184333,3895052:b0c2b5d7-470f-45bd-9bd9-20049682c523,1,False
concurrency_n10_20260613_002350_kafka_feed7_rep1,kafka,sb-events-n10-feed7-rep1,2,5163,28673686300,9d569410-c32d-4ef8-abb5-bf329a7549ee,3895052,381,31.75,4643184333,3895052:9d569410-c32d-4ef8-abb5-bf329a7549ee,1,False
concurrency_n10_20260613_002350_kafka_feed7_rep1,kafka,sb-events-n10-feed7-rep1,2,5164,28681359500,1d0e6433-63c4-4036-8f9e-1d35cd3112c9,3895086,381,31.75,4643184333,3895086:1d0e6433-63c4-4036-8f9e-1d35cd3112c9,1,False
concurrency_n10_20260613_002350_kafka_feed7_rep1,kafka,sb-events-n10-feed7-rep1,0,4984,28692735400,dec15ef0-188b-4ef5-b99c-f007a3e7108f,3895113,381,31.75,4643184333,3895113:dec15ef0-188b-4ef5-b99c-f007a3e7108f,1,False
concurrency_n10_20260613_002350_kafka_feed7_rep1,kafka,sb-events-n10-feed7-rep1,1,5202,28692778700,6bfcc356-4a43-47bb-afa3-4f4a6d8e8335,3895113,381,31.75,4643184333,3895113:6bfcc356-4a43-47bb-afa3-4f4a6d8e8335,1,False
concurrency_n10_20260613_002350_kafka_feed7_rep1,kafka,sb-events-n10-feed7-rep1,2,5165,28706805800,80de728d-2acf-446e-8dbd-3dceca0d4358,3895113,381,31.75,4643184333,3895113:80de728d-2acf-446e-8dbd-3dceca0d4358,1,False
concurrency_n10_20260613_002350_kafka_feed7_rep1,kafka,sb-events-n10-feed7-rep1,0,4985,28706846800,abc116d6-2574-4059-8184-bb2816b5da18,3895121,382,31.83333333333333,4643878777,3895121:abc116d6-2574-4059-8184-bb2816b5da18,1,False
concurrency_n10_20260613_002350_kafka_feed7_rep1,kafka,sb-events-n10-feed7-rep1,2,5166,28710429500,b4509a2d-3999-4e18-a2d0-b16116243586,3895107,382,31.83333333333333,4643878777,3895107:b4509a2d-3999-4e18-a2d0-b16116243586,1,False
concurrency_n10_20260613_002350_kafka_feed7_rep1,kafka,sb-events-n10-feed7-rep1,2,5167,28718024900,9479f33e-c3f7-4fbb-9fda-bf07a4973ec6,3895107,382,31.83333333333333,4643878777,3895107:9479f33e-c3f7-4fbb-9fda-bf07a4973ec6,1,False
concurrency_n10_20260613_002350_kafka_feed7_rep1,kafka,sb-events-n10-feed7-rep1,2,5168,28725751800,4aaa9c64-42b1-478f-8552-3f14a1caef3d,3895052,382,31.83333333333333,4643878777,3895052:4aaa9c64-42b1-478f-8552-3f14a1caef3d,1,False
concurrency_n10_20260613_002350_kafka_feed7_rep1,kafka,sb-events-n10-feed7-rep1,2,5169,28735533200,57c14534-6b1c-47a6-8cef-093f2f0b1959,3895086,382,31.83333333333333,4643878777,3895086:57c14534-6b1c-47a6-8cef-093f2f0b1959,1,False
concurrency_n10_20260613_002350_kafka_feed7_rep1,kafka,sb-events-n10-feed7-rep1,2,5170,28735573800,6bd96cc5-01fb-495e-b8c0-65d4569b226d,3895121,383,31.916666666666668,4644573222,3895121:6bd96cc5-01fb-495e-b8c0-65d4569b226d,1,False
concurrency_n10_20260613_002350_kafka_feed7_rep1,kafka,sb-events-n10-feed7-rep1,2,5171,28741897100,30e632ae-c052-489d-bae6-df407b8ad4dc,3895121,383,31.916666666666668,4644573222,3895121:30e632ae-c052-489d-bae6-df407b8ad4dc,1,False
concurrency_n10_20260613_002350_kafka_feed7_rep1,kafka,sb-events-n10-feed7-rep1,1,5203,28754327600,62806dfc-9062-42c8-9fe6-0f5bd08f7636,3895107,383,31.916666666666668,4644573222,3895107:62806dfc-9062-42c8-9fe6-0f5bd08f7636,1,False
concurrency_n10_20260613_002350_kafka_feed7_rep1,kafka,sb-events-n10-feed7-rep1,2,5172,28754532600,8822e06a-c5f5-4306-aef8-2fef2318b77e,3895052,383,31.916666666666668,4644573222,3895052:8822e06a-c5f5-4306-aef8-2fef2318b77e,1,False
concurrency_n10_20260613_002350_kafka_feed7_rep1,kafka,sb-events-n10-feed7-rep1,2,5173,28754568000,bc3e5394-92ad-4eb2-bcf9-454d8336659c,3895052,383,31.916666666666668,4644573222,3895052:bc3e5394-92ad-4eb2-bcf9-454d8336659c,1,False
concurrency_n10_20260613_002350_kafka_feed7_rep1,kafka,sb-events-n10-feed7-rep1,0,4986,28765104000,d7822cd2-fdac-450d-b3f2-283caa6bdf26,3895086,383,31.916666666666668,4644573222,3895086:d7822cd2-fdac-450d-b3f2-283caa6bdf26,1,False
concurrency_n10_20260613_002350_kafka_feed7_rep1,kafka,sb-events-n10-feed7-rep1,2,5174,28765186900,6e2e22f4-22db-4b95-970b-bf4b2e6b82d0,3895086,383,31.916666666666668,4644573222,3895086:6e2e22f4-22db-4b95-970b-bf4b2e6b82d0,1,False
concurrency_n10_20260613_002350_kafka_feed7_rep1,kafka,sb-events-n10-feed7-rep1,1,5204,28777099300,d9fe49c7-cb84-47b9-9d26-fccdf7bba1a0,3895086,383,31.916666666666668,4644573222,3895086:d9fe49c7-cb84-47b9-9d26-fccdf7bba1a0,1,False
concurrency_n10_20260613_002350_kafka_feed7_rep1,kafka,sb-events-n10-feed7-rep1,0,4987,28777140100,14a7b19f-e345-455f-befd-96115a6915de,3895113,383,31.916666666666668,4644573222,3895113:14a7b19f-e345-455f-befd-96115a6915de,1,False
concurrency_n10_20260613_002350_kafka_feed7_rep1,kafka,sb-events-n10-feed7-rep1,0,4988,28777161000,0c9b10fe-6d4a-4c2b-b4ca-5b0fe6d7068c,3895086,383,31.916666666666668,4644573222,3895086:0c9b10fe-6d4a-4c2b-b4ca-5b0fe6d7068c,1,False
concurrency_n10_20260613_002350_kafka_feed7_rep1,kafka,sb-events-n10-feed7-rep1,2,5175,28783780700,44617c92-4042-4afd-9202-dd98ef11fec0,3895113,383,31.916666666666668,4644573222,3895113:44617c92-4042-4afd-9202-dd98ef11fec0,1,False
concurrency_n10_20260613_002350_kafka_feed7_rep1,kafka,sb-events-n10-feed7-rep1,0,4989,28792106700,592a7739-85c0-4889-861b-99c4c837ff10,3895086,383,31.916666666666668,4644573222,3895086:592a7739-85c0-4889-861b-99c4c837ff10,1,False
concurrency_n10_20260613_002350_kafka_feed7_rep1,kafka,sb-events-n10-feed7-rep1,2,5176,28792147000,98cd3e1a-bdbc-4452-801b-2be9fc5ab06b,3895086,383,31.916666666666668,4644573222,3895086:98cd3e1a-bdbc-4452-801b-2be9fc5ab06b,1,False
concurrency_n10_20260613_002350_kafka_feed7_rep1,kafka,sb-events-n10-feed7-rep1,0,4990,28799647000,66dba0a8-2afe-4c4c-92ad-e1a6cd71fd03,3895067,384,32.0,4645267666,3895067:66dba0a8-2afe-4c4c-92ad-e1a6cd71fd03,1,False
concurrency_n10_20260613_002350_kafka_feed7_rep1,kafka,sb-events-n10-feed7-rep1,2,5177,28799699500,b394cbaf-5f9a-4d18-9411-8d7cb7448c79,3895121,384,32.0,4645267666,3895121:b394cbaf-5f9a-4d18-9411-8d7cb7448c79,1,False
concurrency_n10_20260613_002350_kafka_feed7_rep1,kafka,sb-events-n10-feed7-rep1,0,4991,28806506700,12e42bd5-320d-40e8-ad89-d42c0a1dae0a,3895107,384,32.0,4645267666,3895107:12e42bd5-320d-40e8-ad89-d42c0a1dae0a,1,False
concurrency_n10_20260613_002350_kafka_feed7_rep1,kafka,sb-events-n10-feed7-rep1,2,5178,28806547100,a5226e29-3065-48df-b321-a36cac911c21,3895067,384,32.0,4645267666,3895067:a5226e29-3065-48df-b321-a36cac911c21,1,False
concurrency_n10_20260613_002350_kafka_feed7_rep1,kafka,sb-events-n10-feed7-rep1,2,5179,28815416800,6ccc1db9-5a31-4dea-910a-977754782773,3895107,384,32.0,4645267666,3895107:6ccc1db9-5a31-4dea-910a-977754782773,1,False
concurrency_n10_20260613_002350_kafka_feed7_rep1,kafka,sb-events-n10-feed7-rep1,0,4992,28821300300,2c83987b-bf65-401d-9e27-d9f54ba652ad,3895107,384,32.0,4645267666,3895107:2c83987b-bf65-401d-9e27-d9f54ba652ad,1,False
concurrency_n10_20260613_002350_kafka_feed7_rep1,kafka,sb-events-n10-feed7-rep1,2,5180,28834148300,e4fc3ae0-4ab9-410d-94a0-32504edb24fd,3895052,384,32.0,4645267666,3895052:e4fc3ae0-4ab9-410d-94a0-32504edb24fd,1,False
concurrency_n10_20260613_002350_kafka_feed7_rep1,kafka,sb-events-n10-feed7-rep1,0,4993,28834190400,9e91c070-24d3-4fe7-949f-83e113f520ec,3895052,384,32.0,4645267666,3895052:9e91c070-24d3-4fe7-949f-83e113f520ec,1,False
concurrency_n10_20260613_002350_kafka_feed7_rep1,kafka,sb-events-n10-feed7-rep1,0,4994,28843963500,49d4f100-098b-4654-82c5-780c8126e40b,3895121,385,32.083333333333336,4645962111,3895121:49d4f100-098b-4654-82c5-780c8126e40b,1,False
concurrency_n10_20260613_002350_kafka_feed7_rep1,kafka,sb-events-n10-feed7-rep1,1,5205,28858429100,9f35d52f-bd21-46a3-b4b5-6c4043b57c87,3895121,385,32.083333333333336,4645962111,3895121:9f35d52f-bd21-46a3-b4b5-6c4043b57c87,1,False
concurrency_n10_20260613_002350_kafka_feed7_rep1,kafka,sb-events-n10-feed7-rep1,2,5181,28858576700,829aae74-41b8-4d04-9794-6e6620d40ca9,3895107,385,32.083333333333336,4645962111,3895107:829aae74-41b8-4d04-9794-6e6620d40ca9,1,False
concurrency_n10_20260613_002350_kafka_feed7_rep1,kafka,sb-events-n10-feed7-rep1,0,4995,28870697100,122ecdd6-a166-41d6-bce2-294162b4cd54,3895107,385,32.083333333333336,4645962111,3895107:122ecdd6-a166-41d6-bce2-294162b4cd54,1,False
concurrency_n10_20260613_002350_kafka_feed7_rep1,kafka,sb-events-n10-feed7-rep1,1,5206,28870738000,f050fb4b-4418-43cc-9c3d-94127b27624c,3895107,385,32.083333333333336,4645962111,3895107:f050fb4b-4418-43cc-9c3d-94127b27624c,1,False
concurrency_n10_20260613_002350_kafka_feed7_rep1,kafka,sb-events-n10-feed7-rep1,2,5182,28870761700,3570f419-5029-45ff-925c-ce5ec23dbb24,3895052,385,32.083333333333336,4645962111,3895052:3570f419-5029-45ff-925c-ce5ec23dbb24,1,False
concurrency_n10_20260613_002350_kafka_feed7_rep1,kafka,sb-events-n10-feed7-rep1,1,5207,28880405200,fc6ad4f7-4a80-4f85-864c-700a0efceee8,3895113,385,32.083333333333336,4645962111,3895113:fc6ad4f7-4a80-4f85-864c-700a0efceee8,1,False
concurrency_n10_20260613_002350_kafka_feed7_rep1,kafka,sb-events-n10-feed7-rep1,1,5208,28880449800,eab2cf06-4a07-4aa6-8b95-8a93cc0e3ac5,3895086,385,32.083333333333336,4645962111,3895086:eab2cf06-4a07-4aa6-8b95-8a93cc0e3ac5,1,False
concurrency_n10_20260613_002350_kafka_feed7_rep1,kafka,sb-events-n10-feed7-rep1,1,5209,28890852300,6c8c9f26-d33b-4bc0-b63c-8e3ea2ff8587,3895107,386,32.166666666666664,4646656555,3895107:6c8c9f26-d33b-4bc0-b63c-8e3ea2ff8587,1,False
concurrency_n10_20260613_002350_kafka_feed7_rep1,kafka,sb-events-n10-feed7-rep1,1,5210,28890893700,597c5d97-fb51-4886-a0ff-c5230090abbf,3895134,386,32.166666666666664,4646656555,3895134:597c5d97-fb51-4886-a0ff-c5230090abbf,1,False
concurrency_n10_20260613_002350_kafka_feed7_rep1,kafka,sb-events-n10-feed7-rep1,1,5211,28890914300,96400684-614d-4589-a40f-957378435605,3895134,386,32.166666666666664,4646656555,3895134:96400684-614d-4589-a40f-957378435605,1,False
concurrency_n10_20260613_002350_kafka_feed7_rep1,kafka,sb-events-n10-feed7-rep1,0,4996,28912463300,00d33c4c-624c-45e1-959b-21ede95483f2,3895113,386,32.166666666666664,4646656555,3895113:00d33c4c-624c-45e1-959b-21ede95483f2,1,False
concurrency_n10_20260613_002350_kafka_feed7_rep1,kafka,sb-events-n10-feed7-rep1,0,4997,28912506500,fe32e0d4-2a33-42f4-ba80-5b8cab554efa,3895113,386,32.166666666666664,4646656555,3895113:fe32e0d4-2a33-42f4-ba80-5b8cab554efa,1,False
concurrency_n10_20260613_002350_kafka_feed7_rep1,kafka,sb-events-n10-feed7-rep1,2,5183,28912529000,7d6fb5b2-01ba-4a33-a27e-4023ad29c37c,3895113,386,32.166666666666664,4646656555,3895113:7d6fb5b2-01ba-4a33-a27e-4023ad29c37c,1,False
concurrency_n10_20260613_002350_kafka_feed7_rep1,kafka,sb-events-n10-feed7-rep1,1,5212,28912550000,d64a401e-b7ba-490e-8d7b-550d85b01524,3895052,386,32.166666666666664,4646656555,3895052:d64a401e-b7ba-490e-8d7b-550d85b01524,1,False
concurrency_n10_20260613_002350_kafka_feed7_rep1,kafka,sb-events-n10-feed7-rep1,0,4998,28921763700,8249e17a-6fc6-4af8-8d8a-10ea80b0e22e,3895134,387,32.25,4647351000,3895134:8249e17a-6fc6-4af8-8d8a-10ea80b0e22e,1,False
concurrency_n10_20260613_002350_kafka_feed7_rep1,kafka,sb-events-n10-feed7-rep1,1,5213,28921819400,d570893c-47a4-43a1-95f4-7b16543b9f2a,3895067,387,32.25,4647351000,3895067:d570893c-47a4-43a1-95f4-7b16543b9f2a,1,False
concurrency_n10_20260613_002350_kafka_feed7_rep1,kafka,sb-events-n10-feed7-rep1,2,5184,28935556900,2154b166-8b00-45a6-b1bf-d8f805198128,3895052,387,32.25,4647351000,3895052:2154b166-8b00-45a6-b1bf-d8f805198128,1,False
concurrency_n10_20260613_002350_kafka_feed7_rep1,kafka,sb-events-n10-feed7-rep1,2,5185,28935599200,cac05379-37e8-4c29-9857-deb1cd6a7e4e,3895052,387,32.25,4647351000,3895052:cac05379-37e8-4c29-9857-deb1cd6a7e4e,1,False
concurrency_n10_20260613_002350_kafka_feed7_rep1,kafka,sb-events-n10-feed7-rep1,1,5214,28946212100,bf419a09-0892-4eb4-9295-4c861317ce1a,3895086,387,32.25,4647351000,3895086:bf419a09-0892-4eb4-9295-4c861317ce1a,1,False
concurrency_n10_20260613_002350_kafka_feed7_rep1,kafka,sb-events-n10-feed7-rep1,1,5215,28946262000,ced92bf1-3900-4565-bb11-5886a9deb43a,3895113,387,32.25,4647351000,3895113:ced92bf1-3900-4565-bb11-5886a9deb43a,1,False
concurrency_n10_20260613_002350_kafka_feed7_rep1,kafka,sb-events-n10-feed7-rep1,2,5186,28946286300,43834af9-8068-404c-b7f9-bc4c08738a45,3895113,387,32.25,4647351000,3895113:43834af9-8068-404c-b7f9-bc4c08738a45,1,False
concurrency_n10_20260613_002350_kafka_feed7_rep1,kafka,sb-events-n10-feed7-rep1,2,5187,28955672800,3743afc5-6da5-469d-8d4f-1b7132f4d1cb,3895113,387,32.25,4647351000,3895113:3743afc5-6da5-469d-8d4f-1b7132f4d1cb,1,False
concurrency_n10_20260613_002350_kafka_feed7_rep1,kafka,sb-events-n10-feed7-rep1,2,5188,28955716800,855076b4-513b-4756-8d91-7e7fae34e22b,3895060,388,32.333333333333336,4648045444,3895060:855076b4-513b-4756-8d91-7e7fae34e22b,1,False
concurrency_n10_20260613_002350_kafka_feed7_rep1,kafka,sb-events-n10-feed7-rep1,0,4999,28968164900,89c63012-2c91-4efa-85c1-ad21eccdfc66,3895067,388,32.333333333333336,4648045444,3895067:89c63012-2c91-4efa-85c1-ad21eccdfc66,1,False
concurrency_n10_20260613_002350_kafka_feed7_rep1,kafka,sb-events-n10-feed7-rep1,0,5000,28968205300,576591a0-e6c0-44b4-ba76-924a1fa37440,3895067,388,32.333333333333336,4648045444,3895067:576591a0-e6c0-44b4-ba76-924a1fa37440,1,False
concurrency_n10_20260613_002350_kafka_feed7_rep1,kafka,sb-events-n10-feed7-rep1,1,5216,28981112900,1cdbf528-796c-47d9-bc87-2dc866f1541c,3895052,388,32.333333333333336,4648045444,3895052:1cdbf528-796c-47d9-bc87-2dc866f1541c,1,False
concurrency_n10_20260613_002350_kafka_feed7_rep1,kafka,sb-events-n10-feed7-rep1,2,5189,28981155500,8b0f70fb-18e8-4a18-a575-608dcd3153f9,3895052,388,32.333333333333336,4648045444,3895052:8b0f70fb-18e8-4a18-a575-608dcd3153f9,1,False
concurrency_n10_20260613_002350_kafka_feed7_rep1,kafka,sb-events-n10-feed7-rep1,0,5001,28990482400,ae9184b1-0af1-4e9a-bf4c-7b5ddbcd5041,3895086,388,32.333333333333336,4648045444,3895086:ae9184b1-0af1-4e9a-bf4c-7b5ddbcd5041,1,False
concurrency_n10_20260613_002350_kafka_feed7_rep1,kafka,sb-events-n10-feed7-rep1,2,5190,28990527000,e6b67cf4-dc02-4efb-bf8c-9821f3aa96c7,3895086,388,32.333333333333336,4648045444,3895086:e6b67cf4-dc02-4efb-bf8c-9821f3aa96c7,1,False
concurrency_n10_20260613_002350_kafka_feed7_rep1,kafka,sb-events-n10-feed7-rep1,0,5002,28995656400,a5f2e6a7-5bca-4a3b-8e50-ef5cd209b1d5,3895113,388,32.333333333333336,4648045444,3895113:a5f2e6a7-5bca-4a3b-8e50-ef5cd209b1d5,1,False
concurrency_n10_20260613_002350_kafka_feed7_rep1,kafka,sb-events-n10-feed7-rep1,1,5217,29005289500,ed46d6ad-ab02-4265-a8f1-55d8cae1b7a8,3895113,388,32.333333333333336,4648045444,3895113:ed46d6ad-ab02-4265-a8f1-55d8cae1b7a8,1,False
concurrency_n10_20260613_002350_kafka_feed7_rep1,kafka,sb-events-n10-feed7-rep1,2,5191,29005335100,d8f71229-bb53-458c-8bd0-8a2a548e0a16,3895113,388,32.333333333333336,4648045444,3895113:d8f71229-bb53-458c-8bd0-8a2a548e0a16,1,False
concurrency_n10_20260613_002350_kafka_feed7_rep1,kafka,sb-events-n10-feed7-rep1,1,5218,29011410700,29aa34c6-d899-4a5c-bf12-0ba3077d10c4,3895107,389,32.416666666666664,4648739888,3895107:29aa34c6-d899-4a5c-bf12-0ba3077d10c4,1,False
concurrency_n10_20260613_002350_kafka_feed7_rep1,kafka,sb-events-n10-feed7-rep1,2,5192,29019300400,1be0feb6-7510-4191-b006-3e6b704e421a,3895134,389,32.416666666666664,4648739888,3895134:1be0feb6-7510-4191-b006-3e6b704e421a,1,False
concurrency_n10_20260613_002350_kafka_feed7_rep1,kafka,sb-events-n10-feed7-rep1,0,5003,29024994900,5809628b-316e-401f-9cd3-c324cafcc6a0,3895134,389,32.416666666666664,4648739888,3895134:5809628b-316e-401f-9cd3-c324cafcc6a0,1,False
concurrency_n10_20260613_002350_kafka_feed7_rep1,kafka,sb-events-n10-feed7-rep1,1,5219,29038106200,f2775365-28f1-4f87-8552-f0fceb99d718,3895134,389,32.416666666666664,4648739888,3895134:f2775365-28f1-4f87-8552-f0fceb99d718,1,False
concurrency_n10_20260613_002350_kafka_feed7_rep1,kafka,sb-events-n10-feed7-rep1,1,5220,29044282600,466eccdb-c941-4f75-aff1-2944b1a59e3d,3895052,389,32.416666666666664,4648739888,3895052:466eccdb-c941-4f75-aff1-2944b1a59e3d,1,False
concurrency_n10_20260613_002350_kafka_feed7_rep1,kafka,sb-events-n10-feed7-rep1,2,5193,29052241700,3fa131e1-45d8-46a9-83a5-534566af8763,3895052,389,32.416666666666664,4648739888,3895052:3fa131e1-45d8-46a9-83a5-534566af8763,1,False
concurrency_n10_20260613_002350_kafka_feed7_rep1,kafka,sb-events-n10-feed7-rep1,0,5004,29071543200,face3922-6f90-4a44-8993-bdc2ce7d7a0c,3895113,389,32.416666666666664,4648739888,3895113:face3922-6f90-4a44-8993-bdc2ce7d7a0c,1,False
concurrency_n10_20260613_002350_kafka_feed7_rep1,kafka,sb-events-n10-feed7-rep1,2,5194,29071594100,c7a75758-4957-42c9-9cd6-910ce7952557,3895113,389,32.416666666666664,4648739888,3895113:c7a75758-4957-42c9-9cd6-910ce7952557,1,False
concurrency_n10_20260613_002350_kafka_feed7_rep1,kafka,sb-events-n10-feed7-rep1,2,5195,29071627100,98485b3f-72d1-4494-aded-d8c1d7b57be5,3895113,389,32.416666666666664,4648739888,3895113:98485b3f-72d1-4494-aded-d8c1d7b57be5,1,False
concurrency_n10_20260613_002350_kafka_feed7_rep1,kafka,sb-events-n10-feed7-rep1,2,5196,29078933000,a8df0d7e-5406-4f17-8070-ea921609460f,3895113,389,32.416666666666664,4648739888,3895113:a8df0d7e-5406-4f17-8070-ea921609460f,1,False
concurrency_n10_20260613_002350_kafka_feed7_rep1,kafka,sb-events-n10-feed7-rep1,1,5221,29083824400,ca25cfa9-39ed-419f-978e-737eb8321fba,3895060,390,32.5,4649434333,3895060:ca25cfa9-39ed-419f-978e-737eb8321fba,1,False
concurrency_n10_20260613_002350_kafka_feed7_rep1,kafka,sb-events-n10-feed7-rep1,0,5005,29087589000,5ebedaa7-4228-4dd1-bb2f-7b44914a3028,3895060,390,32.5,4649434333,3895060:5ebedaa7-4228-4dd1-bb2f-7b44914a3028,1,False
concurrency_n10_20260613_002350_kafka_feed7_rep1,kafka,sb-events-n10-feed7-rep1,2,5197,29097265100,adc6b847-abc1-4e9e-a5a6-ad44f825f339,3895060,390,32.5,4649434333,3895060:adc6b847-abc1-4e9e-a5a6-ad44f825f339,1,False
concurrency_n10_20260613_002350_kafka_feed7_rep1,kafka,sb-events-n10-feed7-rep1,0,5006,29104430200,4a6a2c08-a9b8-43d7-b214-bbb473b55464,3895121,390,32.5,4649434333,3895121:4a6a2c08-a9b8-43d7-b214-bbb473b55464,1,False
concurrency_n10_20260613_002350_kafka_feed7_rep1,kafka,sb-events-n10-feed7-rep1,0,5007,29104471300,06dfe816-f41b-4691-85ac-5a1497f4e5d7,3895107,390,32.5,4649434333,3895107:06dfe816-f41b-4691-85ac-5a1497f4e5d7,1,False
concurrency_n10_20260613_002350_kafka_feed7_rep1,kafka,sb-events-n10-feed7-rep1,1,5222,29125131600,cd0b7eba-d989-4051-a319-8c15974e16e5,3895107,390,32.5,4649434333,3895107:cd0b7eba-d989-4051-a319-8c15974e16e5,1,False
concurrency_n10_20260613_002350_kafka_feed7_rep1,kafka,sb-events-n10-feed7-rep1,2,5198,29125914000,c605a570-c317-4bcd-a935-3aac355ff451,3895107,390,32.5,4649434333,3895107:c605a570-c317-4bcd-a935-3aac355ff451,1,False
concurrency_n10_20260613_002350_kafka_feed7_rep1,kafka,sb-events-n10-feed7-rep1,0,5008,29125943900,5a9615d0-3ce1-4bd1-a1cb-9225e36960cf,3895107,390,32.5,4649434333,3895107:5a9615d0-3ce1-4bd1-a1cb-9225e36960cf,1,False
concurrency_n10_20260613_002350_kafka_feed7_rep1,kafka,sb-events-n10-feed7-rep1,1,5223,29139964600,9cea225a-2bd2-4f90-a253-c82de6a2a277,3895086,390,32.5,4649434333,3895086:9cea225a-2bd2-4f90-a253-c82de6a2a277,1,False
concurrency_n10_20260613_002350_kafka_feed7_rep1,kafka,sb-events-n10-feed7-rep1,1,5224,29140007400,f22266fd-345a-4d52-8390-69c13ff3df92,3895121,391,32.583333333333336,4650128777,3895121:f22266fd-345a-4d52-8390-69c13ff3df92,1,False
concurrency_n10_20260613_002350_kafka_feed7_rep1,kafka,sb-events-n10-feed7-rep1,2,5199,29140032500,c2c67e7a-c0ba-487c-ad53-721769bd1366,3895107,390,32.5,4649434333,3895107:c2c67e7a-c0ba-487c-ad53-721769bd1366,1,False
concurrency_n10_20260613_002350_kafka_feed7_rep1,kafka,sb-events-n10-feed7-rep1,2,5200,29140054300,74af8288-7af8-4890-9b8f-7dfdadd3096b,3895121,391,32.583333333333336,4650128777,3895121:74af8288-7af8-4890-9b8f-7dfdadd3096b,1,False
concurrency_n10_20260613_002350_kafka_feed7_rep1,kafka,sb-events-n10-feed7-rep1,0,5009,29140077100,0c16687b-8a31-4a7b-b921-629b596d9c0b,3895134,390,32.5,4649434333,3895134:0c16687b-8a31-4a7b-b921-629b596d9c0b,1,False
concurrency_n10_20260613_002350_kafka_feed7_rep1,kafka,sb-events-n10-feed7-rep1,2,5201,29147792600,ecfb9c44-43b4-4c53-b333-77fce2c87424,3895121,391,32.583333333333336,4650128777,3895121:ecfb9c44-43b4-4c53-b333-77fce2c87424,1,False
concurrency_n10_20260613_002350_kafka_feed7_rep1,kafka,sb-events-n10-feed7-rep1,1,5225,29164951400,99b13928-880a-4f5f-91e8-55fed8c94697,3895067,391,32.583333333333336,4650128777,3895067:99b13928-880a-4f5f-91e8-55fed8c94697,1,False
concurrency_n10_20260613_002350_kafka_feed7_rep1,kafka,sb-events-n10-feed7-rep1,1,5226,29164998500,cf1f3507-3298-4acb-b2fc-3dd68b5aad26,3895052,391,32.583333333333336,4650128777,3895052:cf1f3507-3298-4acb-b2fc-3dd68b5aad26,1,False
concurrency_n10_20260613_002350_kafka_feed7_rep1,kafka,sb-events-n10-feed7-rep1,1,5227,29180253700,156dd670-c9e9-4baa-b62f-210633d22ef8,3895113,391,32.583333333333336,4650128777,3895113:156dd670-c9e9-4baa-b62f-210633d22ef8,1,False
concurrency_n10_20260613_002350_kafka_feed7_rep1,kafka,sb-events-n10-feed7-rep1,1,5228,29180296900,04544407-6d65-426c-beda-75a2272bae05,3895113,391,32.583333333333336,4650128777,3895113:04544407-6d65-426c-beda-75a2272bae05,1,False
concurrency_n10_20260613_002350_kafka_feed7_rep1,kafka,sb-events-n10-feed7-rep1,2,5202,29200777000,99802a02-f8eb-45b7-8163-542209fe37ba,3895060,392,32.666666666666664,4650823222,3895060:99802a02-f8eb-45b7-8163-542209fe37ba,1,False
concurrency_n10_20260613_002350_kafka_feed7_rep1,kafka,sb-events-n10-feed7-rep1,2,5203,29200819000,c785f8c2-9b40-4f83-ad99-64a28ce336a5,3895067,392,32.666666666666664,4650823222,3895067:c785f8c2-9b40-4f83-ad99-64a28ce336a5,1,False
concurrency_n10_20260613_002350_kafka_feed7_rep1,kafka,sb-events-n10-feed7-rep1,1,5229,29200840500,8f745c57-d8d5-4a9f-a886-3419c3b7ba12,3895067,392,32.666666666666664,4650823222,3895067:8f745c57-d8d5-4a9f-a886-3419c3b7ba12,1,False
concurrency_n10_20260613_002350_kafka_feed7_rep1,kafka,sb-events-n10-feed7-rep1,0,5010,29210479700,965eebf2-d755-4266-aea4-f63d4e8fb4c0,3895074,393,32.75,4651517666,3895074:965eebf2-d755-4266-aea4-f63d4e8fb4c0,1,False
concurrency_n10_20260613_002350_kafka_feed7_rep1,kafka,sb-events-n10-feed7-rep1,2,5204,29210519300,70a044a3-43de-4a36-9cad-c6b756635e1a,3895067,392,32.666666666666664,4650823222,3895067:70a044a3-43de-4a36-9cad-c6b756635e1a,1,False
concurrency_n10_20260613_002350_kafka_feed7_rep1,kafka,sb-events-n10-feed7-rep1,2,5205,29210541300,81180a03-2a2d-43d1-a344-632731073498,3895113,392,32.666666666666664,4650823222,3895113:81180a03-2a2d-43d1-a344-632731073498,1,False
concurrency_n10_20260613_002350_kafka_feed7_rep1,kafka,sb-events-n10-feed7-rep1,1,5230,29210562300,e57b0598-a6c7-47f9-ac4e-e877e1b5aae9,3895086,392,32.666666666666664,4650823222,3895086:e57b0598-a6c7-47f9-ac4e-e877e1b5aae9,1,False
concurrency_n10_20260613_002350_kafka_feed7_rep1,kafka,sb-events-n10-feed7-rep1,2,5206,29215656700,71771fbd-fbb7-4241-9a8f-22412a8c4f1e,3895067,393,32.75,4651517666,3895067:71771fbd-fbb7-4241-9a8f-22412a8c4f1e,1,False
concurrency_n10_20260613_002350_kafka_feed7_rep1,kafka,sb-events-n10-feed7-rep1,2,5207,29221907600,7b38db38-233e-4b05-a520-94630ca5b7ef,3895067,393,32.75,4651517666,3895067:7b38db38-233e-4b05-a520-94630ca5b7ef,1,False
concurrency_n10_20260613_002350_kafka_feed7_rep1,kafka,sb-events-n10-feed7-rep1,2,5208,29227506000,3b25b250-2e85-47f0-8e03-1415a70d9b79,3895067,393,32.75,4651517666,3895067:3b25b250-2e85-47f0-8e03-1415a70d9b79,1,False
concurrency_n10_20260613_002350_kafka_feed7_rep1,kafka,sb-events-n10-feed7-rep1,0,5011,29234982300,f16b7f89-76f5-40d3-91a0-24a1ef7fcb5f,3895067,393,32.75,4651517666,3895067:f16b7f89-76f5-40d3-91a0-24a1ef7fcb5f,1,False
concurrency_n10_20260613_002350_kafka_feed7_rep1,kafka,sb-events-n10-feed7-rep1,2,5209,29241381000,ea6911ea-57bc-4377-83ee-cd2ff0785554,3895134,393,32.75,4651517666,3895134:ea6911ea-57bc-4377-83ee-cd2ff0785554,1,False
concurrency_n10_20260613_002350_kafka_feed7_rep1,kafka,sb-events-n10-feed7-rep1,2,5210,29248189900,0e78543b-a433-434f-8af2-7633bb374aae,3895134,393,32.75,4651517666,3895134:0e78543b-a433-434f-8af2-7633bb374aae,1,False
concurrency_n10_20260613_002350_kafka_feed7_rep1,kafka,sb-events-n10-feed7-rep1,2,5211,29248224600,995d9ac5-8f9b-4cb1-8e08-a6d523581b89,3895134,393,32.75,4651517666,3895134:995d9ac5-8f9b-4cb1-8e08-a6d523581b89,1,False
concurrency_n10_20260613_002350_kafka_feed7_rep1,kafka,sb-events-n10-feed7-rep1,1,5231,29255291500,08c3259d-c0ce-4c66-9aee-62de255259ae,3895052,393,32.75,4651517666,3895052:08c3259d-c0ce-4c66-9aee-62de255259ae,1,False
concurrency_n10_20260613_002350_kafka_feed7_rep1,kafka,sb-events-n10-feed7-rep1,0,5012,29264457600,e83fa094-3a61-44d6-91a1-934566d0a705,3895052,393,32.75,4651517666,3895052:e83fa094-3a61-44d6-91a1-934566d0a705,1,False
concurrency_n10_20260613_002350_kafka_feed7_rep1,kafka,sb-events-n10-feed7-rep1,2,5212,29264498100,4b481aa6-01b0-43d8-b6d2-9c3747c607cc,3895086,393,32.75,4651517666,3895086:4b481aa6-01b0-43d8-b6d2-9c3747c607cc,1,False
concurrency_n10_20260613_002350_kafka_feed7_rep1,kafka,sb-events-n10-feed7-rep1,2,5213,29270991000,af16f8d4-8c23-4448-9f47-b220ed27e58c,3895086,393,32.75,4651517666,3895086:af16f8d4-8c23-4448-9f47-b220ed27e58c,1,False
concurrency_n10_20260613_002350_kafka_feed7_rep1,kafka,sb-events-n10-feed7-rep1,2,5214,29271027900,606feb67-4c77-4c55-966c-b4e03d37bf36,3895113,393,32.75,4651517666,3895113:606feb67-4c77-4c55-966c-b4e03d37bf36,1,False
concurrency_n10_20260613_002350_kafka_feed7_rep1,kafka,sb-events-n10-feed7-rep1,2,5215,29277522200,7530778b-6d23-40d8-a3d7-d8a9cb508770,3895113,393,32.75,4651517666,3895113:7530778b-6d23-40d8-a3d7-d8a9cb508770,1,False
concurrency_n10_20260613_002350_kafka_feed7_rep1,kafka,sb-events-n10-feed7-rep1,2,5216,29283620100,8988d33c-96c5-4c37-b694-9f38d6adda38,3895113,393,32.75,4651517666,3895113:8988d33c-96c5-4c37-b694-9f38d6adda38,1,False
concurrency_n10_20260613_002350_kafka_feed7_rep1,kafka,sb-events-n10-feed7-rep1,1,5232,29287514800,8a0e2c23-dd3d-479f-9422-93a351b99f04,3895074,394,32.833333333333336,4652212111,3895074:8a0e2c23-dd3d-479f-9422-93a351b99f04,1,False
concurrency_n10_20260613_002350_kafka_feed7_rep1,kafka,sb-events-n10-feed7-rep1,0,5013,29287555400,59fd0264-a24b-45f6-90be-cc8881654cd7,3895060,394,32.833333333333336,4652212111,3895060:59fd0264-a24b-45f6-90be-cc8881654cd7,1,False
concurrency_n10_20260613_002350_kafka_feed7_rep1,kafka,sb-events-n10-feed7-rep1,1,5233,29299222400,d7dcb70e-7560-429f-9a14-0fe22b9a0177,3895074,394,32.833333333333336,4652212111,3895074:d7dcb70e-7560-429f-9a14-0fe22b9a0177,1,False
concurrency_n10_20260613_002350_kafka_feed7_rep1,kafka,sb-events-n10-feed7-rep1,1,5234,29304768300,9984bc9b-2636-43a5-addf-166a3119b365,3895074,394,32.833333333333336,4652212111,3895074:9984bc9b-2636-43a5-addf-166a3119b365,1,False
concurrency_n10_20260613_002350_kafka_feed7_rep1,kafka,sb-events-n10-feed7-rep1,2,5217,29312612300,4fb0398f-7ba0-4be8-9b71-3b477e2658eb,3895074,394,32.833333333333336,4652212111,3895074:4fb0398f-7ba0-4be8-9b71-3b477e2658eb,1,False
concurrency_n10_20260613_002350_kafka_feed7_rep1,kafka,sb-events-n10-feed7-rep1,2,5218,29312893000,5cb2e6b1-53e9-4034-bcfb-d36b13f62b4b,3895067,394,32.833333333333336,4652212111,3895067:5cb2e6b1-53e9-4034-bcfb-d36b13f62b4b,1,False
concurrency_n10_20260613_002350_kafka_feed7_rep1,kafka,sb-events-n10-feed7-rep1,1,5235,29320592200,538b3ce6-4345-4a59-bfbe-5c2a8375a917,3895067,394,32.833333333333336,4652212111,3895067:538b3ce6-4345-4a59-bfbe-5c2a8375a917,1,False
concurrency_n10_20260613_002350_kafka_feed7_rep1,kafka,sb-events-n10-feed7-rep1,2,5219,29328473300,a14fe2cd-eb83-46ca-970d-37eeb6ba141f,3895067,394,32.833333333333336,4652212111,3895067:a14fe2cd-eb83-46ca-970d-37eeb6ba141f,1,False
concurrency_n10_20260613_002350_kafka_feed7_rep1,kafka,sb-events-n10-feed7-rep1,1,5236,29328522700,135cce3a-70e2-48e3-adf8-43f2c4adee78,3895134,394,32.833333333333336,4652212111,3895134:135cce3a-70e2-48e3-adf8-43f2c4adee78,1,False
concurrency_n10_20260613_002350_kafka_feed7_rep1,kafka,sb-events-n10-feed7-rep1,2,5220,29349944400,f8b5d10a-0456-4332-9da3-dcbe962f74bf,3895134,394,32.833333333333336,4652212111,3895134:f8b5d10a-0456-4332-9da3-dcbe962f74bf,1,False
concurrency_n10_20260613_002350_kafka_feed7_rep1,kafka,sb-events-n10-feed7-rep1,2,5221,29349989800,cbd19fb2-1303-4a76-a81e-b80bf03fe011,3895086,394,32.833333333333336,4652212111,3895086:cbd19fb2-1303-4a76-a81e-b80bf03fe011,1,False
concurrency_n10_20260613_002350_kafka_feed7_rep1,kafka,sb-events-n10-feed7-rep1,1,5237,29350038900,f6881f8d-2c17-49b2-b0d4-33427d87ef5c,3895113,394,32.833333333333336,4652212111,3895113:f6881f8d-2c17-49b2-b0d4-33427d87ef5c,1,False
concurrency_n10_20260613_002350_kafka_feed7_rep1,kafka,sb-events-n10-feed7-rep1,2,5222,29364588400,6cee4a6c-88fa-4349-b524-334a8368ecd5,3895113,394,32.833333333333336,4652212111,3895113:6cee4a6c-88fa-4349-b524-334a8368ecd5,1,False
concurrency_n10_20260613_002350_kafka_feed7_rep1,kafka,sb-events-n10-feed7-rep1,2,5223,29366812800,1dd3fe13-43ab-4c39-98f1-d9403db2353e,3895074,395,32.916666666666664,4652906555,3895074:1dd3fe13-43ab-4c39-98f1-d9403db2353e,1,False
concurrency_n10_20260613_002350_kafka_feed7_rep1,kafka,sb-events-n10-feed7-rep1,0,5014,29373425000,dfcb9333-6143-4f80-ba39-621cbedb0597,3895067,395,32.916666666666664,4652906555,3895067:dfcb9333-6143-4f80-ba39-621cbedb0597,1,False
concurrency_n10_20260613_002350_kafka_feed7_rep1,kafka,sb-events-n10-feed7-rep1,0,5015,29373542700,dc010f7d-c0d1-42ba-a88e-315dcbc075a7,3895086,395,32.916666666666664,4652906555,3895086:dc010f7d-c0d1-42ba-a88e-315dcbc075a7,1,False
concurrency_n10_20260613_002350_kafka_feed7_rep1,kafka,sb-events-n10-feed7-rep1,0,5016,29373578700,ec3f69f7-c69b-44db-b573-3cde53fbd730,3895095,396,33.0,4653601000,3895095:ec3f69f7-c69b-44db-b573-3cde53fbd730,1,False
concurrency_n10_20260613_002350_kafka_feed7_rep1,kafka,sb-events-n10-feed7-rep1,2,5224,29373604700,b1c14719-ff1d-4c2c-aed3-bbbf83b838f8,3895067,395,32.916666666666664,4652906555,3895067:b1c14719-ff1d-4c2c-aed3-bbbf83b838f8,1,False
concurrency_n10_20260613_002350_kafka_feed7_rep1,kafka,sb-events-n10-feed7-rep1,0,5017,29380365800,2c6a54f1-b280-4672-9ad7-cccacf2b8bb8,3895060,396,33.0,4653601000,3895060:2c6a54f1-b280-4672-9ad7-cccacf2b8bb8,1,False
concurrency_n10_20260613_002350_kafka_feed7_rep1,kafka,sb-events-n10-feed7-rep1,2,5225,29384355300,c50d721c-be65-4eda-bc7f-067bb1947653,3895060,396,33.0,4653601000,3895060:c50d721c-be65-4eda-bc7f-067bb1947653,1,False
concurrency_n10_20260613_002350_kafka_feed7_rep1,kafka,sb-events-n10-feed7-rep1,2,5226,29392492800,f57745b2-2c27-4f2f-8cb3-f369b5d2484f,3895052,396,33.0,4653601000,3895052:f57745b2-2c27-4f2f-8cb3-f369b5d2484f,1,False
concurrency_n10_20260613_002350_kafka_feed7_rep1,kafka,sb-events-n10-feed7-rep1,0,5018,29410760500,2c1397d2-8aa5-40f5-98c6-e6148ccbe8aa,3895086,396,33.0,4653601000,3895086:2c1397d2-8aa5-40f5-98c6-e6148ccbe8aa,1,False
concurrency_n10_20260613_002350_kafka_feed7_rep1,kafka,sb-events-n10-feed7-rep1,1,5238,29421002900,b5ace099-c920-4ae8-944a-7f6b88515489,3895086,396,33.0,4653601000,3895086:b5ace099-c920-4ae8-944a-7f6b88515489,1,False
concurrency_n10_20260613_002350_kafka_feed7_rep1,kafka,sb-events-n10-feed7-rep1,1,5239,29421043400,8be1f93d-cca7-4c97-8299-972dfe8ea383,3895086,396,33.0,4653601000,3895086:8be1f93d-cca7-4c97-8299-972dfe8ea383,1,False
concurrency_n10_20260613_002350_kafka_feed7_rep1,kafka,sb-events-n10-feed7-rep1,0,5019,29421063700,0ee60138-b4a1-4c81-8673-5f829c14e56c,3895086,396,33.0,4653601000,3895086:0ee60138-b4a1-4c81-8673-5f829c14e56c,1,False
concurrency_n10_20260613_002350_kafka_feed7_rep1,kafka,sb-events-n10-feed7-rep1,0,5020,29430468600,343d7db0-931b-4748-851f-27006a202cbb,3895113,396,33.0,4653601000,3895113:343d7db0-931b-4748-851f-27006a202cbb,1,False
concurrency_n10_20260613_002350_kafka_feed7_rep1,kafka,sb-events-n10-feed7-rep1,2,5227,29435374300,515cfb63-2081-491b-a7c3-7dcd73641d39,3895113,396,33.0,4653601000,3895113:515cfb63-2081-491b-a7c3-7dcd73641d39,1,False
concurrency_n10_20260613_002350_kafka_feed7_rep1,kafka,sb-events-n10-feed7-rep1,0,5021,29435485800,119ca6ba-49bc-4d4f-a57c-7497f0f8b54b,3895113,396,33.0,4653601000,3895113:119ca6ba-49bc-4d4f-a57c-7497f0f8b54b,1,False
concurrency_n10_20260613_002350_kafka_feed7_rep1,kafka,sb-events-n10-feed7-rep1,1,5240,29440649100,f4c96189-c3e2-4491-9e97-bb2016985024,3895052,397,33.083333333333336,4654295444,3895052:f4c96189-c3e2-4491-9e97-bb2016985024,1,False
concurrency_n10_20260613_002350_kafka_feed7_rep1,kafka,sb-events-n10-feed7-rep1,0,5022,29449678200,32d9fc40-b95c-4d4a-9574-8340ff444e67,3895052,397,33.083333333333336,4654295444,3895052:32d9fc40-b95c-4d4a-9574-8340ff444e67,1,False
concurrency_n10_20260613_002350_kafka_feed7_rep1,kafka,sb-events-n10-feed7-rep1,0,5023,29455979100,20a73b74-427d-481b-a977-93197096c055,3895086,397,33.083333333333336,4654295444,3895086:20a73b74-427d-481b-a977-93197096c055,1,False
concurrency_n10_20260613_002350_kafka_feed7_rep1,kafka,sb-events-n10-feed7-rep1,0,5024,29464398000,abfa9add-3515-4c1f-b8e2-cfd721c11038,3895086,397,33.083333333333336,4654295444,3895086:abfa9add-3515-4c1f-b8e2-cfd721c11038,1,False
concurrency_n10_20260613_002350_kafka_feed7_rep1,kafka,sb-events-n10-feed7-rep1,1,5241,29470115800,ddf54fc4-f7d9-4b4a-a86f-7383cd65ba86,3895113,397,33.083333333333336,4654295444,3895113:ddf54fc4-f7d9-4b4a-a86f-7383cd65ba86,1,False
concurrency_n10_20260613_002350_kafka_feed7_rep1,kafka,sb-events-n10-feed7-rep1,2,5228,29486580800,9281c676-2991-4438-a848-0ccfd62c9713,3895095,398,33.166666666666664,4654989888,3895095:9281c676-2991-4438-a848-0ccfd62c9713,1,False
concurrency_n10_20260613_002350_kafka_feed7_rep1,kafka,sb-events-n10-feed7-rep1,0,5025,29486625500,948b1c2e-4813-475c-98ca-bf65b0cfba10,3895095,398,33.166666666666664,4654989888,3895095:948b1c2e-4813-475c-98ca-bf65b0cfba10,1,False
concurrency_n10_20260613_002350_kafka_feed7_rep1,kafka,sb-events-n10-feed7-rep1,1,5242,29486647300,df8c1d00-5a23-43ea-8c97-c2d64c2bb5dd,3895095,398,33.166666666666664,4654989888,3895095:df8c1d00-5a23-43ea-8c97-c2d64c2bb5dd,1,False
concurrency_n10_20260613_002350_kafka_feed7_rep1,kafka,sb-events-n10-feed7-rep1,2,5229,29498549100,9ced370b-38a8-4454-a1c2-6311bfe928f1,3895060,398,33.166666666666664,4654989888,3895060:9ced370b-38a8-4454-a1c2-6311bfe928f1,1,False
concurrency_n10_20260613_002350_kafka_feed7_rep1,kafka,sb-events-n10-feed7-rep1,0,5026,29498592800,7f860392-a215-442d-a67e-4d294f09a4e2,3895060,398,33.166666666666664,4654989888,3895060:7f860392-a215-442d-a67e-4d294f09a4e2,1,False
concurrency_n10_20260613_002350_kafka_feed7_rep1,kafka,sb-events-n10-feed7-rep1,1,5243,29505052000,f1c25842-30f0-4443-99d9-b8a529e0aacb,3895134,398,33.166666666666664,4654989888,3895134:f1c25842-30f0-4443-99d9-b8a529e0aacb,1,False
concurrency_n10_20260613_002350_kafka_feed7_rep1,kafka,sb-events-n10-feed7-rep1,0,5027,29505094900,f2b67d17-7a41-4ad5-a4e8-4a273d22ae16,3895052,398,33.166666666666664,4654989888,3895052:f2b67d17-7a41-4ad5-a4e8-4a273d22ae16,1,False
concurrency_n10_20260613_002350_kafka_feed7_rep1,kafka,sb-events-n10-feed7-rep1,2,5230,29513946900,abdf9f97-cb84-4f39-8a1f-ddf7d8ee4284,3895086,398,33.166666666666664,4654989888,3895086:abdf9f97-cb84-4f39-8a1f-ddf7d8ee4284,1,False
concurrency_n10_20260613_002350_kafka_feed7_rep1,kafka,sb-events-n10-feed7-rep1,1,5244,29526853900,93a04759-8e10-4a79-98df-d2fef09c6629,3895113,398,33.166666666666664,4654989888,3895113:93a04759-8e10-4a79-98df-d2fef09c6629,1,False
concurrency_n10_20260613_002350_kafka_feed7_rep1,kafka,sb-events-n10-feed7-rep1,0,5028,29526891900,1283c691-c5df-4c07-8d13-7504482421f5,3895086,398,33.166666666666664,4654989888,3895086:1283c691-c5df-4c07-8d13-7504482421f5,1,False
concurrency_n10_20260613_002350_kafka_feed7_rep1,kafka,sb-events-n10-feed7-rep1,2,5231,29526914500,bbb3c276-5665-44e2-b52f-e71aefcf8e3a,3895113,398,33.166666666666664,4654989888,3895113:bbb3c276-5665-44e2-b52f-e71aefcf8e3a,1,False
concurrency_n10_20260613_002350_kafka_feed7_rep1,kafka,sb-events-n10-feed7-rep1,1,5245,29543248100,3f2f9851-45a7-4ebe-ad2a-78269daa75df,3895113,398,33.166666666666664,4654989888,3895113:3f2f9851-45a7-4ebe-ad2a-78269daa75df,1,False
concurrency_n10_20260613_002350_kafka_feed7_rep1,kafka,sb-events-n10-feed7-rep1,0,5029,29543424500,501f6ca5-6a86-4ce4-9cfc-f6e0187c9d55,3895113,398,33.166666666666664,4654989888,3895113:501f6ca5-6a86-4ce4-9cfc-f6e0187c9d55,1,False
concurrency_n10_20260613_002350_kafka_feed7_rep1,kafka,sb-events-n10-feed7-rep1,2,5232,29559497800,3c5d079f-7af2-4cb8-9202-a047b2ba45e1,3895095,399,33.25,4655684333,3895095:3c5d079f-7af2-4cb8-9202-a047b2ba45e1,1,False
concurrency_n10_20260613_002350_kafka_feed7_rep1,kafka,sb-events-n10-feed7-rep1,0,5030,29559547000,07053e4c-e128-4431-96aa-0681e7f1d3c2,3895095,399,33.25,4655684333,3895095:07053e4c-e128-4431-96aa-0681e7f1d3c2,1,False
concurrency_n10_20260613_002350_kafka_feed7_rep1,kafka,sb-events-n10-feed7-rep1,1,5246,29567410000,e4ddc354-2d7a-45f1-8e30-f2030a95a5d4,3895095,399,33.25,4655684333,3895095:e4ddc354-2d7a-45f1-8e30-f2030a95a5d4,1,False
concurrency_n10_20260613_002350_kafka_feed7_rep1,kafka,sb-events-n10-feed7-rep1,0,5031,29567456100,ab3be832-0318-4cac-90ba-84998d6bae03,3895060,399,33.25,4655684333,3895060:ab3be832-0318-4cac-90ba-84998d6bae03,1,False
concurrency_n10_20260613_002350_kafka_feed7_rep1,kafka,sb-events-n10-feed7-rep1,2,5233,29574785000,39796723-ae18-471d-82e7-83152b15fe67,3895134,399,33.25,4655684333,3895134:39796723-ae18-471d-82e7-83152b15fe67,1,False
concurrency_n10_20260613_002350_kafka_feed7_rep1,kafka,sb-events-n10-feed7-rep1,0,5032,29584033900,69524811-4918-4785-923d-78184f785804,3895052,399,33.25,4655684333,3895052:69524811-4918-4785-923d-78184f785804,1,False
concurrency_n10_20260613_002350_kafka_feed7_rep1,kafka,sb-events-n10-feed7-rep1,2,5234,29584076000,083f6173-25b6-441c-8b33-3415bb3fbd58,3895052,399,33.25,4655684333,3895052:083f6173-25b6-441c-8b33-3415bb3fbd58,1,False
concurrency_n10_20260613_002350_kafka_feed7_rep1,kafka,sb-events-n10-feed7-rep1,0,5033,29589435700,6f7be7ee-0d66-4d3e-bca1-fc751e66a6b9,3895086,399,33.25,4655684333,3895086:6f7be7ee-0d66-4d3e-bca1-fc751e66a6b9,1,False
concurrency_n10_20260613_002350_kafka_feed7_rep1,kafka,sb-events-n10-feed7-rep1,2,5235,29589472600,3b938f84-998e-4a6d-b5d2-be210f99c5bd,3895086,399,33.25,4655684333,3895086:3b938f84-998e-4a6d-b5d2-be210f99c5bd,1,False
concurrency_n10_20260613_002350_kafka_feed7_rep1,kafka,sb-events-n10-feed7-rep1,2,5236,29600516500,5380a23f-506b-4881-85f6-72a110685a23,3895113,399,33.25,4655684333,3895113:5380a23f-506b-4881-85f6-72a110685a23,1,False
concurrency_n10_20260613_002350_kafka_feed7_rep1,kafka,sb-events-n10-feed7-rep1,0,5034,29609093200,7982b5d9-4599-4b38-9351-c02f47d75634,3895113,399,33.25,4655684333,3895113:7982b5d9-4599-4b38-9351-c02f47d75634,1,False
concurrency_n10_20260613_002350_kafka_feed7_rep1,kafka,sb-events-n10-feed7-rep1,2,5237,29609154500,0c6aae5f-d6e7-4e3f-958d-ff741ef7213f,3895113,399,33.25,4655684333,3895113:0c6aae5f-d6e7-4e3f-958d-ff741ef7213f,1,False
concurrency_n10_20260613_002350_kafka_feed7_rep1,kafka,sb-events-n10-feed7-rep1,2,5238,29614607400,88112df4-66e0-4a8a-8d7b-ea5419b04530,3895113,399,33.25,4655684333,3895113:88112df4-66e0-4a8a-8d7b-ea5419b04530,1,False
concurrency_n10_20260613_002350_kafka_feed7_rep1,kafka,sb-events-n10-feed7-rep1,1,5247,29622443000,e182ad3e-5a33-4704-b958-75a7bac9b3a1,3895060,400,33.333333333333336,4656378777,3895060:e182ad3e-5a33-4704-b958-75a7bac9b3a1,1,False
concurrency_n10_20260613_002350_kafka_feed7_rep1,kafka,sb-events-n10-feed7-rep1,0,5035,29622486400,ef3078a5-3393-48b0-8afb-796cff80c5a0,3895060,400,33.333333333333336,4656378777,3895060:ef3078a5-3393-48b0-8afb-796cff80c5a0,1,False
concurrency_n10_20260613_002350_kafka_feed7_rep1,kafka,sb-events-n10-feed7-rep1,1,5248,29627721600,474ab2df-3a03-4e71-b8ec-bbdf568286d7,3895060,400,33.333333333333336,4656378777,3895060:474ab2df-3a03-4e71-b8ec-bbdf568286d7,1,False
concurrency_n10_20260613_002350_kafka_feed7_rep1,kafka,sb-events-n10-feed7-rep1,2,5239,29633571100,eba2e6e8-636d-45f0-a8ce-0f0bd1d57411,3895052,400,33.333333333333336,4656378777,3895052:eba2e6e8-636d-45f0-a8ce-0f0bd1d57411,1,False
concurrency_n10_20260613_002350_kafka_feed7_rep1,kafka,sb-events-n10-feed7-rep1,0,5036,29645743200,9eb51b15-3167-43e5-90ca-ca7b9be4372a,3895052,400,33.333333333333336,4656378777,3895052:9eb51b15-3167-43e5-90ca-ca7b9be4372a,1,False
concurrency_n10_20260613_002350_kafka_feed7_rep1,kafka,sb-events-n10-feed7-rep1,2,5240,29645782600,41f9512b-ca4f-49d7-8b8d-4a8999004a4d,3895052,400,33.333333333333336,4656378777,3895052:41f9512b-ca4f-49d7-8b8d-4a8999004a4d,1,False
concurrency_n10_20260613_002350_kafka_feed7_rep1,kafka,sb-events-n10-feed7-rep1,0,5037,29658675100,52f12bc7-1f6f-4e45-bafd-d9a5aac3c720,3895113,400,33.333333333333336,4656378777,3895113:52f12bc7-1f6f-4e45-bafd-d9a5aac3c720,1,False
concurrency_n10_20260613_002350_kafka_feed7_rep1,kafka,sb-events-n10-feed7-rep1,2,5241,29658728700,f044af23-bafc-40e0-a29a-ccb8a12270a2,3895113,400,33.333333333333336,4656378777,3895113:f044af23-bafc-40e0-a29a-ccb8a12270a2,1,False
concurrency_n10_20260613_002350_kafka_feed7_rep1,kafka,sb-events-n10-feed7-rep1,0,5038,29666162400,2687b66f-9cee-4ec4-9576-3ff4bdcceb52,3895086,401,33.416666666666664,4657073222,3895086:2687b66f-9cee-4ec4-9576-3ff4bdcceb52,1,False
concurrency_n10_20260613_002350_kafka_feed7_rep1,kafka,sb-events-n10-feed7-rep1,2,5242,29673881900,11f7ce84-24b4-475a-b143-83db518ce7d3,3895095,402,33.5,4657767666,3895095:11f7ce84-24b4-475a-b143-83db518ce7d3,1,False
concurrency_n10_20260613_002350_kafka_feed7_rep1,kafka,sb-events-n10-feed7-rep1,0,5039,29673925400,6997db3a-ca3c-43da-bca2-16b9a922f6d8,3895095,402,33.5,4657767666,3895095:6997db3a-ca3c-43da-bca2-16b9a922f6d8,1,False
concurrency_n10_20260613_002350_kafka_feed7_rep1,kafka,sb-events-n10-feed7-rep1,2,5243,29681414400,d2cfd8cf-c66c-4e29-9c67-b49258151b2a,3895095,402,33.5,4657767666,3895095:d2cfd8cf-c66c-4e29-9c67-b49258151b2a,1,False
concurrency_n10_20260613_002350_kafka_feed7_rep1,kafka,sb-events-n10-feed7-rep1,1,5249,29692987700,059fd091-ff2b-4556-a70b-0e68acc6b0cf,3895052,402,33.5,4657767666,3895052:059fd091-ff2b-4556-a70b-0e68acc6b0cf,1,False
concurrency_n10_20260613_002350_kafka_feed7_rep1,kafka,sb-events-n10-feed7-rep1,1,5250,29693047600,22881a06-05be-4bf0-8518-2681eb9797a3,3895052,402,33.5,4657767666,3895052:22881a06-05be-4bf0-8518-2681eb9797a3,1,False
concurrency_n10_20260613_002350_kafka_feed7_rep1,kafka,sb-events-n10-feed7-rep1,0,5040,29710557500,6088b9ad-bddd-45ba-8d07-3e78feb5654a,3895052,403,33.583333333333336,4658462111,3895052:6088b9ad-bddd-45ba-8d07-3e78feb5654a,1,False
concurrency_n10_20260613_002350_kafka_feed7_rep1,kafka,sb-events-n10-feed7-rep1,2,5244,29710599000,fdf94033-542d-4292-95c2-cb787c750b62,3895086,403,33.583333333333336,4658462111,3895086:fdf94033-542d-4292-95c2-cb787c750b62,1,False
concurrency_n10_20260613_002350_kafka_feed7_rep1,kafka,sb-events-n10-feed7-rep1,1,5251,29710620200,ec99ce1c-a4c8-4148-aa55-3bfe856b5836,3895086,403,33.583333333333336,4658462111,3895086:ec99ce1c-a4c8-4148-aa55-3bfe856b5836,1,False
concurrency_n10_20260613_002350_kafka_feed7_rep1,kafka,sb-events-n10-feed7-rep1,2,5245,29717632800,4a816579-df56-4ce5-b878-8d40f203cb52,3895113,403,33.583333333333336,4658462111,3895113:4a816579-df56-4ce5-b878-8d40f203cb52,1,False
concurrency_n10_20260613_002350_kafka_feed7_rep1,kafka,sb-events-n10-feed7-rep1,2,5246,29730292300,192e9df3-dac7-415f-8997-939d4d5b0f65,3895052,404,33.666666666666664,4659156555,3895052:192e9df3-dac7-415f-8997-939d4d5b0f65,1,False
concurrency_n10_20260613_002350_kafka_feed7_rep1,kafka,sb-events-n10-feed7-rep1,2,5247,29730332300,1bc603e2-bad1-46d7-8749-cc2556e31806,3895052,404,33.666666666666664,4659156555,3895052:1bc603e2-bad1-46d7-8749-cc2556e31806,1,False
concurrency_n10_20260613_002350_kafka_feed7_rep1,kafka,sb-events-n10-feed7-rep1,1,5252,29744954000,923738ee-fc49-4531-abda-89a58219a128,3895086,404,33.666666666666664,4659156555,3895086:923738ee-fc49-4531-abda-89a58219a128,1,False
concurrency_n10_20260613_002350_kafka_feed7_rep1,kafka,sb-events-n10-feed7-rep1,1,5253,29745055000,2ecae5af-88bb-4062-af1e-2d24dc92d5f0,3895052,405,33.75,4659851000,3895052:2ecae5af-88bb-4062-af1e-2d24dc92d5f0,1,False
concurrency_n10_20260613_002350_kafka_feed7_rep1,kafka,sb-events-n10-feed7-rep1,2,5248,29753368000,1df1b344-254f-4242-bbff-259be52f2f9f,3895052,405,33.75,4659851000,3895052:1df1b344-254f-4242-bbff-259be52f2f9f,1,False
concurrency_n10_20260613_002350_kafka_feed7_rep1,kafka,sb-events-n10-feed7-rep1,1,5254,29753412700,1402a0f6-df9a-4a15-a85b-50a0ee7f1aa1,3895086,405,33.75,4659851000,3895086:1402a0f6-df9a-4a15-a85b-50a0ee7f1aa1,1,False
concurrency_n10_20260613_002350_kafka_feed7_rep1,kafka,sb-events-n10-feed7-rep1,2,5249,29760290000,f7cfe3a3-fa88-45b1-9e4a-ad8c92ba7d88,3895086,405,33.75,4659851000,3895086:f7cfe3a3-fa88-45b1-9e4a-ad8c92ba7d88,1,False
concurrency_n10_20260613_002350_kafka_feed7_rep1,kafka,sb-events-n10-feed7-rep1,1,5255,29761844800,34634858-227c-475b-b5c0-af15cc75c55a,3895113,405,33.75,4659851000,3895113:34634858-227c-475b-b5c0-af15cc75c55a,1,False
concurrency_n10_20260613_002350_kafka_feed7_rep1,kafka,sb-events-n10-feed7-rep1,1,5256,29769093500,3b2bd1ac-8290-44b8-b954-ec2bab80ca29,3895113,405,33.75,4659851000,3895113:3b2bd1ac-8290-44b8-b954-ec2bab80ca29,1,False
concurrency_n10_20260613_002350_kafka_feed7_rep1,kafka,sb-events-n10-feed7-rep1,1,5257,29778155100,da545246-60fd-4a0d-9d5d-5d3ca007b671,3895052,406,33.833333333333336,4660545444,3895052:da545246-60fd-4a0d-9d5d-5d3ca007b671,1,False
concurrency_n10_20260613_002350_kafka_feed7_rep1,kafka,sb-events-n10-feed7-rep1,0,5041,29781667700,5ad79794-5352-47c6-ada3-96c1ef072a85,3895052,406,33.833333333333336,4660545444,3895052:5ad79794-5352-47c6-ada3-96c1ef072a85,1,False
concurrency_n10_20260613_002350_kafka_feed7_rep1,kafka,sb-events-n10-feed7-rep1,2,5250,29788732600,ea396394-e219-4728-a86d-bb5b1ee852d5,3895052,406,33.833333333333336,4660545444,3895052:ea396394-e219-4728-a86d-bb5b1ee852d5,1,False
concurrency_n10_20260613_002350_kafka_feed7_rep1,kafka,sb-events-n10-feed7-rep1,1,5258,29795262700,be47d88f-1996-48a0-8925-9f8edaa3ca68,3895086,406,33.833333333333336,4660545444,3895086:be47d88f-1996-48a0-8925-9f8edaa3ca68,1,False
concurrency_n10_20260613_002350_kafka_feed7_rep1,kafka,sb-events-n10-feed7-rep1,1,5259,29795303000,9466e7b4-8e45-4458-a5de-965a57e52aa8,3895113,406,33.833333333333336,4660545444,3895113:9466e7b4-8e45-4458-a5de-965a57e52aa8,1,False
concurrency_n10_20260613_002350_kafka_feed7_rep1,kafka,sb-events-n10-feed7-rep1,2,5251,29810112200,277885fb-01ce-483f-8d09-45be01ab9779,3895052,407,33.916666666666664,4661239888,3895052:277885fb-01ce-483f-8d09-45be01ab9779,1,False
concurrency_n10_20260613_002350_kafka_feed7_rep1,kafka,sb-events-n10-feed7-rep1,0,5042,29819179400,937de409-0477-4d40-8549-5681da2d0fd4,3895086,407,33.916666666666664,4661239888,3895086:937de409-0477-4d40-8549-5681da2d0fd4,1,False
concurrency_n10_20260613_002350_kafka_feed7_rep1,kafka,sb-events-n10-feed7-rep1,1,5260,29819223100,def9f373-446b-4c52-93fe-6dfd8eb38e67,3895052,407,33.916666666666664,4661239888,3895052:def9f373-446b-4c52-93fe-6dfd8eb38e67,1,False
concurrency_n10_20260613_002350_kafka_feed7_rep1,kafka,sb-events-n10-feed7-rep1,1,5261,29819244700,8caecad9-5b7d-4c78-8088-c858e00b900d,3895052,407,33.916666666666664,4661239888,3895052:8caecad9-5b7d-4c78-8088-c858e00b900d,1,False
concurrency_n10_20260613_002350_kafka_feed7_rep1,kafka,sb-events-n10-feed7-rep1,0,5043,29823172900,0629b250-600d-423c-858d-2830bccad9ff,3895052,407,33.916666666666664,4661239888,3895052:0629b250-600d-423c-858d-2830bccad9ff,1,False
concurrency_n10_20260613_002350_kafka_feed7_rep1,kafka,sb-events-n10-feed7-rep1,0,5044,29829745500,fe6a69dc-8631-4c8a-8b09-61f474215e37,3895086,407,33.916666666666664,4661239888,3895086:fe6a69dc-8631-4c8a-8b09-61f474215e37,1,False
concurrency_n10_20260613_002350_kafka_feed7_rep1,kafka,sb-events-n10-feed7-rep1,0,5045,29836882700,32919933-6bb8-4faa-b18e-ad93184393bf,3895060,408,34.0,4661934333,3895060:32919933-6bb8-4faa-b18e-ad93184393bf,1,False
concurrency_n10_20260613_002350_kafka_feed7_rep1,kafka,sb-events-n10-feed7-rep1,0,5046,29836925600,507db774-d073-4767-ab0a-dbac0356c04c,3895086,408,34.0,4661934333,3895086:507db774-d073-4767-ab0a-dbac0356c04c,1,False
concurrency_n10_20260613_002350_kafka_feed7_rep1,kafka,sb-events-n10-feed7-rep1,2,5252,29848575300,4d8f7de9-ba91-4892-a377-88cebd92d43b,3895086,408,34.0,4661934333,3895086:4d8f7de9-ba91-4892-a377-88cebd92d43b,1,False
concurrency_n10_20260613_002350_kafka_feed7_rep1,kafka,sb-events-n10-feed7-rep1,0,5047,29848627100,45d54390-55ed-4ec7-9ed0-3ef10a22a272,3895086,408,34.0,4661934333,3895086:45d54390-55ed-4ec7-9ed0-3ef10a22a272,1,False
concurrency_n10_20260613_002350_kafka_feed7_rep1,kafka,sb-events-n10-feed7-rep1,0,5048,29848656800,c4dc179a-2949-41ca-8758-676ccc586d70,3895113,408,34.0,4661934333,3895113:c4dc179a-2949-41ca-8758-676ccc586d70,1,False
concurrency_n10_20260613_002350_kafka_feed7_rep1,kafka,sb-events-n10-feed7-rep1,2,5253,29854717200,0dc483af-2a22-4957-bcfa-4206c244b3db,3895113,408,34.0,4661934333,3895113:0dc483af-2a22-4957-bcfa-4206c244b3db,1,False
concurrency_n10_20260613_002350_kafka_feed7_rep1,kafka,sb-events-n10-feed7-rep1,1,5262,29859352700,7a1cae44-d611-4898-8e6a-0e6ab7ad3571,3895052,409,34.083333333333336,4662628777,3895052:7a1cae44-d611-4898-8e6a-0e6ab7ad3571,1,False
concurrency_n10_20260613_002350_kafka_feed7_rep1,kafka,sb-events-n10-feed7-rep1,0,5049,29869472000,91059f5d-e167-45b7-a8ea-df5f6428998b,3895086,409,34.083333333333336,4662628777,3895086:91059f5d-e167-45b7-a8ea-df5f6428998b,1,False
concurrency_n10_20260613_002350_kafka_feed7_rep1,kafka,sb-events-n10-feed7-rep1,2,5254,29869514700,2577a998-31d8-46a6-b78f-0bb1f75e62a6,3895086,409,34.083333333333336,4662628777,3895086:2577a998-31d8-46a6-b78f-0bb1f75e62a6,1,False
concurrency_n10_20260613_002350_kafka_feed7_rep1,kafka,sb-events-n10-feed7-rep1,1,5263,29878451300,296aac38-e333-4822-a17e-1cf241ca8a48,3895086,409,34.083333333333336,4662628777,3895086:296aac38-e333-4822-a17e-1cf241ca8a48,1,False
concurrency_n10_20260613_002350_kafka_feed7_rep1,kafka,sb-events-n10-feed7-rep1,2,5255,29885634200,f80cc3e5-f190-499e-a88d-4db8d2eeb8b8,3895113,409,34.083333333333336,4662628777,3895113:f80cc3e5-f190-499e-a88d-4db8d2eeb8b8,1,False
concurrency_n10_20260613_002350_kafka_feed7_rep1,kafka,sb-events-n10-feed7-rep1,1,5264,29890703200,9e692d8d-e162-4e14-bd3b-822eb58cf8d7,3895060,410,34.166666666666664,4663323222,3895060:9e692d8d-e162-4e14-bd3b-822eb58cf8d7,1,False
concurrency_n10_20260613_002350_kafka_feed7_rep1,kafka,sb-events-n10-feed7-rep1,0,5050,29901424200,f85e321f-816d-4b6c-8b0a-c051a766519e,3895060,410,34.166666666666664,4663323222,3895060:f85e321f-816d-4b6c-8b0a-c051a766519e,1,False
concurrency_n10_20260613_002350_kafka_feed7_rep1,kafka,sb-events-n10-feed7-rep1,2,5256,29910264300,32302554-dcc1-4615-b9b5-4186c5c1b65a,3895052,410,34.166666666666664,4663323222,3895052:32302554-dcc1-4615-b9b5-4186c5c1b65a,1,False
concurrency_n10_20260613_002350_kafka_feed7_rep1,kafka,sb-events-n10-feed7-rep1,1,5265,29910307400,35af85ca-d396-423b-a75f-c7315989a22d,3895052,410,34.166666666666664,4663323222,3895052:35af85ca-d396-423b-a75f-c7315989a22d,1,False
concurrency_n10_20260613_002350_kafka_feed7_rep1,kafka,sb-events-n10-feed7-rep1,0,5051,29910330800,86a2b8f2-6c9e-46e1-9a0b-cd9c358f43c9,3895052,410,34.166666666666664,4663323222,3895052:86a2b8f2-6c9e-46e1-9a0b-cd9c358f43c9,1,False
concurrency_n10_20260613_002350_kafka_feed7_rep1,kafka,sb-events-n10-feed7-rep1,2,5257,29927832200,f63cf3f3-4dcb-4f72-9c59-848dcb4c981a,3895060,411,34.25,4664017666,3895060:f63cf3f3-4dcb-4f72-9c59-848dcb4c981a,1,False
concurrency_n10_20260613_002350_kafka_feed7_rep1,kafka,sb-events-n10-feed7-rep1,0,5052,29927869500,d8557160-f77d-4a4f-8d2a-dba2bae4f47b,3895086,410,34.166666666666664,4663323222,3895086:d8557160-f77d-4a4f-8d2a-dba2bae4f47b,1,False
concurrency_n10_20260613_002350_kafka_feed7_rep1,kafka,sb-events-n10-feed7-rep1,1,5266,29934105500,b2b16ddc-9dbc-492c-9700-8dd09543424d,3895134,411,34.25,4664017666,3895134:b2b16ddc-9dbc-492c-9700-8dd09543424d,1,False
concurrency_n10_20260613_002350_kafka_feed7_rep1,kafka,sb-events-n10-feed7-rep1,2,5258,29934150900,d808606f-b088-4c1c-be2c-97e3e1c127d4,3895113,411,34.25,4664017666,3895113:d808606f-b088-4c1c-be2c-97e3e1c127d4,1,False
concurrency_n10_20260613_002350_kafka_feed7_rep1,kafka,sb-events-n10-feed7-rep1,1,5267,29941943400,5570ecf6-6ef2-4490-a64e-a26ae4565a05,3895113,411,34.25,4664017666,3895113:5570ecf6-6ef2-4490-a64e-a26ae4565a05,1,False
concurrency_n10_20260613_002350_kafka_feed7_rep1,kafka,sb-events-n10-feed7-rep1,1,5268,29941988900,cbfece8b-528d-48bb-a985-fd5e64780757,3895060,412,34.333333333333336,4664712111,3895060:cbfece8b-528d-48bb-a985-fd5e64780757,1,False
concurrency_n10_20260613_002350_kafka_feed7_rep1,kafka,sb-events-n10-feed7-rep1,0,5053,29952181900,b0ca91fc-29bf-4b75-ab11-9b00df600132,3895107,412,34.333333333333336,4664712111,3895107:b0ca91fc-29bf-4b75-ab11-9b00df600132,1,False
concurrency_n10_20260613_002350_kafka_feed7_rep1,kafka,sb-events-n10-feed7-rep1,0,5054,29959804100,f0fe5375-7028-4044-af07-74a9d95bc1e7,3895134,412,34.333333333333336,4664712111,3895134:f0fe5375-7028-4044-af07-74a9d95bc1e7,1,False
concurrency_n10_20260613_002350_kafka_feed7_rep1,kafka,sb-events-n10-feed7-rep1,0,5055,29966634900,f1137b6b-87e8-4a2e-89f9-13eb6ec76570,3895134,412,34.333333333333336,4664712111,3895134:f1137b6b-87e8-4a2e-89f9-13eb6ec76570,1,False
concurrency_n10_20260613_002350_kafka_feed7_rep1,kafka,sb-events-n10-feed7-rep1,0,5056,29978536600,049eb390-d5d2-43ac-babd-9bc5b3977429,3895134,412,34.333333333333336,4664712111,3895134:049eb390-d5d2-43ac-babd-9bc5b3977429,1,False
concurrency_n10_20260613_002350_kafka_feed7_rep1,kafka,sb-events-n10-feed7-rep1,2,5259,29982967700,9d177173-1ff5-49c7-85c1-9005c1cb85aa,3895052,412,34.333333333333336,4664712111,3895052:9d177173-1ff5-49c7-85c1-9005c1cb85aa,1,False
concurrency_n10_20260613_002350_kafka_feed7_rep1,kafka,sb-events-n10-feed7-rep1,0,5057,29992858500,536d3016-2a58-45a2-abe7-7510d2fe82c6,3895052,412,34.333333333333336,4664712111,3895052:536d3016-2a58-45a2-abe7-7510d2fe82c6,1,False
concurrency_n10_20260613_002350_kafka_feed7_rep1,kafka,sb-events-n10-feed7-rep1,2,5260,29998583400,61eb9978-041a-4c5d-b84a-e83858aba17a,3895086,412,34.333333333333336,4664712111,3895086:61eb9978-041a-4c5d-b84a-e83858aba17a,1,False
concurrency_n10_20260613_002350_kafka_feed7_rep1,kafka,sb-events-n10-feed7-rep1,2,5261,29998623700,9c2bfa0e-c0d4-4914-8233-9b3fc007a35f,3895086,412,34.333333333333336,4664712111,3895086:9c2bfa0e-c0d4-4914-8233-9b3fc007a35f,1,False
concurrency_n10_20260613_002350_kafka_feed7_rep1,kafka,sb-events-n10-feed7-rep1,1,5269,30010660300,3a8dfce1-23cb-4ebc-9475-506109bebf1c,3895060,413,34.416666666666664,4665406555,3895060:3a8dfce1-23cb-4ebc-9475-506109bebf1c,1,False
concurrency_n10_20260613_002350_kafka_feed7_rep1,kafka,sb-events-n10-feed7-rep1,0,5058,30010730600,623277a1-75db-403a-92c9-c0afe097a0f3,3895060,413,34.416666666666664,4665406555,3895060:623277a1-75db-403a-92c9-c0afe097a0f3,1,False
concurrency_n10_20260613_002350_kafka_feed7_rep1,kafka,sb-events-n10-feed7-rep1,1,5270,30017921100,c1326634-36dc-4bb6-9ed6-814ed105a095,3895134,413,34.416666666666664,4665406555,3895134:c1326634-36dc-4bb6-9ed6-814ed105a095,1,False
concurrency_n10_20260613_002350_kafka_feed7_rep1,kafka,sb-events-n10-feed7-rep1,0,5059,30017971400,e7efbe5c-3cff-4ea4-8ced-a3f2c2aa0ba3,3895060,413,34.416666666666664,4665406555,3895060:e7efbe5c-3cff-4ea4-8ced-a3f2c2aa0ba3,1,False
concurrency_n10_20260613_002350_kafka_feed7_rep1,kafka,sb-events-n10-feed7-rep1,2,5262,30025030200,bd65f10d-e0f0-4aa8-b643-123d11239e92,3895134,413,34.416666666666664,4665406555,3895134:bd65f10d-e0f0-4aa8-b643-123d11239e92,1,False
concurrency_n10_20260613_002350_kafka_feed7_rep1,kafka,sb-events-n10-feed7-rep1,1,5271,30034844800,68e72920-b8ea-4477-80de-6b48608ab973,3895113,413,34.416666666666664,4665406555,3895113:68e72920-b8ea-4477-80de-6b48608ab973,1,False
concurrency_n10_20260613_002350_kafka_feed7_rep1,kafka,sb-events-n10-feed7-rep1,0,5060,30034984400,44290f3c-3ec2-4fa9-b500-4e7a5186c44e,3895113,413,34.416666666666664,4665406555,3895113:44290f3c-3ec2-4fa9-b500-4e7a5186c44e,1,False
concurrency_n10_20260613_002350_kafka_feed7_rep1,kafka,sb-events-n10-feed7-rep1,2,5263,30035018500,2e924e2e-9f8a-4c8b-8a00-68c186e8eaa9,3895134,413,34.416666666666664,4665406555,3895134:2e924e2e-9f8a-4c8b-8a00-68c186e8eaa9,1,False
concurrency_n10_20260613_002350_kafka_feed7_rep1,kafka,sb-events-n10-feed7-rep1,1,5272,30043339500,ff3547ec-2170-4976-8933-a4cb58199080,3895095,414,34.5,4666101000,3895095:ff3547ec-2170-4976-8933-a4cb58199080,1,False
concurrency_n10_20260613_002350_kafka_feed7_rep1,kafka,sb-events-n10-feed7-rep1,1,5273,30050635900,47e31b83-14fc-4b14-b1fe-b65017d691b0,3895060,414,34.5,4666101000,3895060:47e31b83-14fc-4b14-b1fe-b65017d691b0,1,False
concurrency_n10_20260613_002350_kafka_feed7_rep1,kafka,sb-events-n10-feed7-rep1,0,5061,30057596100,949a886f-d69a-4509-9346-4e83b5bd4fcf,3895052,414,34.5,4666101000,3895052:949a886f-d69a-4509-9346-4e83b5bd4fcf,1,False
concurrency_n10_20260613_002350_kafka_feed7_rep1,kafka,sb-events-n10-feed7-rep1,1,5274,30057669100,c736668c-4114-4f71-8581-04840b78fdfc,3895052,414,34.5,4666101000,3895052:c736668c-4114-4f71-8581-04840b78fdfc,1,False
concurrency_n10_20260613_002350_kafka_feed7_rep1,kafka,sb-events-n10-feed7-rep1,1,5275,30064752900,870f203a-1731-4591-8a35-35776163afba,3895052,414,34.5,4666101000,3895052:870f203a-1731-4591-8a35-35776163afba,1,False
concurrency_n10_20260613_002350_kafka_feed7_rep1,kafka,sb-events-n10-feed7-rep1,2,5264,30070988500,d463709b-a7e4-4719-8e7c-f345637a5086,3895086,414,34.5,4666101000,3895086:d463709b-a7e4-4719-8e7c-f345637a5086,1,False
concurrency_n10_20260613_002350_kafka_feed7_rep1,kafka,sb-events-n10-feed7-rep1,2,5265,30081681700,25532f19-4415-4291-b9b3-a4e73494a1f8,3895086,414,34.5,4666101000,3895086:25532f19-4415-4291-b9b3-a4e73494a1f8,1,False
concurrency_n10_20260613_002350_kafka_feed7_rep1,kafka,sb-events-n10-feed7-rep1,2,5266,30081743900,2f085a92-1363-4974-966b-dc892d14e8be,3895086,414,34.5,4666101000,3895086:2f085a92-1363-4974-966b-dc892d14e8be,1,False
concurrency_n10_20260613_002350_kafka_feed7_rep1,kafka,sb-events-n10-feed7-rep1,0,5062,30090109100,d8a02821-cb11-450b-9e91-1109a9f8f97a,3895086,414,34.5,4666101000,3895086:d8a02821-cb11-450b-9e91-1109a9f8f97a,1,False
concurrency_n10_20260613_002350_kafka_feed7_rep1,kafka,sb-events-n10-feed7-rep1,2,5267,30098871000,8e99eef9-a763-462c-9e35-b3b54c78ba71,3895086,414,34.5,4666101000,3895086:8e99eef9-a763-462c-9e35-b3b54c78ba71,1,False
concurrency_n10_20260613_002350_kafka_feed7_rep1,kafka,sb-events-n10-feed7-rep1,0,5063,30098918000,6812f850-269c-4d05-8b62-b71b943c402f,3895107,415,34.583333333333336,4666795444,3895107:6812f850-269c-4d05-8b62-b71b943c402f,1,False
concurrency_n10_20260613_002350_kafka_feed7_rep1,kafka,sb-events-n10-feed7-rep1,0,5064,30108384000,99ca80d7-67b1-4dd3-9ef6-984960943ae8,3895107,415,34.583333333333336,4666795444,3895107:99ca80d7-67b1-4dd3-9ef6-984960943ae8,1,False
concurrency_n10_20260613_002350_kafka_feed7_rep1,kafka,sb-events-n10-feed7-rep1,1,5276,30119161000,b75d8a21-2eb8-4647-a613-33815d403e6a,3895134,415,34.583333333333336,4666795444,3895134:b75d8a21-2eb8-4647-a613-33815d403e6a,1,False
concurrency_n10_20260613_002350_kafka_feed7_rep1,kafka,sb-events-n10-feed7-rep1,2,5268,30127050500,253dcb35-7257-46a0-a08b-249d8b51fbd9,3895134,415,34.583333333333336,4666795444,3895134:253dcb35-7257-46a0-a08b-249d8b51fbd9,1,False
concurrency_n10_20260613_002350_kafka_feed7_rep1,kafka,sb-events-n10-feed7-rep1,0,5065,30127105000,379d9ace-6e36-4c40-817b-a6f32834f83e,3895052,415,34.583333333333336,4666795444,3895052:379d9ace-6e36-4c40-817b-a6f32834f83e,1,False
concurrency_n10_20260613_002350_kafka_feed7_rep1,kafka,sb-events-n10-feed7-rep1,1,5277,30133061300,6147588e-d8a3-4a36-ad8b-e69fcd874daa,3895052,415,34.583333333333336,4666795444,3895052:6147588e-d8a3-4a36-ad8b-e69fcd874daa,1,False
concurrency_n10_20260613_002350_kafka_feed7_rep1,kafka,sb-events-n10-feed7-rep1,1,5278,30133108600,beabc681-2cf8-475a-bb3c-00b7f3b7c2ae,3895052,415,34.583333333333336,4666795444,3895052:beabc681-2cf8-475a-bb3c-00b7f3b7c2ae,1,False
concurrency_n10_20260613_002350_kafka_feed7_rep1,kafka,sb-events-n10-feed7-rep1,0,5066,30143286400,0b4043ea-bec1-4b19-b6ab-d972a45b8598,3895086,415,34.583333333333336,4666795444,3895086:0b4043ea-bec1-4b19-b6ab-d972a45b8598,1,False
concurrency_n10_20260613_002350_kafka_feed7_rep1,kafka,sb-events-n10-feed7-rep1,1,5279,30143338900,21d2c8a0-b595-4272-9dfc-75e88c9941e1,3895086,415,34.583333333333336,4666795444,3895086:21d2c8a0-b595-4272-9dfc-75e88c9941e1,1,False
concurrency_n10_20260613_002350_kafka_feed7_rep1,kafka,sb-events-n10-feed7-rep1,2,5269,30151938100,0692e024-b42d-4dcf-bfc6-20a8aa424b12,3895113,415,34.583333333333336,4666795444,3895113:0692e024-b42d-4dcf-bfc6-20a8aa424b12,1,False
concurrency_n10_20260613_002350_kafka_feed7_rep1,kafka,sb-events-n10-feed7-rep1,0,5067,30163188200,b630e6ee-951f-40bf-91b7-f4e0be85557b,3895095,416,34.666666666666664,4667489888,3895095:b630e6ee-951f-40bf-91b7-f4e0be85557b,1,False
concurrency_n10_20260613_002350_kafka_feed7_rep1,kafka,sb-events-n10-feed7-rep1,2,5270,30171609800,acbad204-8bb9-4133-bd15-3ca49cf3d0ff,3895095,416,34.666666666666664,4667489888,3895095:acbad204-8bb9-4133-bd15-3ca49cf3d0ff,1,False
concurrency_n10_20260613_002350_kafka_feed7_rep1,kafka,sb-events-n10-feed7-rep1,0,5068,30171769600,77733bfd-5fe1-4fc9-9c9f-9196f8190a56,3895121,416,34.666666666666664,4667489888,3895121:77733bfd-5fe1-4fc9-9c9f-9196f8190a56,1,False
concurrency_n10_20260613_002350_kafka_feed7_rep1,kafka,sb-events-n10-feed7-rep1,0,5069,30175426800,9bd4cae3-7820-4dd3-9240-d120514b0bc7,3895060,416,34.666666666666664,4667489888,3895060:9bd4cae3-7820-4dd3-9240-d120514b0bc7,1,False
concurrency_n10_20260613_002350_kafka_feed7_rep1,kafka,sb-events-n10-feed7-rep1,0,5070,30185300300,f8ca4154-43b3-48ed-b553-1cf184ec1038,3895060,416,34.666666666666664,4667489888,3895060:f8ca4154-43b3-48ed-b553-1cf184ec1038,1,False
concurrency_n10_20260613_002350_kafka_feed7_rep1,kafka,sb-events-n10-feed7-rep1,1,5280,30193868500,feec5db4-0f06-4355-8a54-70eb4f6b6dc3,3895060,416,34.666666666666664,4667489888,3895060:feec5db4-0f06-4355-8a54-70eb4f6b6dc3,1,False
concurrency_n10_20260613_002350_kafka_feed7_rep1,kafka,sb-events-n10-feed7-rep1,0,5071,30193908400,b34b9ac5-3ae8-40ba-9a82-3869f19685e6,3895060,416,34.666666666666664,4667489888,3895060:b34b9ac5-3ae8-40ba-9a82-3869f19685e6,1,False
concurrency_n10_20260613_002350_kafka_feed7_rep1,kafka,sb-events-n10-feed7-rep1,2,5271,30200134500,65e1d14d-aa22-4c4c-b1ce-1537efd7439d,3895060,416,34.666666666666664,4667489888,3895060:65e1d14d-aa22-4c4c-b1ce-1537efd7439d,1,False
concurrency_n10_20260613_002350_kafka_feed7_rep1,kafka,sb-events-n10-feed7-rep1,2,5272,30200196000,908f957e-04f1-48fb-8e99-287395ea1faa,3895052,416,34.666666666666664,4667489888,3895052:908f957e-04f1-48fb-8e99-287395ea1faa,1,False
concurrency_n10_20260613_002350_kafka_feed7_rep1,kafka,sb-events-n10-feed7-rep1,2,5273,30212592500,a55fbea5-23f7-4ebe-b0a3-0317649ece33,3895052,416,34.666666666666664,4667489888,3895052:a55fbea5-23f7-4ebe-b0a3-0317649ece33,1,False
concurrency_n10_20260613_002350_kafka_feed7_rep1,kafka,sb-events-n10-feed7-rep1,2,5274,30218382300,fbe5b36f-ffec-4d50-a29c-b27c8ca90566,3895113,416,34.666666666666664,4667489888,3895113:fbe5b36f-ffec-4d50-a29c-b27c8ca90566,1,False
concurrency_n10_20260613_002350_kafka_feed7_rep1,kafka,sb-events-n10-feed7-rep1,2,5275,30218448100,77203fc8-8554-443f-ad87-073950296d0f,3895113,416,34.666666666666664,4667489888,3895113:77203fc8-8554-443f-ad87-073950296d0f,1,False
concurrency_n10_20260613_002350_kafka_feed7_rep1,kafka,sb-events-n10-feed7-rep1,1,5281,30223935100,bbda0fd5-ae9d-49a1-8b96-adbc5fb7e2de,3895113,416,34.666666666666664,4667489888,3895113:bbda0fd5-ae9d-49a1-8b96-adbc5fb7e2de,1,False
concurrency_n10_20260613_002350_kafka_feed7_rep1,kafka,sb-events-n10-feed7-rep1,0,5072,30230115800,f602af13-6e83-4f6c-9be4-43b87393fb88,3895095,417,34.75,4668184333,3895095:f602af13-6e83-4f6c-9be4-43b87393fb88,1,False
concurrency_n10_20260613_002350_kafka_feed7_rep1,kafka,sb-events-n10-feed7-rep1,2,5276,30240746900,c8a4f65e-de16-4a55-8fea-5000bb592df9,3895095,417,34.75,4668184333,3895095:c8a4f65e-de16-4a55-8fea-5000bb592df9,1,False
concurrency_n10_20260613_002350_kafka_feed7_rep1,kafka,sb-events-n10-feed7-rep1,2,5277,30240797300,7c182b15-333f-4814-a1c6-d792e20b8ccc,3895121,417,34.75,4668184333,3895121:7c182b15-333f-4814-a1c6-d792e20b8ccc,1,False
concurrency_n10_20260613_002350_kafka_feed7_rep1,kafka,sb-events-n10-feed7-rep1,0,5073,30246089400,06b004be-3024-46a5-b7d6-bfde9decffc6,3895121,417,34.75,4668184333,3895121:06b004be-3024-46a5-b7d6-bfde9decffc6,1,False
concurrency_n10_20260613_002350_kafka_feed7_rep1,kafka,sb-events-n10-feed7-rep1,2,5278,30246134700,5138cd1b-110a-4921-b1a7-c909e6d0595d,3895121,417,34.75,4668184333,3895121:5138cd1b-110a-4921-b1a7-c909e6d0595d,1,False
concurrency_n10_20260613_002350_kafka_feed7_rep1,kafka,sb-events-n10-feed7-rep1,0,5074,30250984800,475f9dcb-bb4b-40c5-a86a-34371bdd6335,3895067,417,34.75,4668184333,3895067:475f9dcb-bb4b-40c5-a86a-34371bdd6335,1,False
concurrency_n10_20260613_002350_kafka_feed7_rep1,kafka,sb-events-n10-feed7-rep1,1,5282,30259723400,79751425-951b-446f-b337-7b354c42acaf,3895107,417,34.75,4668184333,3895107:79751425-951b-446f-b337-7b354c42acaf,1,False
concurrency_n10_20260613_002350_kafka_feed7_rep1,kafka,sb-events-n10-feed7-rep1,1,5283,30264594100,bee45a1b-7555-4637-bb99-33137194ec5a,3895107,417,34.75,4668184333,3895107:bee45a1b-7555-4637-bb99-33137194ec5a,1,False
concurrency_n10_20260613_002350_kafka_feed7_rep1,kafka,sb-events-n10-feed7-rep1,1,5284,30264648300,257932ed-8347-4039-8c47-79fce70b8520,3895113,417,34.75,4668184333,3895113:257932ed-8347-4039-8c47-79fce70b8520,1,False
concurrency_n10_20260613_002350_kafka_feed7_rep1,kafka,sb-events-n10-feed7-rep1,0,5075,30277500800,358ad0b5-866d-4ca3-a08d-9d5ff6090d45,3895113,417,34.75,4668184333,3895113:358ad0b5-866d-4ca3-a08d-9d5ff6090d45,1,False
concurrency_n10_20260613_002350_kafka_feed7_rep1,kafka,sb-events-n10-feed7-rep1,0,5076,30277562400,47de5d62-d762-4704-9e04-0d1a9266c1d8,3895095,418,34.833333333333336,4668878777,3895095:47de5d62-d762-4704-9e04-0d1a9266c1d8,1,False
concurrency_n10_20260613_002350_kafka_feed7_rep1,kafka,sb-events-n10-feed7-rep1,0,5077,30277640900,8f596fd2-0f57-4e26-a29e-c10996f42f74,3895067,418,34.833333333333336,4668878777,3895067:8f596fd2-0f57-4e26-a29e-c10996f42f74,1,False
concurrency_n10_20260613_002350_kafka_feed7_rep1,kafka,sb-events-n10-feed7-rep1,2,5279,30284676100,55b6a5e4-4628-4e20-907f-615515236ec7,3895107,418,34.833333333333336,4668878777,3895107:55b6a5e4-4628-4e20-907f-615515236ec7,1,False
concurrency_n10_20260613_002350_kafka_feed7_rep1,kafka,sb-events-n10-feed7-rep1,0,5078,30284718200,506ab386-496b-4e13-b497-02c06a45148a,3895107,418,34.833333333333336,4668878777,3895107:506ab386-496b-4e13-b497-02c06a45148a,1,False
concurrency_n10_20260613_002350_kafka_feed7_rep1,kafka,sb-events-n10-feed7-rep1,2,5280,30288473800,7e115206-e835-4e32-8de9-0edc67fe7bf7,3895052,418,34.833333333333336,4668878777,3895052:7e115206-e835-4e32-8de9-0edc67fe7bf7,1,False
concurrency_n10_20260613_002350_kafka_feed7_rep1,kafka,sb-events-n10-feed7-rep1,1,5285,30296338300,19832783-f5f6-41ce-ba88-d0b2b263d71f,3895113,418,34.833333333333336,4668878777,3895113:19832783-f5f6-41ce-ba88-d0b2b263d71f,1,False
concurrency_n10_20260613_002350_kafka_feed7_rep1,kafka,sb-events-n10-feed7-rep1,1,5286,30296388200,77982580-78a9-484f-a647-0224cba818e8,3895095,419,34.916666666666664,4669573222,3895095:77982580-78a9-484f-a647-0224cba818e8,1,False
concurrency_n10_20260613_002350_kafka_feed7_rep1,kafka,sb-events-n10-feed7-rep1,2,5281,30301751200,b9184c86-7d6a-44d1-b147-574784daa4f5,3895095,419,34.916666666666664,4669573222,3895095:b9184c86-7d6a-44d1-b147-574784daa4f5,1,False
concurrency_n10_20260613_002350_kafka_feed7_rep1,kafka,sb-events-n10-feed7-rep1,2,5282,30306125000,efbc0cd9-0b72-41cc-a5ec-f62779fd6aca,3895052,419,34.916666666666664,4669573222,3895052:efbc0cd9-0b72-41cc-a5ec-f62779fd6aca,1,False
concurrency_n10_20260613_002350_kafka_feed7_rep1,kafka,sb-events-n10-feed7-rep1,1,5287,30317340700,3338f79f-b203-4dc7-83e2-98c37ca8e12f,3895052,419,34.916666666666664,4669573222,3895052:3338f79f-b203-4dc7-83e2-98c37ca8e12f,1,False
concurrency_n10_20260613_002350_kafka_feed7_rep1,kafka,sb-events-n10-feed7-rep1,1,5288,30317386400,b727a896-9cdc-4334-ab9b-9237d0b76848,3895067,420,35.0,4670267666,3895067:b727a896-9cdc-4334-ab9b-9237d0b76848,1,False
concurrency_n10_20260613_002350_kafka_feed7_rep1,kafka,sb-events-n10-feed7-rep1,2,5283,30324220700,d7db4f40-1535-4d73-a2f3-a27c78963c8b,3895113,420,35.0,4670267666,3895113:d7db4f40-1535-4d73-a2f3-a27c78963c8b,1,False
concurrency_n10_20260613_002350_kafka_feed7_rep1,kafka,sb-events-n10-feed7-rep1,1,5289,30324266900,015aa0ed-4f76-44fb-9aa5-208f77af020b,3895113,420,35.0,4670267666,3895113:015aa0ed-4f76-44fb-9aa5-208f77af020b,1,False
concurrency_n10_20260613_002350_kafka_feed7_rep1,kafka,sb-events-n10-feed7-rep1,0,5079,30330484800,40cf82a5-f894-407d-927a-6998d56f06da,3895095,421,35.083333333333336,4670962111,3895095:40cf82a5-f894-407d-927a-6998d56f06da,1,False
concurrency_n10_20260613_002350_kafka_feed7_rep1,kafka,sb-events-n10-feed7-rep1,2,5284,30337713900,10b10ad8-6ae8-4988-83e9-bec12af31813,3895107,421,35.083333333333336,4670962111,3895107:10b10ad8-6ae8-4988-83e9-bec12af31813,1,False
concurrency_n10_20260613_002350_kafka_feed7_rep1,kafka,sb-events-n10-feed7-rep1,1,5290,30337814000,9877fe33-ba1b-4830-81d9-b393db345d2c,3895107,421,35.083333333333336,4670962111,3895107:9877fe33-ba1b-4830-81d9-b393db345d2c,1,False
concurrency_n10_20260613_002350_kafka_feed7_rep1,kafka,sb-events-n10-feed7-rep1,2,5285,30343154200,e6867187-7dcc-4683-b53d-39f1dbde94fa,3895107,421,35.083333333333336,4670962111,3895107:e6867187-7dcc-4683-b53d-39f1dbde94fa,1,False
concurrency_n10_20260613_002350_kafka_feed7_rep1,kafka,sb-events-n10-feed7-rep1,0,5080,30352510800,f68b6b3e-82e4-4c96-a859-9bd2f822111b,3895113,421,35.083333333333336,4670962111,3895113:f68b6b3e-82e4-4c96-a859-9bd2f822111b,1,False
concurrency_n10_20260613_002350_kafka_feed7_rep1,kafka,sb-events-n10-feed7-rep1,1,5291,30365532100,ed40601f-a3a5-4d32-a87b-ff24e0302022,3895113,421,35.083333333333336,4670962111,3895113:ed40601f-a3a5-4d32-a87b-ff24e0302022,1,False
concurrency_n10_20260613_002350_kafka_feed7_rep1,kafka,sb-events-n10-feed7-rep1,1,5292,30365574600,8529bde3-983c-4025-8ba6-848af3117801,3895095,422,35.166666666666664,4671656555,3895095:8529bde3-983c-4025-8ba6-848af3117801,1,False
concurrency_n10_20260613_002350_kafka_feed7_rep1,kafka,sb-events-n10-feed7-rep1,0,5081,30365596400,d4556014-5256-4e1e-9a08-39c118c98ca6,3895113,421,35.083333333333336,4670962111,3895113:d4556014-5256-4e1e-9a08-39c118c98ca6,1,False
concurrency_n10_20260613_002350_kafka_feed7_rep1,kafka,sb-events-n10-feed7-rep1,2,5286,30372241100,5adeab2c-b652-4898-972d-0086e866cc09,3895095,422,35.166666666666664,4671656555,3895095:5adeab2c-b652-4898-972d-0086e866cc09,1,False
concurrency_n10_20260613_002350_kafka_feed7_rep1,kafka,sb-events-n10-feed7-rep1,1,5293,30379092600,b26a8a32-8c02-4a46-b785-68a3b34e4e67,3895067,422,35.166666666666664,4671656555,3895067:b26a8a32-8c02-4a46-b785-68a3b34e4e67,1,False
concurrency_n10_20260613_002350_kafka_feed7_rep1,kafka,sb-events-n10-feed7-rep1,0,5082,30379135300,87e4711a-1ca3-4370-8bb9-3a00caab8c51,3895067,422,35.166666666666664,4671656555,3895067:87e4711a-1ca3-4370-8bb9-3a00caab8c51,1,False
concurrency_n10_20260613_002350_kafka_feed7_rep1,kafka,sb-events-n10-feed7-rep1,1,5294,30391021000,e09f814d-e43c-42ee-882c-6d000acf6c73,3895067,422,35.166666666666664,4671656555,3895067:e09f814d-e43c-42ee-882c-6d000acf6c73,1,False
concurrency_n10_20260613_002350_kafka_feed7_rep1,kafka,sb-events-n10-feed7-rep1,0,5083,30403161400,5d544481-3697-4ed7-a614-f9fb9c1edfb8,3895113,422,35.166666666666664,4671656555,3895113:5d544481-3697-4ed7-a614-f9fb9c1edfb8,1,False
concurrency_n10_20260613_002350_kafka_feed7_rep1,kafka,sb-events-n10-feed7-rep1,1,5295,30403220900,c6a68a89-8e28-4787-8071-ee2238f7ec12,3895052,422,35.166666666666664,4671656555,3895052:c6a68a89-8e28-4787-8071-ee2238f7ec12,1,False
concurrency_n10_20260613_002350_kafka_feed7_rep1,kafka,sb-events-n10-feed7-rep1,2,5287,30409206900,bca77d47-f9f8-4766-a34a-08c172eda3d0,3895095,423,35.25,4672351000,3895095:bca77d47-f9f8-4766-a34a-08c172eda3d0,1,False
concurrency_n10_20260613_002350_kafka_feed7_rep1,kafka,sb-events-n10-feed7-rep1,2,5288,30409264100,7fc08a97-ce61-4425-a1eb-646252e6271c,3895052,423,35.25,4672351000,3895052:7fc08a97-ce61-4425-a1eb-646252e6271c,1,False
concurrency_n10_20260613_002350_kafka_feed7_rep1,kafka,sb-events-n10-feed7-rep1,0,5084,30409300200,84383b5d-c08c-4020-9b5e-aa636c93380a,3895052,423,35.25,4672351000,3895052:84383b5d-c08c-4020-9b5e-aa636c93380a,1,False
concurrency_n10_20260613_002350_kafka_feed7_rep1,kafka,sb-events-n10-feed7-rep1,2,5289,30419205600,f25310be-8808-45cf-857a-24465bb05552,3895095,424,35.333333333333336,4673045444,3895095:f25310be-8808-45cf-857a-24465bb05552,1,False
concurrency_n10_20260613_002350_kafka_feed7_rep1,kafka,sb-events-n10-feed7-rep1,1,5296,30425669000,fbb22634-7438-4151-b9b1-0b834c52ed57,3895095,424,35.333333333333336,4673045444,3895095:fbb22634-7438-4151-b9b1-0b834c52ed57,1,False
concurrency_n10_20260613_002350_kafka_feed7_rep1,kafka,sb-events-n10-feed7-rep1,1,5297,30425709900,c5a7dbce-13fb-43cc-9479-381d93382113,3895121,424,35.333333333333336,4673045444,3895121:c5a7dbce-13fb-43cc-9479-381d93382113,1,False
concurrency_n10_20260613_002350_kafka_feed7_rep1,kafka,sb-events-n10-feed7-rep1,0,5085,30433911500,e002fe65-6625-4378-b5fd-1f8f4795d3ea,3895060,424,35.333333333333336,4673045444,3895060:e002fe65-6625-4378-b5fd-1f8f4795d3ea,1,False
concurrency_n10_20260613_002350_kafka_feed7_rep1,kafka,sb-events-n10-feed7-rep1,2,5290,30443628600,84c3bc58-acea-4433-a077-bb93b993e54b,3895067,424,35.333333333333336,4673045444,3895067:84c3bc58-acea-4433-a077-bb93b993e54b,1,False
concurrency_n10_20260613_002350_kafka_feed7_rep1,kafka,sb-events-n10-feed7-rep1,0,5086,30450401600,1bf883fe-4aac-4e50-8ad4-b5911f1b9233,3895067,424,35.333333333333336,4673045444,3895067:1bf883fe-4aac-4e50-8ad4-b5911f1b9233,1,False
concurrency_n10_20260613_002350_kafka_feed7_rep1,kafka,sb-events-n10-feed7-rep1,2,5291,30455494900,9285db92-2f24-4ad4-8435-b60db43df8ee,3895067,424,35.333333333333336,4673045444,3895067:9285db92-2f24-4ad4-8435-b60db43df8ee,1,False
concurrency_n10_20260613_002350_kafka_feed7_rep1,kafka,sb-events-n10-feed7-rep1,1,5298,30461451100,b12df8ae-5e7d-43a2-b8fc-04658119dd5f,3895107,424,35.333333333333336,4673045444,3895107:b12df8ae-5e7d-43a2-b8fc-04658119dd5f,1,False
concurrency_n10_20260613_002350_kafka_feed7_rep1,kafka,sb-events-n10-feed7-rep1,0,5087,30465819900,6d8088a4-2f31-4bbd-a6f1-865d876a4f1b,3895107,424,35.333333333333336,4673045444,3895107:6d8088a4-2f31-4bbd-a6f1-865d876a4f1b,1,False
concurrency_n10_20260613_002350_kafka_feed7_rep1,kafka,sb-events-n10-feed7-rep1,2,5292,30483957900,e03b541a-0128-4a89-a779-ec9e04af45f2,3895095,425,35.416666666666664,4673739888,3895095:e03b541a-0128-4a89-a779-ec9e04af45f2,1,False
concurrency_n10_20260613_002350_kafka_feed7_rep1,kafka,sb-events-n10-feed7-rep1,1,5299,30495133300,38bd0c04-893f-4c29-9619-699c2924da1c,3895060,425,35.416666666666664,4673739888,3895060:38bd0c04-893f-4c29-9619-699c2924da1c,1,False
concurrency_n10_20260613_002350_kafka_feed7_rep1,kafka,sb-events-n10-feed7-rep1,1,5300,30495179300,57f01443-fba4-49b5-b44a-65824bf6fa3f,3895067,425,35.416666666666664,4673739888,3895067:57f01443-fba4-49b5-b44a-65824bf6fa3f,1,False
concurrency_n10_20260613_002350_kafka_feed7_rep1,kafka,sb-events-n10-feed7-rep1,0,5088,30495200900,d406f4e2-df35-4eab-9aaa-ccb6a52802ae,3895095,425,35.416666666666664,4673739888,3895095:d406f4e2-df35-4eab-9aaa-ccb6a52802ae,1,False
concurrency_n10_20260613_002350_kafka_feed7_rep1,kafka,sb-events-n10-feed7-rep1,2,5293,30495221000,fd39eb14-b6ea-432b-a902-c9553ce0bc59,3895067,425,35.416666666666664,4673739888,3895067:fd39eb14-b6ea-432b-a902-c9553ce0bc59,1,False
concurrency_n10_20260613_002350_kafka_feed7_rep1,kafka,sb-events-n10-feed7-rep1,1,5301,30502980600,ce661350-9ba1-4054-9861-89dbd8320148,3895095,426,35.5,4674434333,3895095:ce661350-9ba1-4054-9861-89dbd8320148,1,False
concurrency_n10_20260613_002350_kafka_feed7_rep1,kafka,sb-events-n10-feed7-rep1,2,5294,30503024400,45e701be-e227-45fb-b099-b50b01715efa,3895113,425,35.416666666666664,4673739888,3895113:45e701be-e227-45fb-b099-b50b01715efa,1,False
concurrency_n10_20260613_002350_kafka_feed7_rep1,kafka,sb-events-n10-feed7-rep1,0,5089,30510619900,177113c4-7f09-49b2-8275-501bbab8296b,3895121,426,35.5,4674434333,3895121:177113c4-7f09-49b2-8275-501bbab8296b,1,False
concurrency_n10_20260613_002350_kafka_feed7_rep1,kafka,sb-events-n10-feed7-rep1,0,5090,30518841400,8c0a0745-671c-4ff3-94a5-67e1588a7133,3895121,426,35.5,4674434333,3895121:8c0a0745-671c-4ff3-94a5-67e1588a7133,1,False
concurrency_n10_20260613_002350_kafka_feed7_rep1,kafka,sb-events-n10-feed7-rep1,0,5091,30527433800,637250a5-80b7-442b-96f3-e6dd79f6435b,3895107,426,35.5,4674434333,3895107:637250a5-80b7-442b-96f3-e6dd79f6435b,1,False
concurrency_n10_20260613_002350_kafka_feed7_rep1,kafka,sb-events-n10-feed7-rep1,2,5295,30536511800,dd28b9b3-01c4-4d13-a89a-9d4dfa958bf0,3895107,426,35.5,4674434333,3895107:dd28b9b3-01c4-4d13-a89a-9d4dfa958bf0,1,False
concurrency_n10_20260613_002350_kafka_feed7_rep1,kafka,sb-events-n10-feed7-rep1,0,5092,30544204900,3deee1c7-7081-4932-afe5-029c6365c89e,3895052,426,35.5,4674434333,3895052:3deee1c7-7081-4932-afe5-029c6365c89e,1,False
concurrency_n10_20260613_002350_kafka_feed7_rep1,kafka,sb-events-n10-feed7-rep1,1,5302,30553368300,8ae6bdb2-c24b-4ed0-983c-e939993c6742,3895113,426,35.5,4674434333,3895113:8ae6bdb2-c24b-4ed0-983c-e939993c6742,1,False
concurrency_n10_20260613_002350_kafka_feed7_rep1,kafka,sb-events-n10-feed7-rep1,1,5303,30553410100,c92066a9-da65-499a-bd0a-e88faacd1e16,3895113,426,35.5,4674434333,3895113:c92066a9-da65-499a-bd0a-e88faacd1e16,1,False
concurrency_n10_20260613_002350_kafka_feed7_rep1,kafka,sb-events-n10-feed7-rep1,2,5296,30561088500,6edc63ff-2dda-4fc8-ba14-ae9912b3209e,3895113,426,35.5,4674434333,3895113:6edc63ff-2dda-4fc8-ba14-ae9912b3209e,1,False
concurrency_n10_20260613_002350_kafka_feed7_rep1,kafka,sb-events-n10-feed7-rep1,1,5304,30569905400,db9d84fd-432f-4f42-b473-d4b609bf7918,3895095,427,35.583333333333336,4675128777,3895095:db9d84fd-432f-4f42-b473-d4b609bf7918,1,False
concurrency_n10_20260613_002350_kafka_feed7_rep1,kafka,sb-events-n10-feed7-rep1,1,5305,30570116600,fb60ad6e-542e-4749-a9be-645d710a0c12,3895095,427,35.583333333333336,4675128777,3895095:fb60ad6e-542e-4749-a9be-645d710a0c12,1,False
concurrency_n10_20260613_002350_kafka_feed7_rep1,kafka,sb-events-n10-feed7-rep1,0,5093,30574934800,48b2c580-fcfb-42ea-b767-e9832aa833dd,3895107,427,35.583333333333336,4675128777,3895107:48b2c580-fcfb-42ea-b767-e9832aa833dd,1,False
concurrency_n10_20260613_002350_kafka_feed7_rep1,kafka,sb-events-n10-feed7-rep1,2,5297,30582623600,0a603bab-8f62-4b61-a69e-89540ece0633,3895052,427,35.583333333333336,4675128777,3895052:0a603bab-8f62-4b61-a69e-89540ece0633,1,False
concurrency_n10_20260613_002350_kafka_feed7_rep1,kafka,sb-events-n10-feed7-rep1,2,5298,30586121100,2fa6a61d-2459-4a0f-b59f-4886fe4f5ea0,3895052,427,35.583333333333336,4675128777,3895052:2fa6a61d-2459-4a0f-b59f-4886fe4f5ea0,1,False
concurrency_n10_20260613_002350_kafka_feed7_rep1,kafka,sb-events-n10-feed7-rep1,0,5094,30595093000,ea0c80fe-688f-4973-ace6-d2ce2684a1d8,3895095,428,35.666666666666664,4675823222,3895095:ea0c80fe-688f-4973-ace6-d2ce2684a1d8,1,False
concurrency_n10_20260613_002350_kafka_feed7_rep1,kafka,sb-events-n10-feed7-rep1,1,5306,30603053100,4bb72644-890a-40bb-bcba-ce5cd5eed663,3895095,428,35.666666666666664,4675823222,3895095:4bb72644-890a-40bb-bcba-ce5cd5eed663,1,False
concurrency_n10_20260613_002350_kafka_feed7_rep1,kafka,sb-events-n10-feed7-rep1,0,5095,30608657300,11f4dd85-d69a-4211-b9be-7e11aa409a6d,3895113,428,35.666666666666664,4675823222,3895113:11f4dd85-d69a-4211-b9be-7e11aa409a6d,1,False
concurrency_n10_20260613_002350_kafka_feed7_rep1,kafka,sb-events-n10-feed7-rep1,1,5307,30608704800,def67e64-947f-422a-853c-70648bdf0bfc,3895113,428,35.666666666666664,4675823222,3895113:def67e64-947f-422a-853c-70648bdf0bfc,1,False
concurrency_n10_20260613_002350_kafka_feed7_rep1,kafka,sb-events-n10-feed7-rep1,1,5308,30616644800,b66a86fd-1b53-4985-b277-9512f9a82a1d,3895095,429,35.75,4676517666,3895095:b66a86fd-1b53-4985-b277-9512f9a82a1d,1,False
concurrency_n10_20260613_002350_kafka_feed7_rep1,kafka,sb-events-n10-feed7-rep1,2,5299,30625977800,e3332417-1d5d-4f0b-860a-8177361a7898,3895095,429,35.75,4676517666,3895095:e3332417-1d5d-4f0b-860a-8177361a7898,1,False
concurrency_n10_20260613_002350_kafka_feed7_rep1,kafka,sb-events-n10-feed7-rep1,0,5096,30634710800,8db5b84a-4efe-4569-99d8-5fdbe4823787,3895067,429,35.75,4676517666,3895067:8db5b84a-4efe-4569-99d8-5fdbe4823787,1,False
concurrency_n10_20260613_002350_kafka_feed7_rep1,kafka,sb-events-n10-feed7-rep1,2,5300,30634757900,fdad131f-38c4-4a0d-ac58-0a8bfc15a8ef,3895121,429,35.75,4676517666,3895121:fdad131f-38c4-4a0d-ac58-0a8bfc15a8ef,1,False
concurrency_n10_20260613_002350_kafka_feed7_rep1,kafka,sb-events-n10-feed7-rep1,1,5309,30639514200,034a278a-8f57-4670-8cf0-1b6dabc19014,3895107,429,35.75,4676517666,3895107:034a278a-8f57-4670-8cf0-1b6dabc19014,1,False
concurrency_n10_20260613_002350_kafka_feed7_rep1,kafka,sb-events-n10-feed7-rep1,1,5310,30645775600,dfd27999-52a4-42b8-a6e5-424cb70e1484,3895107,429,35.75,4676517666,3895107:dfd27999-52a4-42b8-a6e5-424cb70e1484,1,False
concurrency_n10_20260613_002350_kafka_feed7_rep1,kafka,sb-events-n10-feed7-rep1,0,5097,30651937100,f96ae738-f917-46ca-9d54-9b60a348efb3,3895113,429,35.75,4676517666,3895113:f96ae738-f917-46ca-9d54-9b60a348efb3,1,False
concurrency_n10_20260613_002350_kafka_feed7_rep1,kafka,sb-events-n10-feed7-rep1,0,5098,30651984300,ce31adac-f711-4460-a18e-e56195878998,3895113,429,35.75,4676517666,3895113:ce31adac-f711-4460-a18e-e56195878998,1,False
concurrency_n10_20260613_002350_kafka_feed7_rep1,kafka,sb-events-n10-feed7-rep1,0,5099,30658661400,055732f8-40e1-47fb-a7ee-fd5a32d596d8,3895095,430,35.833333333333336,4677212111,3895095:055732f8-40e1-47fb-a7ee-fd5a32d596d8,1,False
concurrency_n10_20260613_002350_kafka_feed7_rep1,kafka,sb-events-n10-feed7-rep1,2,5301,30669969100,262e08cf-dc35-4ef4-a9a2-6cc6df40b750,3895060,430,35.833333333333336,4677212111,3895060:262e08cf-dc35-4ef4-a9a2-6cc6df40b750,1,False
concurrency_n10_20260613_002350_kafka_feed7_rep1,kafka,sb-events-n10-feed7-rep1,1,5311,30680519300,c19ac7f5-1244-40b2-a581-211b2f547dfb,3895067,430,35.833333333333336,4677212111,3895067:c19ac7f5-1244-40b2-a581-211b2f547dfb,1,False
concurrency_n10_20260613_002350_kafka_feed7_rep1,kafka,sb-events-n10-feed7-rep1,2,5302,30688612800,9db4ba45-346b-4c43-ac9b-5404abb4bad5,3895067,430,35.833333333333336,4677212111,3895067:9db4ba45-346b-4c43-ac9b-5404abb4bad5,1,False
concurrency_n10_20260613_002350_kafka_feed7_rep1,kafka,sb-events-n10-feed7-rep1,2,5303,30692672000,144bfef4-ffc4-4f45-9ae2-1b0a02eb9661,3895107,430,35.833333333333336,4677212111,3895107:144bfef4-ffc4-4f45-9ae2-1b0a02eb9661,1,False
concurrency_n10_20260613_002350_kafka_feed7_rep1,kafka,sb-events-n10-feed7-rep1,2,5304,30700121100,1d710c2e-cbc2-432b-9bf8-43caf966b015,3895113,430,35.833333333333336,4677212111,3895113:1d710c2e-cbc2-432b-9bf8-43caf966b015,1,False
concurrency_n10_20260613_002350_kafka_feed7_rep1,kafka,sb-events-n10-feed7-rep1,0,5100,30707017400,4a6581a9-0412-4587-8dc0-4ffe46c29171,3895095,431,35.916666666666664,4677906555,3895095:4a6581a9-0412-4587-8dc0-4ffe46c29171,1,False
concurrency_n10_20260613_002350_kafka_feed7_rep1,kafka,sb-events-n10-feed7-rep1,2,5305,30715440600,32187eb7-eedb-4e12-a898-a7d56d3b68a6,3895095,431,35.916666666666664,4677906555,3895095:32187eb7-eedb-4e12-a898-a7d56d3b68a6,1,False
concurrency_n10_20260613_002350_kafka_feed7_rep1,kafka,sb-events-n10-feed7-rep1,1,5312,30724291500,6f6abba1-714f-4452-95ed-dd6cc46b399b,3895121,431,35.916666666666664,4677906555,3895121:6f6abba1-714f-4452-95ed-dd6cc46b399b,1,False
concurrency_n10_20260613_002350_kafka_feed7_rep1,kafka,sb-events-n10-feed7-rep1,0,5101,30731341600,bb21425a-e4f4-4be2-8056-cf17dd2b881e,3895121,431,35.916666666666664,4677906555,3895121:bb21425a-e4f4-4be2-8056-cf17dd2b881e,1,False
concurrency_n10_20260613_002350_kafka_feed7_rep1,kafka,sb-events-n10-feed7-rep1,0,5102,30731392200,ac1f6adf-b947-4def-8356-a26808cfdd55,3895060,431,35.916666666666664,4677906555,3895060:ac1f6adf-b947-4def-8356-a26808cfdd55,1,False
concurrency_n10_20260613_002350_kafka_feed7_rep1,kafka,sb-events-n10-feed7-rep1,2,5306,30741719800,9354de97-1691-4640-b8dc-a3a4aac7f3f2,3895060,431,35.916666666666664,4677906555,3895060:9354de97-1691-4640-b8dc-a3a4aac7f3f2,1,False
concurrency_n10_20260613_002350_kafka_feed7_rep1,kafka,sb-events-n10-feed7-rep1,0,5103,30751634800,e3014085-76db-4cd3-996c-114a6765ff2b,3895060,431,35.916666666666664,4677906555,3895060:e3014085-76db-4cd3-996c-114a6765ff2b,1,False
concurrency_n10_20260613_002350_kafka_feed7_rep1,kafka,sb-events-n10-feed7-rep1,0,5104,30751681800,e3632c7d-6f54-4e9e-9d94-3e205aa61725,3895060,431,35.916666666666664,4677906555,3895060:e3632c7d-6f54-4e9e-9d94-3e205aa61725,1,False
concurrency_n10_20260613_002350_kafka_feed7_rep1,kafka,sb-events-n10-feed7-rep1,1,5313,30758751000,54cc941c-73bd-49d2-96ac-b1524e6e9c73,3895067,431,35.916666666666664,4677906555,3895067:54cc941c-73bd-49d2-96ac-b1524e6e9c73,1,False
concurrency_n10_20260613_002350_kafka_feed7_rep1,kafka,sb-events-n10-feed7-rep1,1,5314,30776337900,4479164d-0996-42af-9f05-6b6463406836,3895107,431,35.916666666666664,4677906555,3895107:4479164d-0996-42af-9f05-6b6463406836,1,False
concurrency_n10_20260613_002350_kafka_feed7_rep1,kafka,sb-events-n10-feed7-rep1,2,5307,30785714700,e8d5b618-cd87-489d-ba58-f5bc4dc905f4,3895107,431,35.916666666666664,4677906555,3895107:e8d5b618-cd87-489d-ba58-f5bc4dc905f4,1,False
concurrency_n10_20260613_002350_kafka_feed7_rep1,kafka,sb-events-n10-feed7-rep1,1,5315,30785760300,8676e2f7-a190-45a5-811d-d2ec168d652b,3895107,431,35.916666666666664,4677906555,3895107:8676e2f7-a190-45a5-811d-d2ec168d652b,1,False
concurrency_n10_20260613_002350_kafka_feed7_rep1,kafka,sb-events-n10-feed7-rep1,0,5105,30792520400,8fa44da0-9f33-4997-a61a-cd790ade4ac0,3895107,431,35.916666666666664,4677906555,3895107:8fa44da0-9f33-4997-a61a-cd790ade4ac0,1,False
concurrency_n10_20260613_002350_kafka_feed7_rep1,kafka,sb-events-n10-feed7-rep1,1,5316,30792562700,f2705ddd-761e-4696-add2-9450c946b2d2,3895107,431,35.916666666666664,4677906555,3895107:f2705ddd-761e-4696-add2-9450c946b2d2,1,False
concurrency_n10_20260613_002350_kafka_feed7_rep1,kafka,sb-events-n10-feed7-rep1,0,5106,30800999300,5ac3b939-8489-44ae-8196-d90c071a4e2b,3895113,431,35.916666666666664,4677906555,3895113:5ac3b939-8489-44ae-8196-d90c071a4e2b,1,False
concurrency_n10_20260613_002350_kafka_feed7_rep1,kafka,sb-events-n10-feed7-rep1,1,5317,30807692800,96005594-9251-40b6-8a5a-9336a35101e4,3895113,431,35.916666666666664,4677906555,3895113:96005594-9251-40b6-8a5a-9336a35101e4,1,False
concurrency_n10_20260613_002350_kafka_feed7_rep1,kafka,sb-events-n10-feed7-rep1,0,5107,30807756000,b3e61b06-ad2b-4430-b01f-2bae1332dc42,3895113,431,35.916666666666664,4677906555,3895113:b3e61b06-ad2b-4430-b01f-2bae1332dc42,1,False
concurrency_n10_20260613_002350_kafka_feed7_rep1,kafka,sb-events-n10-feed7-rep1,0,5108,30811371900,88d4aea8-b87a-4fd2-b153-f3537ba33b68,3895095,432,36.0,4678601000,3895095:88d4aea8-b87a-4fd2-b153-f3537ba33b68,1,False
concurrency_n10_20260613_002350_kafka_feed7_rep1,kafka,sb-events-n10-feed7-rep1,2,5308,30817136500,c1fa473a-9e1c-4633-a285-8c1741fb4574,3895095,432,36.0,4678601000,3895095:c1fa473a-9e1c-4633-a285-8c1741fb4574,1,False
concurrency_n10_20260613_002350_kafka_feed7_rep1,kafka,sb-events-n10-feed7-rep1,0,5109,30823923800,9bbddf36-ac73-4aa3-a031-94e75138231f,3895095,432,36.0,4678601000,3895095:9bbddf36-ac73-4aa3-a031-94e75138231f,1,False
concurrency_n10_20260613_002350_kafka_feed7_rep1,kafka,sb-events-n10-feed7-rep1,2,5309,30831732200,c7dde75e-004e-46b4-a795-8a30d801b6bb,3895060,432,36.0,4678601000,3895060:c7dde75e-004e-46b4-a795-8a30d801b6bb,1,False
concurrency_n10_20260613_002350_kafka_feed7_rep1,kafka,sb-events-n10-feed7-rep1,0,5110,30838436500,129db130-d09b-4e91-a358-7ac06bac952e,3895067,432,36.0,4678601000,3895067:129db130-d09b-4e91-a358-7ac06bac952e,1,False
concurrency_n10_20260613_002350_kafka_feed7_rep1,kafka,sb-events-n10-feed7-rep1,2,5310,30838504500,df18bfeb-46df-479c-a423-b135de585619,3895060,432,36.0,4678601000,3895060:df18bfeb-46df-479c-a423-b135de585619,1,False
concurrency_n10_20260613_002350_kafka_feed7_rep1,kafka,sb-events-n10-feed7-rep1,1,5318,30848399300,48add514-4b91-4a5b-94f3-9870629eb0aa,3895113,432,36.0,4678601000,3895113:48add514-4b91-4a5b-94f3-9870629eb0aa,1,False
concurrency_n10_20260613_002350_kafka_feed7_rep1,kafka,sb-events-n10-feed7-rep1,1,5319,30848506000,493545a5-6aa4-4023-9420-46007b1a3ce8,3895095,433,36.083333333333336,4679295444,3895095:493545a5-6aa4-4023-9420-46007b1a3ce8,1,False
concurrency_n10_20260613_002350_kafka_feed7_rep1,kafka,sb-events-n10-feed7-rep1,2,5311,30883702100,b1ab7cf7-adff-4370-914b-ba4be232fd2e,3895095,433,36.083333333333336,4679295444,3895095:b1ab7cf7-adff-4370-914b-ba4be232fd2e,1,False
concurrency_n10_20260613_002350_kafka_feed7_rep1,kafka,sb-events-n10-feed7-rep1,2,5312,30883748000,b49dcd3c-6f29-40c3-87a1-111f4b10edcc,3895067,433,36.083333333333336,4679295444,3895067:b49dcd3c-6f29-40c3-87a1-111f4b10edcc,1,False
concurrency_n10_20260613_002350_kafka_feed7_rep1,kafka,sb-events-n10-feed7-rep1,2,5313,30883770400,b7adec60-6c24-4fa4-85f1-e8d69d928fc4,3895067,433,36.083333333333336,4679295444,3895067:b7adec60-6c24-4fa4-85f1-e8d69d928fc4,1,False
concurrency_n10_20260613_002350_kafka_feed7_rep1,kafka,sb-events-n10-feed7-rep1,2,5314,30883794000,5dc3eb73-6e81-4402-903c-91723503a97b,3895113,433,36.083333333333336,4679295444,3895113:5dc3eb73-6e81-4402-903c-91723503a97b,1,False
concurrency_n10_20260613_002350_kafka_feed7_rep1,kafka,sb-events-n10-feed7-rep1,1,5320,30883826900,848557c8-e3b0-4304-8e75-0f092d5f538b,3895113,433,36.083333333333336,4679295444,3895113:848557c8-e3b0-4304-8e75-0f092d5f538b,1,False
concurrency_n10_20260613_002350_kafka_feed7_rep1,kafka,sb-events-n10-feed7-rep1,1,5321,30888504600,b96fac13-833d-4317-bdd8-27039d4efe4c,3895121,434,36.16666666666666,4679989888,3895121:b96fac13-833d-4317-bdd8-27039d4efe4c,1,False
concurrency_n10_20260613_002350_kafka_feed7_rep1,kafka,sb-events-n10-feed7-rep1,1,5322,30888546500,2785f3be-29b1-4860-9818-3d324c7c8513,3895067,434,36.16666666666666,4679989888,3895067:2785f3be-29b1-4860-9818-3d324c7c8513,1,False
concurrency_n10_20260613_002350_kafka_feed7_rep1,kafka,sb-events-n10-feed7-rep1,0,5111,30902704900,7411ec5f-a392-46c2-b39a-a6ce300040ce,3895134,434,36.16666666666666,4679989888,3895134:7411ec5f-a392-46c2-b39a-a6ce300040ce,1,False
concurrency_n10_20260613_002350_kafka_feed7_rep1,kafka,sb-events-n10-feed7-rep1,2,5315,30910092900,4b2ad3a7-763e-40ec-920b-ecc3295c0b46,3895121,435,36.25,4680684333,3895121:4b2ad3a7-763e-40ec-920b-ecc3295c0b46,1,False
concurrency_n10_20260613_002350_kafka_feed7_rep1,kafka,sb-events-n10-feed7-rep1,1,5323,30910139000,355b84ac-ece7-446f-8ebd-0c8ed6bdef6b,3895095,435,36.25,4680684333,3895095:355b84ac-ece7-446f-8ebd-0c8ed6bdef6b,1,False
concurrency_n10_20260613_002350_kafka_feed7_rep1,kafka,sb-events-n10-feed7-rep1,0,5112,30910171100,d69457d5-e8ea-465a-b7bd-fb5f43c24a86,3895121,435,36.25,4680684333,3895121:d69457d5-e8ea-465a-b7bd-fb5f43c24a86,1,False
concurrency_n10_20260613_002350_kafka_feed7_rep1,kafka,sb-events-n10-feed7-rep1,1,5324,30920973000,094fe689-aadc-4af2-ae32-ef2095f0332c,3895060,435,36.25,4680684333,3895060:094fe689-aadc-4af2-ae32-ef2095f0332c,1,False
concurrency_n10_20260613_002350_kafka_feed7_rep1,kafka,sb-events-n10-feed7-rep1,2,5316,30936559600,ed0b9f44-e15b-427c-8d2b-d97f55fdc7c7,3895086,435,36.25,4680684333,3895086:ed0b9f44-e15b-427c-8d2b-d97f55fdc7c7,1,False
concurrency_n10_20260613_002350_kafka_feed7_rep1,kafka,sb-events-n10-feed7-rep1,0,5113,30936604200,d9c29d58-b124-4bfd-ab19-425feb9af87e,3895067,435,36.25,4680684333,3895067:d9c29d58-b124-4bfd-ab19-425feb9af87e,1,False
concurrency_n10_20260613_002350_kafka_feed7_rep1,kafka,sb-events-n10-feed7-rep1,0,5114,30936625200,727c58ca-fe98-4f29-ab91-bc46259c9b71,3895067,435,36.25,4680684333,3895067:727c58ca-fe98-4f29-ab91-bc46259c9b71,1,False
concurrency_n10_20260613_002350_kafka_feed7_rep1,kafka,sb-events-n10-feed7-rep1,1,5325,30946848400,16a56046-af8d-4ba3-b3dc-43de66273854,3895113,435,36.25,4680684333,3895113:16a56046-af8d-4ba3-b3dc-43de66273854,1,False
concurrency_n10_20260613_002350_kafka_feed7_rep1,kafka,sb-events-n10-feed7-rep1,1,5326,30946885600,475b1c6c-47d5-4a80-9b4c-72f2fcb41fd7,3895095,436,36.333333333333336,4681378777,3895095:475b1c6c-47d5-4a80-9b4c-72f2fcb41fd7,1,False
concurrency_n10_20260613_002350_kafka_feed7_rep1,kafka,sb-events-n10-feed7-rep1,2,5317,30959332700,16e5ad03-7768-454a-804c-08564ee079f7,3895060,436,36.333333333333336,4681378777,3895060:16e5ad03-7768-454a-804c-08564ee079f7,1,False
concurrency_n10_20260613_002350_kafka_feed7_rep1,kafka,sb-events-n10-feed7-rep1,1,5327,30972827400,3bd62e95-05b6-4e65-9231-39e838eb8842,3895060,436,36.333333333333336,4681378777,3895060:3bd62e95-05b6-4e65-9231-39e838eb8842,1,False
concurrency_n10_20260613_002350_kafka_feed7_rep1,kafka,sb-events-n10-feed7-rep1,2,5318,30972868200,f44ae8ce-cef1-43b4-9e4a-4b72af18ec99,3895134,436,36.333333333333336,4681378777,3895134:f44ae8ce-cef1-43b4-9e4a-4b72af18ec99,1,False
concurrency_n10_20260613_002350_kafka_feed7_rep1,kafka,sb-events-n10-feed7-rep1,2,5319,30982246700,ef287494-52f4-4aca-906e-c1edce19b58f,3895086,436,36.333333333333336,4681378777,3895086:ef287494-52f4-4aca-906e-c1edce19b58f,1,False
concurrency_n10_20260613_002350_kafka_feed7_rep1,kafka,sb-events-n10-feed7-rep1,0,5115,30996865300,5c4bb60c-b1ec-43bd-859f-01a372519ccf,3895086,436,36.333333333333336,4681378777,3895086:5c4bb60c-b1ec-43bd-859f-01a372519ccf,1,False
concurrency_n10_20260613_002350_kafka_feed7_rep1,kafka,sb-events-n10-feed7-rep1,0,5116,31003662100,8197e381-d8c3-4fb0-b801-b3ba90fd20c9,3895086,436,36.333333333333336,4681378777,3895086:8197e381-d8c3-4fb0-b801-b3ba90fd20c9,1,False
concurrency_n10_20260613_002350_kafka_feed7_rep1,kafka,sb-events-n10-feed7-rep1,0,5117,31011992300,5dfbc264-25d2-487c-9d6d-f52626ebe7fc,3895113,436,36.333333333333336,4681378777,3895113:5dfbc264-25d2-487c-9d6d-f52626ebe7fc,1,False
concurrency_n10_20260613_002350_kafka_feed7_rep1,kafka,sb-events-n10-feed7-rep1,1,5328,31018169300,0157e06e-c1f4-45e2-a345-3750b06b9a5c,3895113,436,36.333333333333336,4681378777,3895113:0157e06e-c1f4-45e2-a345-3750b06b9a5c,1,False
concurrency_n10_20260613_002350_kafka_feed7_rep1,kafka,sb-events-n10-feed7-rep1,2,5320,31025115900,1f541b89-a6a6-4c92-ba55-71f3897550dd,3895113,436,36.333333333333336,4681378777,3895113:1f541b89-a6a6-4c92-ba55-71f3897550dd,1,False
concurrency_n10_20260613_002350_kafka_feed7_rep1,kafka,sb-events-n10-feed7-rep1,1,5329,31038371700,6498dc6b-e7de-41bf-b7f0-cf3bf49be188,3895113,436,36.333333333333336,4681378777,3895113:6498dc6b-e7de-41bf-b7f0-cf3bf49be188,1,False
concurrency_n10_20260613_002350_kafka_feed7_rep1,kafka,sb-events-n10-feed7-rep1,2,5321,31038420800,4549fc3e-e957-4689-839b-57471879a085,3895113,436,36.333333333333336,4681378777,3895113:4549fc3e-e957-4689-839b-57471879a085,1,False
concurrency_n10_20260613_002350_kafka_feed7_rep1,kafka,sb-events-n10-feed7-rep1,1,5330,31047938900,da84b5d9-2277-482a-9361-1c1aa276c423,3895095,437,36.41666666666666,4682073222,3895095:da84b5d9-2277-482a-9361-1c1aa276c423,1,False
concurrency_n10_20260613_002350_kafka_feed7_rep1,kafka,sb-events-n10-feed7-rep1,0,5118,31052482400,a2940536-baaa-4a93-b5f2-41362dd74f23,3895095,437,36.41666666666666,4682073222,3895095:a2940536-baaa-4a93-b5f2-41362dd74f23,1,False
concurrency_n10_20260613_002350_kafka_feed7_rep1,kafka,sb-events-n10-feed7-rep1,0,5119,31060744200,5fc6d303-5356-4b7c-b25a-8710ac89d84c,3895067,437,36.41666666666666,4682073222,3895067:5fc6d303-5356-4b7c-b25a-8710ac89d84c,1,False
concurrency_n10_20260613_002350_kafka_feed7_rep1,kafka,sb-events-n10-feed7-rep1,0,5120,31067629200,caef0d3c-5341-4407-976e-c3670c999ab1,3895113,437,36.41666666666666,4682073222,3895113:caef0d3c-5341-4407-976e-c3670c999ab1,1,False
concurrency_n10_20260613_002350_kafka_feed7_rep1,kafka,sb-events-n10-feed7-rep1,1,5331,31074246900,a12e9638-29c2-4c16-9b05-d506cace3264,3895067,438,36.5,4682767666,3895067:a12e9638-29c2-4c16-9b05-d506cace3264,1,False
concurrency_n10_20260613_002350_kafka_feed7_rep1,kafka,sb-events-n10-feed7-rep1,0,5121,31074288100,32389334-659a-4a79-afea-97290dcd3df4,3895121,438,36.5,4682767666,3895121:32389334-659a-4a79-afea-97290dcd3df4,1,False
concurrency_n10_20260613_002350_kafka_feed7_rep1,kafka,sb-events-n10-feed7-rep1,2,5322,31090655300,f5ee6a62-e25d-4aa7-af17-199665116373,3895067,438,36.5,4682767666,3895067:f5ee6a62-e25d-4aa7-af17-199665116373,1,False
concurrency_n10_20260613_002350_kafka_feed7_rep1,kafka,sb-events-n10-feed7-rep1,2,5323,31098843300,561d6113-04f3-4452-b671-9032cd80905e,3895067,438,36.5,4682767666,3895067:561d6113-04f3-4452-b671-9032cd80905e,1,False
concurrency_n10_20260613_002350_kafka_feed7_rep1,kafka,sb-events-n10-feed7-rep1,2,5324,31106202000,49dbe2f4-0751-4108-ad6e-e588b879fa5a,3895086,438,36.5,4682767666,3895086:49dbe2f4-0751-4108-ad6e-e588b879fa5a,1,False
concurrency_n10_20260613_002350_kafka_feed7_rep1,kafka,sb-events-n10-feed7-rep1,2,5325,31106241100,c0c196e8-3953-48d2-a1f4-b528b36b3bbe,3895086,438,36.5,4682767666,3895086:c0c196e8-3953-48d2-a1f4-b528b36b3bbe,1,False
concurrency_n10_20260613_002350_kafka_feed7_rep1,kafka,sb-events-n10-feed7-rep1,2,5326,31106264700,b57676ce-ceb6-42b5-b9c8-4c3e8fd7a167,3895086,438,36.5,4682767666,3895086:b57676ce-ceb6-42b5-b9c8-4c3e8fd7a167,1,False
concurrency_n10_20260613_002350_kafka_feed7_rep1,kafka,sb-events-n10-feed7-rep1,0,5122,31110371100,15db4ee9-576c-4602-b829-3a8b0029ae3f,3895086,438,36.5,4682767666,3895086:15db4ee9-576c-4602-b829-3a8b0029ae3f,1,False
concurrency_n10_20260613_002350_kafka_feed7_rep1,kafka,sb-events-n10-feed7-rep1,0,5123,31116106200,81ae327d-bfe8-4ecc-9e13-f01f8eb015b5,3895086,438,36.5,4682767666,3895086:81ae327d-bfe8-4ecc-9e13-f01f8eb015b5,1,False
concurrency_n10_20260613_002350_kafka_feed7_rep1,kafka,sb-events-n10-feed7-rep1,0,5124,31122333400,ac0e8f91-6935-42c6-8b8a-415d168f3db6,3895086,438,36.5,4682767666,3895086:ac0e8f91-6935-42c6-8b8a-415d168f3db6,1,False
concurrency_n10_20260613_002350_kafka_feed7_rep1,kafka,sb-events-n10-feed7-rep1,2,5327,31127839000,a7c6e74a-6d6c-41a4-ae44-9e7612576432,3895113,438,36.5,4682767666,3895113:a7c6e74a-6d6c-41a4-ae44-9e7612576432,1,False
concurrency_n10_20260613_002350_kafka_feed7_rep1,kafka,sb-events-n10-feed7-rep1,1,5332,31132676700,54786c23-e3f1-4fd0-87b7-62544a2c615b,3895113,438,36.5,4682767666,3895113:54786c23-e3f1-4fd0-87b7-62544a2c615b,1,False
concurrency_n10_20260613_002350_kafka_feed7_rep1,kafka,sb-events-n10-feed7-rep1,1,5333,31143476400,58c9c29f-825e-4ae5-adc2-4c56c42203fc,3895113,438,36.5,4682767666,3895113:58c9c29f-825e-4ae5-adc2-4c56c42203fc,1,False
concurrency_n10_20260613_002350_kafka_feed7_rep1,kafka,sb-events-n10-feed7-rep1,0,5125,31149064200,6c3262eb-6358-4c82-9bc6-d19b80892428,3895134,439,36.583333333333336,4683462111,3895134:6c3262eb-6358-4c82-9bc6-d19b80892428,1,False
concurrency_n10_20260613_002350_kafka_feed7_rep1,kafka,sb-events-n10-feed7-rep1,1,5334,31149109500,eed8e254-afe5-4087-b88b-b654514686d1,3895095,439,36.583333333333336,4683462111,3895095:eed8e254-afe5-4087-b88b-b654514686d1,1,False
concurrency_n10_20260613_002350_kafka_feed7_rep1,kafka,sb-events-n10-feed7-rep1,0,5126,31153141100,b4021d8d-2596-4e17-b9ad-1fce31aa26c1,3895113,439,36.583333333333336,4683462111,3895113:b4021d8d-2596-4e17-b9ad-1fce31aa26c1,1,False
concurrency_n10_20260613_002350_kafka_feed7_rep1,kafka,sb-events-n10-feed7-rep1,1,5335,31161527500,b57a80f6-6577-4585-8c4f-aa9d856fb34c,3895113,439,36.583333333333336,4683462111,3895113:b57a80f6-6577-4585-8c4f-aa9d856fb34c,1,False
concurrency_n10_20260613_002350_kafka_feed7_rep1,kafka,sb-events-n10-feed7-rep1,1,5336,31161573200,bf0c578a-acae-46b9-86d2-5fe7717aedf5,3895060,440,36.66666666666666,4684156555,3895060:bf0c578a-acae-46b9-86d2-5fe7717aedf5,1,False
concurrency_n10_20260613_002350_kafka_feed7_rep1,kafka,sb-events-n10-feed7-rep1,0,5127,31165897400,1cac3f24-2470-474a-955f-69cb2e1055e9,3895107,440,36.66666666666666,4684156555,3895107:1cac3f24-2470-474a-955f-69cb2e1055e9,1,False
concurrency_n10_20260613_002350_kafka_feed7_rep1,kafka,sb-events-n10-feed7-rep1,0,5128,31173550500,7f8fbb4a-859a-4498-a068-acc86d0f8856,3895067,440,36.66666666666666,4684156555,3895067:7f8fbb4a-859a-4498-a068-acc86d0f8856,1,False
concurrency_n10_20260613_002350_kafka_feed7_rep1,kafka,sb-events-n10-feed7-rep1,1,5337,31178639400,17c63ed8-3b9b-4cc4-a909-7f32a08c6b19,3895134,440,36.66666666666666,4684156555,3895134:17c63ed8-3b9b-4cc4-a909-7f32a08c6b19,1,False
concurrency_n10_20260613_002350_kafka_feed7_rep1,kafka,sb-events-n10-feed7-rep1,0,5129,31191199200,573ccd99-4c73-4985-95ff-fc4a86a4537e,3895134,440,36.66666666666666,4684156555,3895134:573ccd99-4c73-4985-95ff-fc4a86a4537e,1,False
concurrency_n10_20260613_002350_kafka_feed7_rep1,kafka,sb-events-n10-feed7-rep1,2,5328,31197788900,276b4ddc-bfde-471c-bdd8-a63cbf06dc06,3895086,440,36.66666666666666,4684156555,3895086:276b4ddc-bfde-471c-bdd8-a63cbf06dc06,1,False
concurrency_n10_20260613_002350_kafka_feed7_rep1,kafka,sb-events-n10-feed7-rep1,1,5338,31197831700,155c2683-3f85-4202-b794-c50d7bfa9001,3895095,441,36.75,4684851000,3895095:155c2683-3f85-4202-b794-c50d7bfa9001,1,False
concurrency_n10_20260613_002350_kafka_feed7_rep1,kafka,sb-events-n10-feed7-rep1,2,5329,31207541900,7bb6ab27-9e46-4f44-a939-cd2ac5b39d0f,3895095,441,36.75,4684851000,3895095:7bb6ab27-9e46-4f44-a939-cd2ac5b39d0f,1,False
concurrency_n10_20260613_002350_kafka_feed7_rep1,kafka,sb-events-n10-feed7-rep1,0,5130,31213270900,debe42e1-fcee-4d18-99c0-f55cb04cda73,3895060,441,36.75,4684851000,3895060:debe42e1-fcee-4d18-99c0-f55cb04cda73,1,False
concurrency_n10_20260613_002350_kafka_feed7_rep1,kafka,sb-events-n10-feed7-rep1,1,5339,31213313500,b095329c-74b5-413f-b09c-1ba29e158ce4,3895060,441,36.75,4684851000,3895060:b095329c-74b5-413f-b09c-1ba29e158ce4,1,False
concurrency_n10_20260613_002350_kafka_feed7_rep1,kafka,sb-events-n10-feed7-rep1,1,5340,31218517600,10ee04cb-590d-4be1-929a-6e72ad04d538,3895086,441,36.75,4684851000,3895086:10ee04cb-590d-4be1-929a-6e72ad04d538,1,False
concurrency_n10_20260613_002350_kafka_feed7_rep1,kafka,sb-events-n10-feed7-rep1,1,5341,31228647500,d0793566-ef87-45a9-b8df-39566408c616,3895086,441,36.75,4684851000,3895086:d0793566-ef87-45a9-b8df-39566408c616,1,False
concurrency_n10_20260613_002350_kafka_feed7_rep1,kafka,sb-events-n10-feed7-rep1,2,5330,31239270900,2603eb58-dc66-440e-80b4-a21ab04676c6,3895086,441,36.75,4684851000,3895086:2603eb58-dc66-440e-80b4-a21ab04676c6,1,False
concurrency_n10_20260613_002350_kafka_feed7_rep1,kafka,sb-events-n10-feed7-rep1,2,5331,31239313300,f7cdedca-990f-4f4b-b29b-f4848481672b,3895086,441,36.75,4684851000,3895086:f7cdedca-990f-4f4b-b29b-f4848481672b,1,False
concurrency_n10_20260613_002350_kafka_feed7_rep1,kafka,sb-events-n10-feed7-rep1,2,5332,31239334400,a4fdb17e-ae9b-4d1b-bd4c-96772d2bd8db,3895113,441,36.75,4684851000,3895113:a4fdb17e-ae9b-4d1b-bd4c-96772d2bd8db,1,False
concurrency_n10_20260613_002350_kafka_feed7_rep1,kafka,sb-events-n10-feed7-rep1,1,5342,31250026100,e1b42cb7-e3de-4d0a-89d9-228422727114,3895060,442,36.833333333333336,4685545444,3895060:e1b42cb7-e3de-4d0a-89d9-228422727114,1,False
concurrency_n10_20260613_002350_kafka_feed7_rep1,kafka,sb-events-n10-feed7-rep1,2,5333,31250119000,57655f7e-e071-4ff5-9255-f63989011827,3895060,442,36.833333333333336,4685545444,3895060:57655f7e-e071-4ff5-9255-f63989011827,1,False
concurrency_n10_20260613_002350_kafka_feed7_rep1,kafka,sb-events-n10-feed7-rep1,2,5334,31258158300,25b4bb1b-a95f-497f-96ee-bb64921c9241,3895060,442,36.833333333333336,4685545444,3895060:25b4bb1b-a95f-497f-96ee-bb64921c9241,1,False
concurrency_n10_20260613_002350_kafka_feed7_rep1,kafka,sb-events-n10-feed7-rep1,0,5131,31267628200,3c7cf69a-6dcf-4920-a925-b6747887a9de,3895107,442,36.833333333333336,4685545444,3895107:3c7cf69a-6dcf-4920-a925-b6747887a9de,1,False
concurrency_n10_20260613_002350_kafka_feed7_rep1,kafka,sb-events-n10-feed7-rep1,2,5335,31272775100,4d7ee021-7a0f-4d1e-81b4-c422c174a305,3895067,442,36.833333333333336,4685545444,3895067:4d7ee021-7a0f-4d1e-81b4-c422c174a305,1,False
concurrency_n10_20260613_002350_kafka_feed7_rep1,kafka,sb-events-n10-feed7-rep1,2,5336,31277966100,177f1a1c-3da7-4345-a27b-c65a62441aab,3895067,442,36.833333333333336,4685545444,3895067:177f1a1c-3da7-4345-a27b-c65a62441aab,1,False
concurrency_n10_20260613_002350_kafka_feed7_rep1,kafka,sb-events-n10-feed7-rep1,1,5343,31291361900,ee6ed7de-6d67-46a2-8359-071f55d1ce89,3895067,443,36.91666666666666,4686239888,3895067:ee6ed7de-6d67-46a2-8359-071f55d1ce89,1,False
concurrency_n10_20260613_002350_kafka_feed7_rep1,kafka,sb-events-n10-feed7-rep1,0,5132,31291401700,1effce85-49bb-4ab0-bcfb-fcd223cba3fc,3895095,443,36.91666666666666,4686239888,3895095:1effce85-49bb-4ab0-bcfb-fcd223cba3fc,1,False
concurrency_n10_20260613_002350_kafka_feed7_rep1,kafka,sb-events-n10-feed7-rep1,0,5133,31291423600,2a0b6c1b-2a44-482b-a32f-4d2fbd509c18,3895107,443,36.91666666666666,4686239888,3895107:2a0b6c1b-2a44-482b-a32f-4d2fbd509c18,1,False
concurrency_n10_20260613_002350_kafka_feed7_rep1,kafka,sb-events-n10-feed7-rep1,2,5337,31305810800,f0f3d4a7-55e4-4d2c-862d-0acf8e3da349,3895113,443,36.91666666666666,4686239888,3895113:f0f3d4a7-55e4-4d2c-862d-0acf8e3da349,1,False
concurrency_n10_20260613_002350_kafka_feed7_rep1,kafka,sb-events-n10-feed7-rep1,0,5134,31305854900,518de82b-2508-4cef-8269-46b7984156f9,3895113,443,36.91666666666666,4686239888,3895113:518de82b-2508-4cef-8269-46b7984156f9,1,False
concurrency_n10_20260613_002350_kafka_feed7_rep1,kafka,sb-events-n10-feed7-rep1,0,5135,31305877900,0fc33c40-b147-4f24-b714-5f4dbb757486,3895095,444,37.0,4686934333,3895095:0fc33c40-b147-4f24-b714-5f4dbb757486,1,False
concurrency_n10_20260613_002350_kafka_feed7_rep1,kafka,sb-events-n10-feed7-rep1,2,5338,31318035700,3a7824d3-4c69-41ce-94ee-d85fcf98d6da,3895095,444,37.0,4686934333,3895095:3a7824d3-4c69-41ce-94ee-d85fcf98d6da,1,False
concurrency_n10_20260613_002350_kafka_feed7_rep1,kafka,sb-events-n10-feed7-rep1,1,5344,31327919000,71576952-6aed-4168-87a4-24973b5e67f0,3895095,444,37.0,4686934333,3895095:71576952-6aed-4168-87a4-24973b5e67f0,1,False
concurrency_n10_20260613_002350_kafka_feed7_rep1,kafka,sb-events-n10-feed7-rep1,2,5339,31327965900,8d259d1b-bd1a-4df7-b250-34e8b7170759,3895095,444,37.0,4686934333,3895095:8d259d1b-bd1a-4df7-b250-34e8b7170759,1,False
concurrency_n10_20260613_002350_kafka_feed7_rep1,kafka,sb-events-n10-feed7-rep1,2,5340,31335093400,bcd3a0d5-2ef8-4d48-8c44-e09faf4294c3,3895060,444,37.0,4686934333,3895060:bcd3a0d5-2ef8-4d48-8c44-e09faf4294c3,1,False
concurrency_n10_20260613_002350_kafka_feed7_rep1,kafka,sb-events-n10-feed7-rep1,0,5136,31347268200,c9afc7e1-31a4-42c6-9646-6119671515aa,3895060,444,37.0,4686934333,3895060:c9afc7e1-31a4-42c6-9646-6119671515aa,1,False
concurrency_n10_20260613_002350_kafka_feed7_rep1,kafka,sb-events-n10-feed7-rep1,0,5137,31347334800,d2467e7b-3c5e-4492-a63c-c016097205cc,3895060,444,37.0,4686934333,3895060:d2467e7b-3c5e-4492-a63c-c016097205cc,1,False
concurrency_n10_20260613_002350_kafka_feed7_rep1,kafka,sb-events-n10-feed7-rep1,1,5345,31347358800,88c91ca2-6f51-434a-8971-ab00ddba38d8,3895060,444,37.0,4686934333,3895060:88c91ca2-6f51-434a-8971-ab00ddba38d8,1,False
concurrency_n10_20260613_002350_kafka_feed7_rep1,kafka,sb-events-n10-feed7-rep1,2,5341,31355226700,b26de741-6a30-4fdf-98c7-a80234e5975a,3895107,444,37.0,4686934333,3895107:b26de741-6a30-4fdf-98c7-a80234e5975a,1,False
concurrency_n10_20260613_002350_kafka_feed7_rep1,kafka,sb-events-n10-feed7-rep1,0,5138,31355268400,09f08457-c39f-419b-8a8b-9c9c7b1ecda2,3895060,444,37.0,4686934333,3895060:09f08457-c39f-419b-8a8b-9c9c7b1ecda2,1,False
concurrency_n10_20260613_002350_kafka_feed7_rep1,kafka,sb-events-n10-feed7-rep1,1,5346,31361312400,2f12dc48-365a-4eca-8d94-b275e81ded91,3895107,444,37.0,4686934333,3895107:2f12dc48-365a-4eca-8d94-b275e81ded91,1,False
concurrency_n10_20260613_002350_kafka_feed7_rep1,kafka,sb-events-n10-feed7-rep1,2,5342,31380874300,6d943e3e-6499-44b7-9cd5-c831c1fa6629,3895067,444,37.0,4686934333,3895067:6d943e3e-6499-44b7-9cd5-c831c1fa6629,1,False
concurrency_n10_20260613_002350_kafka_feed7_rep1,kafka,sb-events-n10-feed7-rep1,0,5139,31392030100,a56a5487-a30d-4bce-9d39-e18176eac0c3,3895052,444,37.0,4686934333,3895052:a56a5487-a30d-4bce-9d39-e18176eac0c3,1,False
concurrency_n10_20260613_002350_kafka_feed7_rep1,kafka,sb-events-n10-feed7-rep1,2,5343,31392074500,a6927531-98e9-40bf-9e33-fa40496a5479,3895067,444,37.0,4686934333,3895067:a6927531-98e9-40bf-9e33-fa40496a5479,1,False
concurrency_n10_20260613_002350_kafka_feed7_rep1,kafka,sb-events-n10-feed7-rep1,0,5140,31402264500,b02147ff-b3d7-4747-84ef-d7fecc8baeac,3895086,444,37.0,4686934333,3895086:b02147ff-b3d7-4747-84ef-d7fecc8baeac,1,False
concurrency_n10_20260613_002350_kafka_feed7_rep1,kafka,sb-events-n10-feed7-rep1,0,5141,31402320100,3cad9bbc-9a2a-4132-8e77-3cf66a96fea8,3895086,444,37.0,4686934333,3895086:3cad9bbc-9a2a-4132-8e77-3cf66a96fea8,1,False
concurrency_n10_20260613_002350_kafka_feed7_rep1,kafka,sb-events-n10-feed7-rep1,0,5142,31402362100,a79b49c8-c067-465b-b890-e50c04066741,3895113,444,37.0,4686934333,3895113:a79b49c8-c067-465b-b890-e50c04066741,1,False
concurrency_n10_20260613_002350_kafka_feed7_rep1,kafka,sb-events-n10-feed7-rep1,2,5344,31408493700,33573fe4-ca0b-4d01-a4ef-dfd2ce95d02c,3895095,445,37.083333333333336,4687628777,3895095:33573fe4-ca0b-4d01-a4ef-dfd2ce95d02c,1,False
concurrency_n10_20260613_002350_kafka_feed7_rep1,kafka,sb-events-n10-feed7-rep1,1,5347,31420312800,63e90760-224f-4519-b23e-41e6b13b4aa6,3895095,445,37.083333333333336,4687628777,3895095:63e90760-224f-4519-b23e-41e6b13b4aa6,1,False
concurrency_n10_20260613_002350_kafka_feed7_rep1,kafka,sb-events-n10-feed7-rep1,0,5143,31429611400,e3cfe80e-4ff1-43d7-a56a-fe23b604fb1c,3895107,445,37.083333333333336,4687628777,3895107:e3cfe80e-4ff1-43d7-a56a-fe23b604fb1c,1,False
concurrency_n10_20260613_002350_kafka_feed7_rep1,kafka,sb-events-n10-feed7-rep1,1,5348,31429752300,67b6eee6-1a6c-414b-859e-e9552b97162f,3895052,445,37.083333333333336,4687628777,3895052:67b6eee6-1a6c-414b-859e-e9552b97162f,1,False
concurrency_n10_20260613_002350_kafka_feed7_rep1,kafka,sb-events-n10-feed7-rep1,0,5144,31442750400,7e58146c-c2f1-4e76-965e-bde41aea3e81,3895113,445,37.083333333333336,4687628777,3895113:7e58146c-c2f1-4e76-965e-bde41aea3e81,1,False
concurrency_n10_20260613_002350_kafka_feed7_rep1,kafka,sb-events-n10-feed7-rep1,1,5349,31442794300,f794a632-b01a-468d-86e1-d5a33b3b317e,3895052,445,37.083333333333336,4687628777,3895052:f794a632-b01a-468d-86e1-d5a33b3b317e,1,False
concurrency_n10_20260613_002350_kafka_feed7_rep1,kafka,sb-events-n10-feed7-rep1,2,5345,31454411800,0a504cc0-a156-4160-b8f1-dc7020285481,3895113,445,37.083333333333336,4687628777,3895113:0a504cc0-a156-4160-b8f1-dc7020285481,1,False
concurrency_n10_20260613_002350_kafka_feed7_rep1,kafka,sb-events-n10-feed7-rep1,0,5145,31454456900,94180027-9028-41f3-a97a-cd3b67ec8efa,3895134,446,37.16666666666666,4688323222,3895134:94180027-9028-41f3-a97a-cd3b67ec8efa,1,False
concurrency_n10_20260613_002350_kafka_feed7_rep1,kafka,sb-events-n10-feed7-rep1,1,5350,31454478700,5b9a7afb-6b47-49d5-b840-78c95925ff49,3895107,446,37.16666666666666,4688323222,3895107:5b9a7afb-6b47-49d5-b840-78c95925ff49,1,False
concurrency_n10_20260613_002350_kafka_feed7_rep1,kafka,sb-events-n10-feed7-rep1,1,5351,31454499600,c56ec238-7803-47ad-a1d3-83bf87822b02,3895067,446,37.16666666666666,4688323222,3895067:c56ec238-7803-47ad-a1d3-83bf87822b02,1,False
concurrency_n10_20260613_002350_kafka_feed7_rep1,kafka,sb-events-n10-feed7-rep1,0,5146,31468136600,e0efa831-1ceb-49cb-9cf9-6589869b1111,3895067,446,37.16666666666666,4688323222,3895067:e0efa831-1ceb-49cb-9cf9-6589869b1111,1,False
concurrency_n10_20260613_002350_kafka_feed7_rep1,kafka,sb-events-n10-feed7-rep1,1,5352,31468209800,64846ece-ecc0-49f6-84be-e3a1ace0bbfb,3895067,446,37.16666666666666,4688323222,3895067:64846ece-ecc0-49f6-84be-e3a1ace0bbfb,1,False
concurrency_n10_20260613_002350_kafka_feed7_rep1,kafka,sb-events-n10-feed7-rep1,0,5147,31474303700,9e50d3ef-cdb2-497b-818f-60a89ee23984,3895052,446,37.16666666666666,4688323222,3895052:9e50d3ef-cdb2-497b-818f-60a89ee23984,1,False
concurrency_n10_20260613_002350_kafka_feed7_rep1,kafka,sb-events-n10-feed7-rep1,1,5353,31474348600,8d218582-118e-4010-aa9f-e2e8613a5855,3895086,446,37.16666666666666,4688323222,3895086:8d218582-118e-4010-aa9f-e2e8613a5855,1,False
concurrency_n10_20260613_002350_kafka_feed7_rep1,kafka,sb-events-n10-feed7-rep1,0,5148,31488299000,7340cb89-e992-4aef-be64-69a5420c269a,3895095,447,37.25,4689017666,3895095:7340cb89-e992-4aef-be64-69a5420c269a,1,False
concurrency_n10_20260613_002350_kafka_feed7_rep1,kafka,sb-events-n10-feed7-rep1,2,5346,31496316000,7adad092-34df-4101-9529-7d1dd104ad7f,3895052,447,37.25,4689017666,3895052:7adad092-34df-4101-9529-7d1dd104ad7f,1,False
concurrency_n10_20260613_002350_kafka_feed7_rep1,kafka,sb-events-n10-feed7-rep1,0,5149,31496361100,cddefb72-3ac3-4f11-8ad2-5963d94d80ea,3895052,447,37.25,4689017666,3895052:cddefb72-3ac3-4f11-8ad2-5963d94d80ea,1,False
concurrency_n10_20260613_002350_kafka_feed7_rep1,kafka,sb-events-n10-feed7-rep1,0,5150,31496381200,42a9d4e3-706d-44d3-ad3a-6702f506c9e1,3895095,448,37.333333333333336,4689712111,3895095:42a9d4e3-706d-44d3-ad3a-6702f506c9e1,1,False
concurrency_n10_20260613_002350_kafka_feed7_rep1,kafka,sb-events-n10-feed7-rep1,1,5354,31504448200,552cf4d8-4502-453b-89cc-a363d4503b0e,3895095,448,37.333333333333336,4689712111,3895095:552cf4d8-4502-453b-89cc-a363d4503b0e,1,False
concurrency_n10_20260613_002350_kafka_feed7_rep1,kafka,sb-events-n10-feed7-rep1,1,5355,31513042500,f5544cfe-d1ae-4458-9692-70479c5a6bd2,3895060,448,37.333333333333336,4689712111,3895060:f5544cfe-d1ae-4458-9692-70479c5a6bd2,1,False
concurrency_n10_20260613_002350_kafka_feed7_rep1,kafka,sb-events-n10-feed7-rep1,2,5347,31524398000,88d60541-4798-46d5-911f-a76c449216d1,3895060,448,37.333333333333336,4689712111,3895060:88d60541-4798-46d5-911f-a76c449216d1,1,False
concurrency_n10_20260613_002350_kafka_feed7_rep1,kafka,sb-events-n10-feed7-rep1,1,5356,31530842300,3fef340a-10e5-4aa5-9498-1ee928305247,3895134,448,37.333333333333336,4689712111,3895134:3fef340a-10e5-4aa5-9498-1ee928305247,1,False
concurrency_n10_20260613_002350_kafka_feed7_rep1,kafka,sb-events-n10-feed7-rep1,2,5348,31530881900,53c7bd50-e63f-4986-92c8-96d46b0bee1e,3895107,448,37.333333333333336,4689712111,3895107:53c7bd50-e63f-4986-92c8-96d46b0bee1e,1,False
concurrency_n10_20260613_002350_kafka_feed7_rep1,kafka,sb-events-n10-feed7-rep1,2,5349,31539010400,644d5c7c-d1a5-47b6-a392-8d411b65c8f7,3895134,448,37.333333333333336,4689712111,3895134:644d5c7c-d1a5-47b6-a392-8d411b65c8f7,1,False
concurrency_n10_20260613_002350_kafka_feed7_rep1,kafka,sb-events-n10-feed7-rep1,0,5151,31548042100,4e097fd0-0828-426e-ba77-6229b2827935,3895107,449,37.41666666666666,4690406555,3895107:4e097fd0-0828-426e-ba77-6229b2827935,1,False
concurrency_n10_20260613_002350_kafka_feed7_rep1,kafka,sb-events-n10-feed7-rep1,2,5350,31548090900,56af3623-eca9-4c7f-bb3d-d6f6cf090c46,3895095,449,37.41666666666666,4690406555,3895095:56af3623-eca9-4c7f-bb3d-d6f6cf090c46,1,False
concurrency_n10_20260613_002350_kafka_feed7_rep1,kafka,sb-events-n10-feed7-rep1,0,5152,31553917900,1e1dff02-7f8b-4fe3-910a-d8a1c77727b2,3895107,449,37.41666666666666,4690406555,3895107:1e1dff02-7f8b-4fe3-910a-d8a1c77727b2,1,False
concurrency_n10_20260613_002350_kafka_feed7_rep1,kafka,sb-events-n10-feed7-rep1,2,5351,31559890400,02215165-9da4-4b41-bf1d-63d6acc70a50,3895107,449,37.41666666666666,4690406555,3895107:02215165-9da4-4b41-bf1d-63d6acc70a50,1,False
concurrency_n10_20260613_002350_kafka_feed7_rep1,kafka,sb-events-n10-feed7-rep1,1,5357,31564066900,74edf329-d572-4e4d-936f-b40fbce66eaf,3895134,449,37.41666666666666,4690406555,3895134:74edf329-d572-4e4d-936f-b40fbce66eaf,1,False
concurrency_n10_20260613_002350_kafka_feed7_rep1,kafka,sb-events-n10-feed7-rep1,2,5352,31564163000,a0a2797a-8bde-4965-9733-fdbbbe9811e1,3895134,449,37.41666666666666,4690406555,3895134:a0a2797a-8bde-4965-9733-fdbbbe9811e1,1,False
concurrency_n10_20260613_002350_kafka_feed7_rep1,kafka,sb-events-n10-feed7-rep1,1,5358,31568755600,36c45fb0-4255-408e-83c0-7e9fc96f4eb6,3895095,450,37.5,4691101000,3895095:36c45fb0-4255-408e-83c0-7e9fc96f4eb6,1,False
concurrency_n10_20260613_002350_kafka_feed7_rep1,kafka,sb-events-n10-feed7-rep1,2,5353,31573680600,49346d04-d903-4d6f-9b19-ba4d0c15bad9,3895095,450,37.5,4691101000,3895095:49346d04-d903-4d6f-9b19-ba4d0c15bad9,1,False
concurrency_n10_20260613_002350_kafka_feed7_rep1,kafka,sb-events-n10-feed7-rep1,0,5153,31580776400,08c08b0f-630c-456b-9807-1f7d2ec90f27,3895060,450,37.5,4691101000,3895060:08c08b0f-630c-456b-9807-1f7d2ec90f27,1,False
concurrency_n10_20260613_002350_kafka_feed7_rep1,kafka,sb-events-n10-feed7-rep1,1,5359,31586768700,9dbcf854-370c-4043-a227-e38e0584c5da,3895060,450,37.5,4691101000,3895060:9dbcf854-370c-4043-a227-e38e0584c5da,1,False
concurrency_n10_20260613_002350_kafka_feed7_rep1,kafka,sb-events-n10-feed7-rep1,2,5354,31598451800,1188c5b0-8e22-4da4-bd75-5b22c768cda7,3895113,450,37.5,4691101000,3895113:1188c5b0-8e22-4da4-bd75-5b22c768cda7,1,False
concurrency_n10_20260613_002350_kafka_feed7_rep1,kafka,sb-events-n10-feed7-rep1,1,5360,31598549700,fc4349d2-e788-428b-90c0-1e2377a2b7e0,3895095,451,37.583333333333336,4691795444,3895095:fc4349d2-e788-428b-90c0-1e2377a2b7e0,1,False
concurrency_n10_20260613_002350_kafka_feed7_rep1,kafka,sb-events-n10-feed7-rep1,2,5355,31603366500,de745f07-6097-4825-aa95-2a29ba630c59,3895095,451,37.583333333333336,4691795444,3895095:de745f07-6097-4825-aa95-2a29ba630c59,1,False
concurrency_n10_20260613_002350_kafka_feed7_rep1,kafka,sb-events-n10-feed7-rep1,1,5361,31603409400,bed10191-2c1a-4e39-bdcd-620d7cdad94f,3895095,451,37.583333333333336,4691795444,3895095:bed10191-2c1a-4e39-bdcd-620d7cdad94f,1,False
concurrency_n10_20260613_002350_kafka_feed7_rep1,kafka,sb-events-n10-feed7-rep1,2,5356,31611872500,5ebcc4a3-1ee4-4aa1-b7a5-5afbc8b92bd4,3895060,451,37.583333333333336,4691795444,3895060:5ebcc4a3-1ee4-4aa1-b7a5-5afbc8b92bd4,1,False
concurrency_n10_20260613_002350_kafka_feed7_rep1,kafka,sb-events-n10-feed7-rep1,0,5154,31617927100,059c0a6c-bf54-44ed-8d54-64e34ce75ec7,3895060,451,37.583333333333336,4691795444,3895060:059c0a6c-bf54-44ed-8d54-64e34ce75ec7,1,False
concurrency_n10_20260613_002350_kafka_feed7_rep1,kafka,sb-events-n10-feed7-rep1,2,5357,31617967700,40d656d8-7897-4e5d-8e1b-32e1b6fa4e58,3895060,451,37.583333333333336,4691795444,3895060:40d656d8-7897-4e5d-8e1b-32e1b6fa4e58,1,False
concurrency_n10_20260613_002350_kafka_feed7_rep1,kafka,sb-events-n10-feed7-rep1,1,5362,31623940200,6706f68a-0fd9-496d-9e79-95e1fd03802c,3895107,451,37.583333333333336,4691795444,3895107:6706f68a-0fd9-496d-9e79-95e1fd03802c,1,False
concurrency_n10_20260613_002350_kafka_feed7_rep1,kafka,sb-events-n10-feed7-rep1,0,5155,31629833100,4f96086a-c6d5-48ae-af92-e337a80f8fba,3895107,451,37.583333333333336,4691795444,3895107:4f96086a-c6d5-48ae-af92-e337a80f8fba,1,False
concurrency_n10_20260613_002350_kafka_feed7_rep1,kafka,sb-events-n10-feed7-rep1,1,5363,31634267500,aed875e2-a9c3-4c15-a27f-d91682808df8,3895134,451,37.583333333333336,4691795444,3895134:aed875e2-a9c3-4c15-a27f-d91682808df8,1,False
concurrency_n10_20260613_002350_kafka_feed7_rep1,kafka,sb-events-n10-feed7-rep1,1,5364,31639222500,fd4c2cc6-6ba7-4e63-99f0-836376096ff9,3895134,451,37.583333333333336,4691795444,3895134:fd4c2cc6-6ba7-4e63-99f0-836376096ff9,1,False
concurrency_n10_20260613_002350_kafka_feed7_rep1,kafka,sb-events-n10-feed7-rep1,2,5358,31644590400,d0985595-3ebf-44b3-b8a1-40f7dc855881,3895095,452,37.66666666666666,4692489888,3895095:d0985595-3ebf-44b3-b8a1-40f7dc855881,1,False
concurrency_n10_20260613_002350_kafka_feed7_rep1,kafka,sb-events-n10-feed7-rep1,0,5156,31644633900,34f32635-5565-4445-a686-f240c391ae22,3895113,451,37.583333333333336,4691795444,3895113:34f32635-5565-4445-a686-f240c391ae22,1,False
concurrency_n10_20260613_002350_kafka_feed7_rep1,kafka,sb-events-n10-feed7-rep1,1,5365,31650849300,562401df-4355-4944-8719-51a612c1a9e4,3895095,452,37.66666666666666,4692489888,3895095:562401df-4355-4944-8719-51a612c1a9e4,1,False
concurrency_n10_20260613_002350_kafka_feed7_rep1,kafka,sb-events-n10-feed7-rep1,0,5157,31655720500,2988f030-9c1f-4b43-a9ef-bb40ccd30baf,3895107,452,37.66666666666666,4692489888,3895107:2988f030-9c1f-4b43-a9ef-bb40ccd30baf,1,False
concurrency_n10_20260613_002350_kafka_feed7_rep1,kafka,sb-events-n10-feed7-rep1,1,5366,31661128600,cdb30149-43dd-46d2-92c4-3dc2397ef658,3895052,452,37.66666666666666,4692489888,3895052:cdb30149-43dd-46d2-92c4-3dc2397ef658,1,False
concurrency_n10_20260613_002350_kafka_feed7_rep1,kafka,sb-events-n10-feed7-rep1,1,5367,31670026600,05b640b0-13b9-48c3-b52d-679bc686e685,3895113,452,37.66666666666666,4692489888,3895113:05b640b0-13b9-48c3-b52d-679bc686e685,1,False
concurrency_n10_20260613_002350_kafka_feed7_rep1,kafka,sb-events-n10-feed7-rep1,0,5158,31677392300,814fb2d7-1214-492b-a557-424d881a39b9,3895095,453,37.75,4693184333,3895095:814fb2d7-1214-492b-a557-424d881a39b9,1,False
concurrency_n10_20260613_002350_kafka_feed7_rep1,kafka,sb-events-n10-feed7-rep1,1,5368,31677440100,c8ce5549-a9a7-4f14-8b52-b83cc42f3648,3895113,452,37.66666666666666,4692489888,3895113:c8ce5549-a9a7-4f14-8b52-b83cc42f3648,1,False
concurrency_n10_20260613_002350_kafka_feed7_rep1,kafka,sb-events-n10-feed7-rep1,0,5159,31687819000,46ffd64a-4a1f-4599-b3e3-8042b4b734fe,3895095,453,37.75,4693184333,3895095:46ffd64a-4a1f-4599-b3e3-8042b4b734fe,1,False
concurrency_n10_20260613_002350_kafka_feed7_rep1,kafka,sb-events-n10-feed7-rep1,0,5160,31696684500,2d4f6202-ddf8-4c7d-b4c6-7865d1ee2d9a,3895095,453,37.75,4693184333,3895095:2d4f6202-ddf8-4c7d-b4c6-7865d1ee2d9a,1,False
concurrency_n10_20260613_002350_kafka_feed7_rep1,kafka,sb-events-n10-feed7-rep1,2,5359,31701667600,66d6548d-fbc0-4b16-bbf4-d750db45eef9,3895095,453,37.75,4693184333,3895095:66d6548d-fbc0-4b16-bbf4-d750db45eef9,1,False
concurrency_n10_20260613_002350_kafka_feed7_rep1,kafka,sb-events-n10-feed7-rep1,2,5360,31710531900,607c5b51-d7ec-438d-93ef-ebf85683ee29,3895074,453,37.75,4693184333,3895074:607c5b51-d7ec-438d-93ef-ebf85683ee29,1,False
concurrency_n10_20260613_002350_kafka_feed7_rep1,kafka,sb-events-n10-feed7-rep1,1,5369,31714897700,c3f11a7d-9340-497b-b55d-694fa591352f,3895052,453,37.75,4693184333,3895052:c3f11a7d-9340-497b-b55d-694fa591352f,1,False
concurrency_n10_20260613_002350_kafka_feed7_rep1,kafka,sb-events-n10-feed7-rep1,0,5161,31714943600,9aaf638b-090b-4334-8cb2-e4d9b159468c,3895095,454,37.833333333333336,4693878777,3895095:9aaf638b-090b-4334-8cb2-e4d9b159468c,1,False
concurrency_n10_20260613_002350_kafka_feed7_rep1,kafka,sb-events-n10-feed7-rep1,0,5162,31714975700,221fe015-6903-4898-9281-e04ad1b39ff0,3895095,454,37.833333333333336,4693878777,3895095:221fe015-6903-4898-9281-e04ad1b39ff0,1,False
concurrency_n10_20260613_002350_kafka_feed7_rep1,kafka,sb-events-n10-feed7-rep1,2,5361,31719608700,d7ba7e07-c73e-423b-84f1-70abd62a92b9,3895095,454,37.833333333333336,4693878777,3895095:d7ba7e07-c73e-423b-84f1-70abd62a92b9,1,False
concurrency_n10_20260613_002350_kafka_feed7_rep1,kafka,sb-events-n10-feed7-rep1,0,5163,31726354400,a939137f-bea7-4c25-b7d4-cbbe6b8a0871,3895074,454,37.833333333333336,4693878777,3895074:a939137f-bea7-4c25-b7d4-cbbe6b8a0871,1,False
concurrency_n10_20260613_002350_kafka_feed7_rep1,kafka,sb-events-n10-feed7-rep1,1,5370,31735200900,a61a8556-cb94-4b66-bd46-faf3a7e21f96,3895074,454,37.833333333333336,4693878777,3895074:a61a8556-cb94-4b66-bd46-faf3a7e21f96,1,False
concurrency_n10_20260613_002350_kafka_feed7_rep1,kafka,sb-events-n10-feed7-rep1,0,5164,31741792400,55f30dc9-0b28-4fad-a716-611d02ca20f6,3895107,454,37.833333333333336,4693878777,3895107:55f30dc9-0b28-4fad-a716-611d02ca20f6,1,False
concurrency_n10_20260613_002350_kafka_feed7_rep1,kafka,sb-events-n10-feed7-rep1,2,5362,31753277500,0b3025ce-3cd4-4898-ad5c-a207b61c6fa0,3895107,454,37.833333333333336,4693878777,3895107:0b3025ce-3cd4-4898-ad5c-a207b61c6fa0,1,False
concurrency_n10_20260613_002350_kafka_feed7_rep1,kafka,sb-events-n10-feed7-rep1,0,5165,31753336500,dd4a183d-6153-4d52-8dbf-9478194bba81,3895052,454,37.833333333333336,4693878777,3895052:dd4a183d-6153-4d52-8dbf-9478194bba81,1,False
concurrency_n10_20260613_002350_kafka_feed7_rep1,kafka,sb-events-n10-feed7-rep1,1,5371,31763963600,a8a72c19-64a7-4275-912e-ef6b5f09a1f7,3895095,455,37.91666666666666,4694573222,3895095:a8a72c19-64a7-4275-912e-ef6b5f09a1f7,1,False
concurrency_n10_20260613_002350_kafka_feed7_rep1,kafka,sb-events-n10-feed7-rep1,2,5363,31764017900,f2ededc6-6bc7-4ec7-b0e9-c711011e1672,3895052,454,37.833333333333336,4693878777,3895052:f2ededc6-6bc7-4ec7-b0e9-c711011e1672,1,False
concurrency_n10_20260613_002350_kafka_feed7_rep1,kafka,sb-events-n10-feed7-rep1,0,5166,31782433700,1a555a66-cc7a-4994-a8c7-8aafdaf302f5,3895060,455,37.91666666666666,4694573222,3895060:1a555a66-cc7a-4994-a8c7-8aafdaf302f5,1,False
concurrency_n10_20260613_002350_kafka_feed7_rep1,kafka,sb-events-n10-feed7-rep1,2,5364,31782483400,3f500bae-930c-4345-852e-c3aa1f1c4ab2,3895095,455,37.91666666666666,4694573222,3895095:3f500bae-930c-4345-852e-c3aa1f1c4ab2,1,False
concurrency_n10_20260613_002350_kafka_feed7_rep1,kafka,sb-events-n10-feed7-rep1,2,5365,31782633200,26d91e47-0723-4830-b97b-9df16efd50ec,3895074,455,37.91666666666666,4694573222,3895074:26d91e47-0723-4830-b97b-9df16efd50ec,1,False
concurrency_n10_20260613_002350_kafka_feed7_rep1,kafka,sb-events-n10-feed7-rep1,1,5372,31793462800,caef69b5-9e37-4445-b866-fcf687c3e390,3895060,455,37.91666666666666,4694573222,3895060:caef69b5-9e37-4445-b866-fcf687c3e390,1,False
concurrency_n10_20260613_002350_kafka_feed7_rep1,kafka,sb-events-n10-feed7-rep1,0,5167,31802007000,ea192fda-5da8-47b1-9bfb-0e70fec60b62,3895107,455,37.91666666666666,4694573222,3895107:ea192fda-5da8-47b1-9bfb-0e70fec60b62,1,False
concurrency_n10_20260613_002350_kafka_feed7_rep1,kafka,sb-events-n10-feed7-rep1,2,5366,31802055400,4da864ef-2e5e-4a17-857e-dff8921feadf,3895052,455,37.91666666666666,4694573222,3895052:4da864ef-2e5e-4a17-857e-dff8921feadf,1,False
concurrency_n10_20260613_002350_kafka_feed7_rep1,kafka,sb-events-n10-feed7-rep1,1,5373,31802078000,4b618b31-6291-411b-b4c1-4aee61c4f5fa,3895052,455,37.91666666666666,4694573222,3895052:4b618b31-6291-411b-b4c1-4aee61c4f5fa,1,False
concurrency_n10_20260613_002350_kafka_feed7_rep1,kafka,sb-events-n10-feed7-rep1,0,5168,31808753100,e3715e70-0150-4c42-b6f5-5fc67e792b5c,3895095,456,38.0,4695267666,3895095:e3715e70-0150-4c42-b6f5-5fc67e792b5c,1,False
concurrency_n10_20260613_002350_kafka_feed7_rep1,kafka,sb-events-n10-feed7-rep1,1,5374,31822528100,df68f0b4-6ffa-4f02-8711-7859862b0ec0,3895095,456,38.0,4695267666,3895095:df68f0b4-6ffa-4f02-8711-7859862b0ec0,1,False
concurrency_n10_20260613_002350_kafka_feed7_rep1,kafka,sb-events-n10-feed7-rep1,2,5367,31836725700,e9d549aa-6725-4174-93bf-3d3fa63e74bb,3895095,456,38.0,4695267666,3895095:e9d549aa-6725-4174-93bf-3d3fa63e74bb,1,False
concurrency_n10_20260613_002350_kafka_feed7_rep1,kafka,sb-events-n10-feed7-rep1,2,5368,31836775400,d0f4abbd-6eb7-4821-8b4f-d17041acec3b,3895121,456,38.0,4695267666,3895121:d0f4abbd-6eb7-4821-8b4f-d17041acec3b,1,False
concurrency_n10_20260613_002350_kafka_feed7_rep1,kafka,sb-events-n10-feed7-rep1,0,5169,31836852600,b1d291fe-7aee-4867-a98f-2689070334d8,3895074,456,38.0,4695267666,3895074:b1d291fe-7aee-4867-a98f-2689070334d8,1,False
concurrency_n10_20260613_002350_kafka_feed7_rep1,kafka,sb-events-n10-feed7-rep1,2,5369,31845298500,ed5ace9b-d57f-4e11-ab3f-0434c560a8cf,3895074,456,38.0,4695267666,3895074:ed5ace9b-d57f-4e11-ab3f-0434c560a8cf,1,False
concurrency_n10_20260613_002350_kafka_feed7_rep1,kafka,sb-events-n10-feed7-rep1,2,5370,31845345800,0af350f2-0e16-4edd-8330-da25fb192a18,3895134,456,38.0,4695267666,3895134:0af350f2-0e16-4edd-8330-da25fb192a18,1,False
concurrency_n10_20260613_002350_kafka_feed7_rep1,kafka,sb-events-n10-feed7-rep1,0,5170,31845367600,6aee31be-f0a9-4a1f-a9d5-0e49c287c868,3895107,456,38.0,4695267666,3895107:6aee31be-f0a9-4a1f-a9d5-0e49c287c868,1,False
concurrency_n10_20260613_002350_kafka_feed7_rep1,kafka,sb-events-n10-feed7-rep1,2,5371,31853355100,206d1fc9-724f-407b-bd2e-f7229d50f9c2,3895107,456,38.0,4695267666,3895107:206d1fc9-724f-407b-bd2e-f7229d50f9c2,1,False
concurrency_n10_20260613_002350_kafka_feed7_rep1,kafka,sb-events-n10-feed7-rep1,2,5372,31853396800,b337407f-efd0-435a-94a6-83a6c2bb3954,3895052,456,38.0,4695267666,3895052:b337407f-efd0-435a-94a6-83a6c2bb3954,1,False
concurrency_n10_20260613_002350_kafka_feed7_rep1,kafka,sb-events-n10-feed7-rep1,2,5373,31860600100,b56165c6-a538-4491-a5aa-b4fae53fbbd9,3895052,456,38.0,4695267666,3895052:b56165c6-a538-4491-a5aa-b4fae53fbbd9,1,False
concurrency_n10_20260613_002350_kafka_feed7_rep1,kafka,sb-events-n10-feed7-rep1,0,5171,31867972200,7b77ded3-e0cc-48e7-8dea-d345a900cc2f,3895095,457,38.083333333333336,4695962111,3895095:7b77ded3-e0cc-48e7-8dea-d345a900cc2f,1,False
concurrency_n10_20260613_002350_kafka_feed7_rep1,kafka,sb-events-n10-feed7-rep1,1,5375,31874262400,8e9297e9-7710-444e-b0a0-d4baedd59a14,3895095,457,38.083333333333336,4695962111,3895095:8e9297e9-7710-444e-b0a0-d4baedd59a14,1,False
concurrency_n10_20260613_002350_kafka_feed7_rep1,kafka,sb-events-n10-feed7-rep1,1,5376,31874319000,5327bb35-e325-4f4a-932b-5af3b43aa66b,3895095,457,38.083333333333336,4695962111,3895095:5327bb35-e325-4f4a-932b-5af3b43aa66b,1,False
concurrency_n10_20260613_002350_kafka_feed7_rep1,kafka,sb-events-n10-feed7-rep1,2,5374,31887865700,e97f8dff-6503-43fa-9166-9e4d0887fdf9,3895074,457,38.083333333333336,4695962111,3895074:e97f8dff-6503-43fa-9166-9e4d0887fdf9,1,False
concurrency_n10_20260613_002350_kafka_feed7_rep1,kafka,sb-events-n10-feed7-rep1,0,5172,31887915200,2d15aee8-4df9-4656-af9c-720bf6dfc649,3895052,457,38.083333333333336,4695962111,3895052:2d15aee8-4df9-4656-af9c-720bf6dfc649,1,False
concurrency_n10_20260613_002350_kafka_feed7_rep1,kafka,sb-events-n10-feed7-rep1,0,5173,31901582100,62649c3a-5540-4243-8052-9ae849db85f5,3895052,457,38.083333333333336,4695962111,3895052:62649c3a-5540-4243-8052-9ae849db85f5,1,False
concurrency_n10_20260613_002350_kafka_feed7_rep1,kafka,sb-events-n10-feed7-rep1,0,5174,31901620300,f10cc719-391f-424d-aae8-efd754f59dd7,3895121,458,38.16666666666666,4696656555,3895121:f10cc719-391f-424d-aae8-efd754f59dd7,1,False
concurrency_n10_20260613_002350_kafka_feed7_rep1,kafka,sb-events-n10-feed7-rep1,1,5377,31908834000,a4934cc2-8ef4-495c-bc4e-df3cf2b212da,3895074,458,38.16666666666666,4696656555,3895074:a4934cc2-8ef4-495c-bc4e-df3cf2b212da,1,False
concurrency_n10_20260613_002350_kafka_feed7_rep1,kafka,sb-events-n10-feed7-rep1,2,5375,31908889600,c5c5e7b2-54dc-4971-a74c-bd2bdf94793f,3895074,458,38.16666666666666,4696656555,3895074:c5c5e7b2-54dc-4971-a74c-bd2bdf94793f,1,False
concurrency_n10_20260613_002350_kafka_feed7_rep1,kafka,sb-events-n10-feed7-rep1,2,5376,31916878100,32f8e637-c16d-4b4c-b85d-fc95990dfa4f,3895134,458,38.16666666666666,4696656555,3895134:32f8e637-c16d-4b4c-b85d-fc95990dfa4f,1,False
concurrency_n10_20260613_002350_kafka_feed7_rep1,kafka,sb-events-n10-feed7-rep1,2,5377,31916919000,a4c7a862-88ed-4f34-9dd8-e1713bb51715,3895107,458,38.16666666666666,4696656555,3895107:a4c7a862-88ed-4f34-9dd8-e1713bb51715,1,False
concurrency_n10_20260613_002350_kafka_feed7_rep1,kafka,sb-events-n10-feed7-rep1,2,5378,31925361800,8bec23da-7750-41a3-8251-f36c0b885996,3895134,458,38.16666666666666,4696656555,3895134:8bec23da-7750-41a3-8251-f36c0b885996,1,False
concurrency_n10_20260613_002350_kafka_feed7_rep1,kafka,sb-events-n10-feed7-rep1,2,5379,31925404900,4a08e193-2786-43e0-9ffe-56c78618f834,3895052,458,38.16666666666666,4696656555,3895052:4a08e193-2786-43e0-9ffe-56c78618f834,1,False
concurrency_n10_20260613_002350_kafka_feed7_rep1,kafka,sb-events-n10-feed7-rep1,0,5175,31932995700,5d97f886-bb28-4ff2-b012-ebe08e1b7273,3895095,459,38.25,4697351000,3895095:5d97f886-bb28-4ff2-b012-ebe08e1b7273,1,False
concurrency_n10_20260613_002350_kafka_feed7_rep1,kafka,sb-events-n10-feed7-rep1,2,5380,31933441400,92a75d72-f624-4425-90b8-1d5e6def39ad,3895095,459,38.25,4697351000,3895095:92a75d72-f624-4425-90b8-1d5e6def39ad,1,False
concurrency_n10_20260613_002350_kafka_feed7_rep1,kafka,sb-events-n10-feed7-rep1,2,5381,31940332000,238c7763-291c-4d40-9337-187234311381,3895121,459,38.25,4697351000,3895121:238c7763-291c-4d40-9337-187234311381,1,False
concurrency_n10_20260613_002350_kafka_feed7_rep1,kafka,sb-events-n10-feed7-rep1,1,5378,31949394400,afaf9839-b81b-4a1d-a69b-53fb5b774396,3895060,459,38.25,4697351000,3895060:afaf9839-b81b-4a1d-a69b-53fb5b774396,1,False
concurrency_n10_20260613_002350_kafka_feed7_rep1,kafka,sb-events-n10-feed7-rep1,0,5176,31957998200,88bde0c4-1921-4b8c-b860-2210237f7120,3895095,460,38.333333333333336,4698045444,3895095:88bde0c4-1921-4b8c-b860-2210237f7120,1,False
concurrency_n10_20260613_002350_kafka_feed7_rep1,kafka,sb-events-n10-feed7-rep1,2,5382,31978339300,d523accf-3f1d-43e3-8dcc-a353fe988df8,3895095,460,38.333333333333336,4698045444,3895095:d523accf-3f1d-43e3-8dcc-a353fe988df8,1,False
concurrency_n10_20260613_002350_kafka_feed7_rep1,kafka,sb-events-n10-feed7-rep1,2,5383,31978391800,239092b2-14e5-4575-9a63-5bcc238710a3,3895121,460,38.333333333333336,4698045444,3895121:239092b2-14e5-4575-9a63-5bcc238710a3,1,False
concurrency_n10_20260613_002350_kafka_feed7_rep1,kafka,sb-events-n10-feed7-rep1,0,5177,31978478000,2e6acea9-1c64-4bd5-82b4-2fe1bce0b813,3895095,460,38.333333333333336,4698045444,3895095:2e6acea9-1c64-4bd5-82b4-2fe1bce0b813,1,False
concurrency_n10_20260613_002350_kafka_feed7_rep1,kafka,sb-events-n10-feed7-rep1,1,5379,31985191200,c367e51f-e64a-4726-b766-ec4ff7d2b14a,3895074,460,38.333333333333336,4698045444,3895074:c367e51f-e64a-4726-b766-ec4ff7d2b14a,1,False
concurrency_n10_20260613_002350_kafka_feed7_rep1,kafka,sb-events-n10-feed7-rep1,2,5384,31985231100,2d762f47-0fa3-4b48-98ec-51f41b3c9354,3895121,460,38.333333333333336,4698045444,3895121:2d762f47-0fa3-4b48-98ec-51f41b3c9354,1,False
concurrency_n10_20260613_002350_kafka_feed7_rep1,kafka,sb-events-n10-feed7-rep1,1,5380,31996757800,c87070a8-07a6-4fee-983f-aa48d673713a,3895074,460,38.333333333333336,4698045444,3895074:c87070a8-07a6-4fee-983f-aa48d673713a,1,False
concurrency_n10_20260613_002350_kafka_feed7_rep1,kafka,sb-events-n10-feed7-rep1,1,5381,31996800200,b733fd23-9b01-495b-8bb0-7d1ecd1f931c,3895052,460,38.333333333333336,4698045444,3895052:b733fd23-9b01-495b-8bb0-7d1ecd1f931c,1,False
concurrency_n10_20260613_002350_kafka_feed7_rep1,kafka,sb-events-n10-feed7-rep1,2,5385,32004672600,4c8b961c-84f8-4d34-8a2b-761b7a844729,3895052,460,38.333333333333336,4698045444,3895052:4c8b961c-84f8-4d34-8a2b-761b7a844729,1,False
concurrency_n10_20260613_002350_kafka_feed7_rep1,kafka,sb-events-n10-feed7-rep1,2,5386,32004714800,c0fa9213-52b9-498c-9e8c-c1d0dc23e151,3895095,461,38.41666666666666,4698739888,3895095:c0fa9213-52b9-498c-9e8c-c1d0dc23e151,1,False
concurrency_n10_20260613_002350_kafka_feed7_rep1,kafka,sb-events-n10-feed7-rep1,1,5382,32011001100,84185410-7e7a-4bde-9167-c77472da6f02,3895121,461,38.41666666666666,4698739888,3895121:84185410-7e7a-4bde-9167-c77472da6f02,1,False
concurrency_n10_20260613_002350_kafka_feed7_rep1,kafka,sb-events-n10-feed7-rep1,0,5178,32019611000,516a4d87-898d-4d5d-b215-ac49cabeefa6,3895121,461,38.41666666666666,4698739888,3895121:516a4d87-898d-4d5d-b215-ac49cabeefa6,1,False
concurrency_n10_20260613_002350_kafka_feed7_rep1,kafka,sb-events-n10-feed7-rep1,1,5383,32026957100,2ed079cf-316c-49f9-81e1-3ef4be51a781,3895060,461,38.41666666666666,4698739888,3895060:2ed079cf-316c-49f9-81e1-3ef4be51a781,1,False
concurrency_n10_20260613_002350_kafka_feed7_rep1,kafka,sb-events-n10-feed7-rep1,2,5387,32033272600,6f369506-eb4a-44eb-8e9b-1b97d4df5f1e,3895060,461,38.41666666666666,4698739888,3895060:6f369506-eb4a-44eb-8e9b-1b97d4df5f1e,1,False
concurrency_n10_20260613_002350_kafka_feed7_rep1,kafka,sb-events-n10-feed7-rep1,2,5388,32042823200,31b4ac75-15c9-4c9c-b364-e3b4249615d8,3895134,461,38.41666666666666,4698739888,3895134:31b4ac75-15c9-4c9c-b364-e3b4249615d8,1,False
concurrency_n10_20260613_002350_kafka_feed7_rep1,kafka,sb-events-n10-feed7-rep1,1,5384,32049780500,425142a0-9e3d-4c06-bc82-c5251ab9110b,3895052,461,38.41666666666666,4698739888,3895052:425142a0-9e3d-4c06-bc82-c5251ab9110b,1,False
concurrency_n10_20260613_002350_kafka_feed7_rep1,kafka,sb-events-n10-feed7-rep1,1,5385,32059078000,7c0caa0a-62f0-4167-9cae-d99bbd90617c,3895052,461,38.41666666666666,4698739888,3895052:7c0caa0a-62f0-4167-9cae-d99bbd90617c,1,False
concurrency_n10_20260613_002350_kafka_feed7_rep1,kafka,sb-events-n10-feed7-rep1,1,5386,32059117100,efbee4a5-cc43-4c7a-acd9-b8d078139a3c,3895095,462,38.5,4699434333,3895095:efbee4a5-cc43-4c7a-acd9-b8d078139a3c,1,False
concurrency_n10_20260613_002350_kafka_feed7_rep1,kafka,sb-events-n10-feed7-rep1,0,5179,32064543600,a56f2177-d30d-4033-99e5-8e4fa235d870,3895095,462,38.5,4699434333,3895095:a56f2177-d30d-4033-99e5-8e4fa235d870,1,False
concurrency_n10_20260613_002350_kafka_feed7_rep1,kafka,sb-events-n10-feed7-rep1,1,5387,32064584200,c707d2c3-2f14-4efb-a685-161f4f1d5ee1,3895134,462,38.5,4699434333,3895134:c707d2c3-2f14-4efb-a685-161f4f1d5ee1,1,False
concurrency_n10_20260613_002350_kafka_feed7_rep1,kafka,sb-events-n10-feed7-rep1,2,5389,32072667800,95ec2cfc-f259-442a-adce-3f7490b89318,3895134,462,38.5,4699434333,3895134:95ec2cfc-f259-442a-adce-3f7490b89318,1,False
concurrency_n10_20260613_002350_kafka_feed7_rep1,kafka,sb-events-n10-feed7-rep1,2,5390,32072712100,195d0d2e-c14e-4d70-ae08-02f9b7131881,3895060,463,38.583333333333336,4700128777,3895060:195d0d2e-c14e-4d70-ae08-02f9b7131881,1,False
concurrency_n10_20260613_002350_kafka_feed7_rep1,kafka,sb-events-n10-feed7-rep1,0,5180,32076504300,1598f6b4-5117-4eda-9474-56753863ddc2,3895107,463,38.583333333333336,4700128777,3895107:1598f6b4-5117-4eda-9474-56753863ddc2,1,False
concurrency_n10_20260613_002350_kafka_feed7_rep1,kafka,sb-events-n10-feed7-rep1,2,5391,32080665700,b8910a8d-b569-46d5-ad56-8aeab8e0839f,3895107,463,38.583333333333336,4700128777,3895107:b8910a8d-b569-46d5-ad56-8aeab8e0839f,1,False
concurrency_n10_20260613_002350_kafka_feed7_rep1,kafka,sb-events-n10-feed7-rep1,2,5392,32085981700,7f1ca876-71ed-4c9a-b4a6-6922cbbc8a49,3895107,463,38.583333333333336,4700128777,3895107:7f1ca876-71ed-4c9a-b4a6-6922cbbc8a49,1,False
concurrency_n10_20260613_002350_kafka_feed7_rep1,kafka,sb-events-n10-feed7-rep1,1,5388,32095887600,2d2a9c85-0a00-4122-af37-aefab19aa857,3895121,464,38.66666666666666,4700823222,3895121:2d2a9c85-0a00-4122-af37-aefab19aa857,1,False
concurrency_n10_20260613_002350_kafka_feed7_rep1,kafka,sb-events-n10-feed7-rep1,2,5393,32096008600,7ca4fd65-7e82-4736-adf4-1896bf70d78b,3895134,463,38.583333333333336,4700128777,3895134:7ca4fd65-7e82-4736-adf4-1896bf70d78b,1,False
concurrency_n10_20260613_002350_kafka_feed7_rep1,kafka,sb-events-n10-feed7-rep1,1,5389,32101823000,1a96bfcb-690c-4dd0-a894-ac96b30fe16b,3895121,464,38.66666666666666,4700823222,3895121:1a96bfcb-690c-4dd0-a894-ac96b30fe16b,1,False
concurrency_n10_20260613_002350_kafka_feed7_rep1,kafka,sb-events-n10-feed7-rep1,2,5394,32101862000,b84ab3e0-39fb-4518-b0ad-68526de7580d,3895121,464,38.66666666666666,4700823222,3895121:b84ab3e0-39fb-4518-b0ad-68526de7580d,1,False
concurrency_n10_20260613_002350_kafka_feed7_rep1,kafka,sb-events-n10-feed7-rep1,2,5395,32106529900,deaa61aa-7e2d-476e-a1b3-c29f40339989,3895060,464,38.66666666666666,4700823222,3895060:deaa61aa-7e2d-476e-a1b3-c29f40339989,1,False
concurrency_n10_20260613_002350_kafka_feed7_rep1,kafka,sb-events-n10-feed7-rep1,2,5396,32111435200,6431f2ce-702c-4ba2-8db4-37f2bd00ac89,3895060,464,38.66666666666666,4700823222,3895060:6431f2ce-702c-4ba2-8db4-37f2bd00ac89,1,False
concurrency_n10_20260613_002350_kafka_feed7_rep1,kafka,sb-events-n10-feed7-rep1,1,5390,32115459100,61278b66-9180-45e5-bb3e-c71d04dbcef1,3895134,464,38.66666666666666,4700823222,3895134:61278b66-9180-45e5-bb3e-c71d04dbcef1,1,False
concurrency_n10_20260613_002350_kafka_feed7_rep1,kafka,sb-events-n10-feed7-rep1,1,5391,32115525500,bb29f3c7-efe6-4b30-9d42-8a14bf33dc2f,3895134,464,38.66666666666666,4700823222,3895134:bb29f3c7-efe6-4b30-9d42-8a14bf33dc2f,1,False
concurrency_n10_20260613_002350_kafka_feed7_rep1,kafka,sb-events-n10-feed7-rep1,0,5181,32126650800,b61ef879-a5f5-4c92-bd8f-b8e2ad5a36bf,3895052,464,38.66666666666666,4700823222,3895052:b61ef879-a5f5-4c92-bd8f-b8e2ad5a36bf,1,False
concurrency_n10_20260613_002350_kafka_feed7_rep1,kafka,sb-events-n10-feed7-rep1,2,5397,32131960100,1f6af878-619a-4af7-8f43-67c0d2456b67,3895121,465,38.75,4701517666,3895121:1f6af878-619a-4af7-8f43-67c0d2456b67,1,False
concurrency_n10_20260613_002350_kafka_feed7_rep1,kafka,sb-events-n10-feed7-rep1,0,5182,32132002100,c449a2d1-d78f-4f78-8ab2-c382e1ff6859,3895052,465,38.75,4701517666,3895052:c449a2d1-d78f-4f78-8ab2-c382e1ff6859,1,False
concurrency_n10_20260613_002350_kafka_feed7_rep1,kafka,sb-events-n10-feed7-rep1,0,5183,32136698300,3551b7d1-4569-4b22-90e3-c6d14cacf651,3895052,465,38.75,4701517666,3895052:3551b7d1-4569-4b22-90e3-c6d14cacf651,1,False
concurrency_n10_20260613_002350_kafka_feed7_rep1,kafka,sb-events-n10-feed7-rep1,1,5392,32141711000,303979a2-5837-4cc5-9ad1-3182030f82ac,3895074,466,38.833333333333336,4702212111,3895074:303979a2-5837-4cc5-9ad1-3182030f82ac,1,False
concurrency_n10_20260613_002350_kafka_feed7_rep1,kafka,sb-events-n10-feed7-rep1,2,5398,32149826300,013d4600-06a8-465f-bb35-4f44f2a423b2,3895074,466,38.833333333333336,4702212111,3895074:013d4600-06a8-465f-bb35-4f44f2a423b2,1,False
concurrency_n10_20260613_002350_kafka_feed7_rep1,kafka,sb-events-n10-feed7-rep1,2,5399,32149869300,f028e4d5-c6b7-48a4-9770-794e2dc738cd,3895074,466,38.833333333333336,4702212111,3895074:f028e4d5-c6b7-48a4-9770-794e2dc738cd,1,False
concurrency_n10_20260613_002350_kafka_feed7_rep1,kafka,sb-events-n10-feed7-rep1,1,5393,32157768500,e364364e-9cac-47ee-9ea2-c7e33822f265,3895060,466,38.833333333333336,4702212111,3895060:e364364e-9cac-47ee-9ea2-c7e33822f265,1,False
concurrency_n10_20260613_002350_kafka_feed7_rep1,kafka,sb-events-n10-feed7-rep1,0,5184,32165562700,4e0fe5a3-8297-4116-b4d7-bf851fd0018c,3895060,466,38.833333333333336,4702212111,3895060:4e0fe5a3-8297-4116-b4d7-bf851fd0018c,1,False
concurrency_n10_20260613_002350_kafka_feed7_rep1,kafka,sb-events-n10-feed7-rep1,2,5400,32165602400,0af34aca-a254-4d7d-8ad5-ca72409977cf,3895060,466,38.833333333333336,4702212111,3895060:0af34aca-a254-4d7d-8ad5-ca72409977cf,1,False
concurrency_n10_20260613_002350_kafka_feed7_rep1,kafka,sb-events-n10-feed7-rep1,1,5394,32172220000,b3ad3de4-6d68-4620-8f9d-18471494634b,3895060,466,38.833333333333336,4702212111,3895060:b3ad3de4-6d68-4620-8f9d-18471494634b,1,False
concurrency_n10_20260613_002350_kafka_feed7_rep1,kafka,sb-events-n10-feed7-rep1,0,5185,32180189600,63e6fa05-2c2d-470c-8275-6b8ceb496a4a,3895134,466,38.833333333333336,4702212111,3895134:63e6fa05-2c2d-470c-8275-6b8ceb496a4a,1,False
concurrency_n10_20260613_002350_kafka_feed7_rep1,kafka,sb-events-n10-feed7-rep1,2,5401,32185609300,1b98f1a5-d346-455f-9529-27247914498c,3895134,466,38.833333333333336,4702212111,3895134:1b98f1a5-d346-455f-9529-27247914498c,1,False
concurrency_n10_20260613_002350_kafka_feed7_rep1,kafka,sb-events-n10-feed7-rep1,2,5402,32190431400,0ee4dc5e-490f-44ef-9c59-4a579a982af0,3895086,466,38.833333333333336,4702212111,3895086:0ee4dc5e-490f-44ef-9c59-4a579a982af0,1,False
concurrency_n10_20260613_002350_kafka_feed7_rep1,kafka,sb-events-n10-feed7-rep1,1,5395,32195817500,a43c9bfe-f0d8-48d5-b593-c35fbbaa8d07,3895052,466,38.833333333333336,4702212111,3895052:a43c9bfe-f0d8-48d5-b593-c35fbbaa8d07,1,False
concurrency_n10_20260613_002350_kafka_feed7_rep1,kafka,sb-events-n10-feed7-rep1,2,5403,32208633600,ac957123-6287-4181-9ddf-f91054f88fca,3895052,466,38.833333333333336,4702212111,3895052:ac957123-6287-4181-9ddf-f91054f88fca,1,False
concurrency_n10_20260613_002350_kafka_feed7_rep1,kafka,sb-events-n10-feed7-rep1,1,5396,32208680400,409b6135-4860-4196-a410-db4c43ac388a,3895052,466,38.833333333333336,4702212111,3895052:409b6135-4860-4196-a410-db4c43ac388a,1,False
concurrency_n10_20260613_002350_kafka_feed7_rep1,kafka,sb-events-n10-feed7-rep1,0,5186,32218761300,ae6fca84-8fba-476a-a300-aa9d23f581cf,3895134,467,38.91666666666666,4702906555,3895134:ae6fca84-8fba-476a-a300-aa9d23f581cf,1,False
concurrency_n10_20260613_002350_kafka_feed7_rep1,kafka,sb-events-n10-feed7-rep1,0,5187,32218800400,ae87be5f-b4b9-4fcf-b6d4-db27833ed71e,3895134,467,38.91666666666666,4702906555,3895134:ae87be5f-b4b9-4fcf-b6d4-db27833ed71e,1,False
concurrency_n10_20260613_002350_kafka_feed7_rep1,kafka,sb-events-n10-feed7-rep1,2,5404,32218821500,645b5472-b788-45fa-8455-62ba983607bb,3895134,467,38.91666666666666,4702906555,3895134:645b5472-b788-45fa-8455-62ba983607bb,1,False
concurrency_n10_20260613_002350_kafka_feed7_rep1,kafka,sb-events-n10-feed7-rep1,0,5188,32228217400,4c2acb78-bee3-4df6-bbcb-7a2df1dc374a,3895052,467,38.91666666666666,4702906555,3895052:4c2acb78-bee3-4df6-bbcb-7a2df1dc374a,1,False
concurrency_n10_20260613_002350_kafka_feed7_rep1,kafka,sb-events-n10-feed7-rep1,2,5405,32228259200,84e1b20c-faa3-4218-bb1a-d82a46ce45a4,3895086,467,38.91666666666666,4702906555,3895086:84e1b20c-faa3-4218-bb1a-d82a46ce45a4,1,False
concurrency_n10_20260613_002350_kafka_feed7_rep1,kafka,sb-events-n10-feed7-rep1,0,5189,32236384300,d37e9558-faa8-4cce-8bcb-fbd8c48cf9cf,3895060,468,39.0,4703601000,3895060:d37e9558-faa8-4cce-8bcb-fbd8c48cf9cf,1,False
concurrency_n10_20260613_002350_kafka_feed7_rep1,kafka,sb-events-n10-feed7-rep1,2,5406,32236426700,bd3bb747-07a6-41e7-a9e0-9b8907f415aa,3895074,468,39.0,4703601000,3895074:bd3bb747-07a6-41e7-a9e0-9b8907f415aa,1,False
concurrency_n10_20260613_002350_kafka_feed7_rep1,kafka,sb-events-n10-feed7-rep1,0,5190,32246866100,5409a951-4b20-4108-a97a-36a24c36cb89,3895060,468,39.0,4703601000,3895060:5409a951-4b20-4108-a97a-36a24c36cb89,1,False
concurrency_n10_20260613_002350_kafka_feed7_rep1,kafka,sb-events-n10-feed7-rep1,2,5407,32260666800,275defc8-f603-4d1d-b38a-f7b1899bdca9,3895086,468,39.0,4703601000,3895086:275defc8-f603-4d1d-b38a-f7b1899bdca9,1,False
concurrency_n10_20260613_002350_kafka_feed7_rep1,kafka,sb-events-n10-feed7-rep1,0,5191,32260712000,30ef8b1c-6588-4e1e-bcf4-0d3c0a45c139,3895060,468,39.0,4703601000,3895060:30ef8b1c-6588-4e1e-bcf4-0d3c0a45c139,1,False
concurrency_n10_20260613_002350_kafka_feed7_rep1,kafka,sb-events-n10-feed7-rep1,1,5397,32274416400,16426f2c-7c8e-441a-a259-6347e0334371,3895086,468,39.0,4703601000,3895086:16426f2c-7c8e-441a-a259-6347e0334371,1,False
concurrency_n10_20260613_002350_kafka_feed7_rep1,kafka,sb-events-n10-feed7-rep1,1,5398,32274503500,bba80fb6-c872-411c-a2d2-d1c418948a2e,3895052,468,39.0,4703601000,3895052:bba80fb6-c872-411c-a2d2-d1c418948a2e,1,False
concurrency_n10_20260613_002350_kafka_feed7_rep1,kafka,sb-events-n10-feed7-rep1,0,5192,32274601000,ce7e48a5-3f4f-4e84-a140-2689cd1f7712,3895052,468,39.0,4703601000,3895052:ce7e48a5-3f4f-4e84-a140-2689cd1f7712,1,False
concurrency_n10_20260613_002350_kafka_feed7_rep1,kafka,sb-events-n10-feed7-rep1,2,5408,32279654800,fa568f8a-62e2-45cb-b62c-69e3b2cacda4,3895121,469,39.083333333333336,4704295444,3895121:fa568f8a-62e2-45cb-b62c-69e3b2cacda4,1,False
concurrency_n10_20260613_002350_kafka_feed7_rep1,kafka,sb-events-n10-feed7-rep1,0,5193,32279695200,a9def167-8157-42a4-96f3-e4b278ed2525,3895121,469,39.083333333333336,4704295444,3895121:a9def167-8157-42a4-96f3-e4b278ed2525,1,False
concurrency_n10_20260613_002350_kafka_feed7_rep1,kafka,sb-events-n10-feed7-rep1,1,5399,32292522400,ebfd9584-3fec-4468-b6c9-2b135766992e,3895121,469,39.083333333333336,4704295444,3895121:ebfd9584-3fec-4468-b6c9-2b135766992e,1,False
concurrency_n10_20260613_002350_kafka_feed7_rep1,kafka,sb-events-n10-feed7-rep1,1,5400,32292575200,c9b74997-4a4f-4774-a1af-bf540a8a9b8b,3895060,469,39.083333333333336,4704295444,3895060:c9b74997-4a4f-4774-a1af-bf540a8a9b8b,1,False
concurrency_n10_20260613_002350_kafka_feed7_rep1,kafka,sb-events-n10-feed7-rep1,2,5409,32292608700,80e8922d-98e3-4bc8-bcaf-156829157039,3895060,469,39.083333333333336,4704295444,3895060:80e8922d-98e3-4bc8-bcaf-156829157039,1,False
concurrency_n10_20260613_002350_kafka_feed7_rep1,kafka,sb-events-n10-feed7-rep1,1,5401,32303744200,68ee32a6-8016-4c53-b5a2-6df329c71f4c,3895134,469,39.083333333333336,4704295444,3895134:68ee32a6-8016-4c53-b5a2-6df329c71f4c,1,False
concurrency_n10_20260613_002350_kafka_feed7_rep1,kafka,sb-events-n10-feed7-rep1,2,5410,32303851400,b434c3de-f024-4a7b-9f87-a737b201d788,3895086,469,39.083333333333336,4704295444,3895086:b434c3de-f024-4a7b-9f87-a737b201d788,1,False
concurrency_n10_20260613_002350_kafka_feed7_rep1,kafka,sb-events-n10-feed7-rep1,1,5402,32312103800,7f21e78e-001c-4e28-b353-a1175416b591,3895052,469,39.083333333333336,4704295444,3895052:7f21e78e-001c-4e28-b353-a1175416b591,1,False
concurrency_n10_20260613_002350_kafka_feed7_rep1,kafka,sb-events-n10-feed7-rep1,0,5194,32323289700,96c175b8-81bc-4f63-b47d-ee2fe7c7e8ff,3895121,470,39.16666666666666,4704989888,3895121:96c175b8-81bc-4f63-b47d-ee2fe7c7e8ff,1,False
concurrency_n10_20260613_002350_kafka_feed7_rep1,kafka,sb-events-n10-feed7-rep1,1,5403,32323328800,df41d240-b258-46b6-9a06-bb7dd255ee20,3895052,469,39.083333333333336,4704295444,3895052:df41d240-b258-46b6-9a06-bb7dd255ee20,1,False
concurrency_n10_20260613_002350_kafka_feed7_rep1,kafka,sb-events-n10-feed7-rep1,1,5404,32328237700,4b0b32e6-dd8d-41ea-8863-b654c344fa3d,3895121,470,39.16666666666666,4704989888,3895121:4b0b32e6-dd8d-41ea-8863-b654c344fa3d,1,False
concurrency_n10_20260613_002350_kafka_feed7_rep1,kafka,sb-events-n10-feed7-rep1,2,5411,32338159100,5362354e-6dbb-40e7-9ae8-6d34557bd7c7,3895121,470,39.16666666666666,4704989888,3895121:5362354e-6dbb-40e7-9ae8-6d34557bd7c7,1,False
concurrency_n10_20260613_002350_kafka_feed7_rep1,kafka,sb-events-n10-feed7-rep1,2,5412,32338477400,f1a74c60-c0cd-467b-ac77-18a6169d4b7b,3895074,470,39.16666666666666,4704989888,3895074:f1a74c60-c0cd-467b-ac77-18a6169d4b7b,1,False
concurrency_n10_20260613_002350_kafka_feed7_rep1,kafka,sb-events-n10-feed7-rep1,1,5405,32343982300,ed2e75e9-5843-4f97-b711-64b6bf43ecda,3895074,470,39.16666666666666,4704989888,3895074:ed2e75e9-5843-4f97-b711-64b6bf43ecda,1,False
concurrency_n10_20260613_002350_kafka_feed7_rep1,kafka,sb-events-n10-feed7-rep1,1,5406,32344062900,5292885e-2105-49ba-91e7-7f6279241aa9,3895074,470,39.16666666666666,4704989888,3895074:5292885e-2105-49ba-91e7-7f6279241aa9,1,False
concurrency_n10_20260613_002350_kafka_feed7_rep1,kafka,sb-events-n10-feed7-rep1,0,5195,32353682600,a795d859-ddcc-42d7-9ce1-dd700c073a65,3895067,470,39.16666666666666,4704989888,3895067:a795d859-ddcc-42d7-9ce1-dd700c073a65,1,False
concurrency_n10_20260613_002350_kafka_feed7_rep1,kafka,sb-events-n10-feed7-rep1,1,5407,32353723300,1d0a36b8-9678-4f8f-b24a-c000fa11ba73,3895067,470,39.16666666666666,4704989888,3895067:1d0a36b8-9678-4f8f-b24a-c000fa11ba73,1,False
concurrency_n10_20260613_002350_kafka_feed7_rep1,kafka,sb-events-n10-feed7-rep1,1,5408,32357422500,af95cc8d-e342-4dc0-9da9-bb69cc894f5d,3895067,470,39.16666666666666,4704989888,3895067:af95cc8d-e342-4dc0-9da9-bb69cc894f5d,1,False
concurrency_n10_20260613_002350_kafka_feed7_rep1,kafka,sb-events-n10-feed7-rep1,0,5196,32362473800,83e68a0d-c4c4-4fc7-97dc-eb7f181765b9,3895086,470,39.16666666666666,4704989888,3895086:83e68a0d-c4c4-4fc7-97dc-eb7f181765b9,1,False
concurrency_n10_20260613_002350_kafka_feed7_rep1,kafka,sb-events-n10-feed7-rep1,1,5409,32362595000,143e3880-b96d-4361-9887-8cea825d687d,3895086,470,39.16666666666666,4704989888,3895086:143e3880-b96d-4361-9887-8cea825d687d,1,False
concurrency_n10_20260613_002350_kafka_feed7_rep1,kafka,sb-events-n10-feed7-rep1,2,5413,32367540300,b28f6401-5433-4435-b1f4-17cf164072f7,3895052,470,39.16666666666666,4704989888,3895052:b28f6401-5433-4435-b1f4-17cf164072f7,1,False
concurrency_n10_20260613_002350_kafka_feed7_rep1,kafka,sb-events-n10-feed7-rep1,0,5197,32376555400,3fd1b5d6-f4a7-405d-be71-58f35782e15c,3895052,470,39.16666666666666,4704989888,3895052:3fd1b5d6-f4a7-405d-be71-58f35782e15c,1,False
concurrency_n10_20260613_002350_kafka_feed7_rep1,kafka,sb-events-n10-feed7-rep1,1,5410,32382514200,f23fcdfa-3dcf-4322-8d2e-f19f1e6c8d62,3895121,471,39.25,4705684333,3895121:f23fcdfa-3dcf-4322-8d2e-f19f1e6c8d62,1,False
concurrency_n10_20260613_002350_kafka_feed7_rep1,kafka,sb-events-n10-feed7-rep1,0,5198,32386325900,a26597e5-95eb-4963-a281-76f61140468d,3895121,471,39.25,4705684333,3895121:a26597e5-95eb-4963-a281-76f61140468d,1,False
concurrency_n10_20260613_002350_kafka_feed7_rep1,kafka,sb-events-n10-feed7-rep1,2,5414,32393478500,2ad11371-a3df-4044-86dd-dc92f137f9f8,3895074,471,39.25,4705684333,3895074:2ad11371-a3df-4044-86dd-dc92f137f9f8,1,False
concurrency_n10_20260613_002350_kafka_feed7_rep1,kafka,sb-events-n10-feed7-rep1,1,5411,32398570200,d89e977a-5af4-45cb-a248-6144e037ff02,3895067,471,39.25,4705684333,3895067:d89e977a-5af4-45cb-a248-6144e037ff02,1,False
concurrency_n10_20260613_002350_kafka_feed7_rep1,kafka,sb-events-n10-feed7-rep1,2,5415,32398869800,70544f47-c38c-43dc-a3c3-d5811c80fe81,3895134,471,39.25,4705684333,3895134:70544f47-c38c-43dc-a3c3-d5811c80fe81,1,False
concurrency_n10_20260613_002350_kafka_feed7_rep1,kafka,sb-events-n10-feed7-rep1,2,5416,32402636600,0628e032-a67c-461e-81b6-eb7ad1ca851f,3895134,471,39.25,4705684333,3895134:0628e032-a67c-461e-81b6-eb7ad1ca851f,1,False
concurrency_n10_20260613_002350_kafka_feed7_rep1,kafka,sb-events-n10-feed7-rep1,0,5199,32410157100,f31a81ec-4289-4c9e-a352-8a8ecf402f40,3895134,471,39.25,4705684333,3895134:f31a81ec-4289-4c9e-a352-8a8ecf402f40,1,False
concurrency_n10_20260613_002350_kafka_feed7_rep1,kafka,sb-events-n10-feed7-rep1,1,5412,32416458300,564b992f-a93b-47e2-a3c8-58f58a03c64c,3895086,471,39.25,4705684333,3895086:564b992f-a93b-47e2-a3c8-58f58a03c64c,1,False
concurrency_n10_20260613_002350_kafka_feed7_rep1,kafka,sb-events-n10-feed7-rep1,2,5417,32423891300,0e75662f-3fdf-48d0-80d9-e67fcfafc207,3895052,471,39.25,4705684333,3895052:0e75662f-3fdf-48d0-80d9-e67fcfafc207,1,False
concurrency_n10_20260613_002350_kafka_feed7_rep1,kafka,sb-events-n10-feed7-rep1,1,5413,32423934000,98b78ad0-eb59-4eb0-8829-c9320b3eebae,3895067,472,39.333333333333336,4706378777,3895067:98b78ad0-eb59-4eb0-8829-c9320b3eebae,1,False
concurrency_n10_20260613_002350_kafka_feed7_rep1,kafka,sb-events-n10-feed7-rep1,1,5414,32431184200,ea660348-9477-44af-a655-fcaed91d91f8,3895067,472,39.333333333333336,4706378777,3895067:ea660348-9477-44af-a655-fcaed91d91f8,1,False
concurrency_n10_20260613_002350_kafka_feed7_rep1,kafka,sb-events-n10-feed7-rep1,2,5418,32438737900,5438d909-eb08-4a8c-9503-c7bdd8f341b0,3895086,472,39.333333333333336,4706378777,3895086:5438d909-eb08-4a8c-9503-c7bdd8f341b0,1,False
concurrency_n10_20260613_002350_kafka_feed7_rep1,kafka,sb-events-n10-feed7-rep1,1,5415,32438790100,5a1224f9-cee7-481f-b467-6d6c61240bd0,3895074,473,39.41666666666666,4707073222,3895074:5a1224f9-cee7-481f-b467-6d6c61240bd0,1,False
concurrency_n10_20260613_002350_kafka_feed7_rep1,kafka,sb-events-n10-feed7-rep1,1,5416,32446754300,736ddb9b-44e9-4a00-b625-037a699bbbda,3895074,473,39.41666666666666,4707073222,3895074:736ddb9b-44e9-4a00-b625-037a699bbbda,1,False
concurrency_n10_20260613_002350_kafka_feed7_rep1,kafka,sb-events-n10-feed7-rep1,1,5417,32454651200,033ce2f9-2f53-430a-ba21-b9765bb014d3,3895134,473,39.41666666666666,4707073222,3895134:033ce2f9-2f53-430a-ba21-b9765bb014d3,1,False
concurrency_n10_20260613_002350_kafka_feed7_rep1,kafka,sb-events-n10-feed7-rep1,2,5419,32464249000,9c22693c-1a75-479c-a62b-ad9b8d7102f5,3895134,473,39.41666666666666,4707073222,3895134:9c22693c-1a75-479c-a62b-ad9b8d7102f5,1,False
concurrency_n10_20260613_002350_kafka_feed7_rep1,kafka,sb-events-n10-feed7-rep1,1,5418,32464292300,f4eea71a-2476-4f0c-8802-c9fe7503a3eb,3895086,473,39.41666666666666,4707073222,3895086:f4eea71a-2476-4f0c-8802-c9fe7503a3eb,1,False
concurrency_n10_20260613_002350_kafka_feed7_rep1,kafka,sb-events-n10-feed7-rep1,0,5200,32469231200,96e8d159-a7c9-4e88-8221-cc6182130e2c,3895086,473,39.41666666666666,4707073222,3895086:96e8d159-a7c9-4e88-8221-cc6182130e2c,1,False
concurrency_n10_20260613_002350_kafka_feed7_rep1,kafka,sb-events-n10-feed7-rep1,1,5419,32469274300,763d58f2-630f-42e6-84f6-858bc0a94324,3895067,474,39.5,4707767666,3895067:763d58f2-630f-42e6-84f6-858bc0a94324,1,False
concurrency_n10_20260613_002350_kafka_feed7_rep1,kafka,sb-events-n10-feed7-rep1,0,5201,32474856500,0744fba3-56cb-428d-bf40-a354a2b63441,3895067,474,39.5,4707767666,3895067:0744fba3-56cb-428d-bf40-a354a2b63441,1,False
concurrency_n10_20260613_002350_kafka_feed7_rep1,kafka,sb-events-n10-feed7-rep1,1,5420,32479582500,916a9bb1-597a-466a-a634-35a877e27113,3895067,474,39.5,4707767666,3895067:916a9bb1-597a-466a-a634-35a877e27113,1,False
concurrency_n10_20260613_002350_kafka_feed7_rep1,kafka,sb-events-n10-feed7-rep1,1,5421,32484945500,fc654822-aa94-435d-a06c-7894b15c0bde,3895086,474,39.5,4707767666,3895086:fc654822-aa94-435d-a06c-7894b15c0bde,1,False
concurrency_n10_20260613_002350_kafka_feed7_rep1,kafka,sb-events-n10-feed7-rep1,1,5422,32496965800,832afd0b-9588-4cc4-8963-9ecc26783b76,3895086,474,39.5,4707767666,3895086:832afd0b-9588-4cc4-8963-9ecc26783b76,1,False
concurrency_n10_20260613_002350_kafka_feed7_rep1,kafka,sb-events-n10-feed7-rep1,1,5423,32497209100,2cc8e083-9ca4-42e3-99e5-e3a2ee2ee57e,3895060,475,39.583333333333336,4708462111,3895060:2cc8e083-9ca4-42e3-99e5-e3a2ee2ee57e,1,False
concurrency_n10_20260613_002350_kafka_feed7_rep1,kafka,sb-events-n10-feed7-rep1,2,5420,32503555800,b7aa1457-1911-4c54-86d1-eeba7711879a,3895067,475,39.583333333333336,4708462111,3895067:b7aa1457-1911-4c54-86d1-eeba7711879a,1,False
concurrency_n10_20260613_002350_kafka_feed7_rep1,kafka,sb-events-n10-feed7-rep1,0,5202,32515208300,d09e1dad-7cbf-4ef4-b81e-5bfe0b54a46c,3895060,476,39.66666666666666,4709156555,3895060:d09e1dad-7cbf-4ef4-b81e-5bfe0b54a46c,1,False
concurrency_n10_20260613_002350_kafka_feed7_rep1,kafka,sb-events-n10-feed7-rep1,1,5424,32515257500,f6e716c5-a169-4919-9d7e-ed4c2e6999f6,3895134,475,39.583333333333336,4708462111,3895134:f6e716c5-a169-4919-9d7e-ed4c2e6999f6,1,False
concurrency_n10_20260613_002350_kafka_feed7_rep1,kafka,sb-events-n10-feed7-rep1,2,5421,32515290500,90c97a83-0af0-422d-bb6b-ac616a0e970c,3895067,475,39.583333333333336,4708462111,3895067:90c97a83-0af0-422d-bb6b-ac616a0e970c,1,False
concurrency_n10_20260613_002350_kafka_feed7_rep1,kafka,sb-events-n10-feed7-rep1,1,5425,32521202400,14c258e3-87a9-4477-8737-28fe88293009,3895060,476,39.66666666666666,4709156555,3895060:14c258e3-87a9-4477-8737-28fe88293009,1,False
concurrency_n10_20260613_002350_kafka_feed7_rep1,kafka,sb-events-n10-feed7-rep1,1,5426,32528895900,8974c6d2-f53a-48ed-9034-774ad8eb6a0d,3895060,476,39.66666666666666,4709156555,3895060:8974c6d2-f53a-48ed-9034-774ad8eb6a0d,1,False
concurrency_n10_20260613_002350_kafka_feed7_rep1,kafka,sb-events-n10-feed7-rep1,1,5427,32528937800,8848ed44-1708-4b22-9b9a-65f860954a94,3895067,476,39.66666666666666,4709156555,3895067:8848ed44-1708-4b22-9b9a-65f860954a94,1,False
concurrency_n10_20260613_002350_kafka_feed7_rep1,kafka,sb-events-n10-feed7-rep1,2,5422,32536767200,a8ae1297-c18b-48d8-8655-2179adf257c6,3895134,476,39.66666666666666,4709156555,3895134:a8ae1297-c18b-48d8-8655-2179adf257c6,1,False
concurrency_n10_20260613_002350_kafka_feed7_rep1,kafka,sb-events-n10-feed7-rep1,0,5203,32558654400,117e1f76-6ab5-43de-9ce6-aed027465ea8,3895086,476,39.66666666666666,4709156555,3895086:117e1f76-6ab5-43de-9ce6-aed027465ea8,1,False
concurrency_n10_20260613_002350_kafka_feed7_rep1,kafka,sb-events-n10-feed7-rep1,0,5204,32558767700,972ab2c7-5124-4546-881b-68c14ae1221e,3895060,477,39.75,4709851000,3895060:972ab2c7-5124-4546-881b-68c14ae1221e,1,False
concurrency_n10_20260613_002350_kafka_feed7_rep1,kafka,sb-events-n10-feed7-rep1,1,5428,32573455300,8532b186-9a6a-4a44-a560-98874af82849,3895060,477,39.75,4709851000,3895060:8532b186-9a6a-4a44-a560-98874af82849,1,False
concurrency_n10_20260613_002350_kafka_feed7_rep1,kafka,sb-events-n10-feed7-rep1,1,5429,32573502800,244dfe20-6f6e-4563-bb81-bd9571da46cc,3895067,477,39.75,4709851000,3895067:244dfe20-6f6e-4563-bb81-bd9571da46cc,1,False
concurrency_n10_20260613_002350_kafka_feed7_rep1,kafka,sb-events-n10-feed7-rep1,2,5423,32573528300,ae535027-1a9b-460d-afb7-ca950e5f6454,3895060,477,39.75,4709851000,3895060:ae535027-1a9b-460d-afb7-ca950e5f6454,1,False
concurrency_n10_20260613_002350_kafka_feed7_rep1,kafka,sb-events-n10-feed7-rep1,0,5205,32573565700,8be3754f-352d-4b91-bea2-1ee0c8bcfee6,3895067,477,39.75,4709851000,3895067:8be3754f-352d-4b91-bea2-1ee0c8bcfee6,1,False
concurrency_n10_20260613_002350_kafka_feed7_rep1,kafka,sb-events-n10-feed7-rep1,1,5430,32579475300,373dc7bd-d13d-460b-9ad3-78036b35a08c,3895134,477,39.75,4709851000,3895134:373dc7bd-d13d-460b-9ad3-78036b35a08c,1,False
concurrency_n10_20260613_002350_kafka_feed7_rep1,kafka,sb-events-n10-feed7-rep1,0,5206,32579514400,6b49f0b1-0667-49fc-9bd5-b77c657d113e,3895134,477,39.75,4709851000,3895134:6b49f0b1-0667-49fc-9bd5-b77c657d113e,1,False
concurrency_n10_20260613_002350_kafka_feed7_rep1,kafka,sb-events-n10-feed7-rep1,1,5431,32584167700,953250cd-ee87-42f7-8410-b94cce63746a,3895134,477,39.75,4709851000,3895134:953250cd-ee87-42f7-8410-b94cce63746a,1,False
concurrency_n10_20260613_002350_kafka_feed7_rep1,kafka,sb-events-n10-feed7-rep1,2,5424,32595971400,7d4c9d22-2c9b-41d1-94c9-5a0adeb7353e,3895086,477,39.75,4709851000,3895086:7d4c9d22-2c9b-41d1-94c9-5a0adeb7353e,1,False
concurrency_n10_20260613_002350_kafka_feed7_rep1,kafka,sb-events-n10-feed7-rep1,1,5432,32596012900,d2a3b47f-7400-4125-a313-daa4691f910e,3895086,477,39.75,4709851000,3895086:d2a3b47f-7400-4125-a313-daa4691f910e,1,False
concurrency_n10_20260613_002350_kafka_feed7_rep1,kafka,sb-events-n10-feed7-rep1,1,5433,32600095500,ddde6ce4-3882-4c5f-8ff4-ec7aad5e9cea,3895060,478,39.833333333333336,4710545444,3895060:ddde6ce4-3882-4c5f-8ff4-ec7aad5e9cea,1,False
concurrency_n10_20260613_002350_kafka_feed7_rep1,kafka,sb-events-n10-feed7-rep1,1,5434,32607669000,370792a4-6940-42de-99a4-331696d204f2,3895060,478,39.833333333333336,4710545444,3895060:370792a4-6940-42de-99a4-331696d204f2,1,False
concurrency_n10_20260613_002350_kafka_feed7_rep1,kafka,sb-events-n10-feed7-rep1,0,5207,32614474400,f7ee8391-8962-4fd7-a136-65b296f2d8cf,3895134,478,39.833333333333336,4710545444,3895134:f7ee8391-8962-4fd7-a136-65b296f2d8cf,1,False
concurrency_n10_20260613_002350_kafka_feed7_rep1,kafka,sb-events-n10-feed7-rep1,1,5435,32614521200,8a1a4c5a-cfb0-428e-b323-174a4864193c,3895134,478,39.833333333333336,4710545444,3895134:8a1a4c5a-cfb0-428e-b323-174a4864193c,1,False
concurrency_n10_20260613_002350_kafka_feed7_rep1,kafka,sb-events-n10-feed7-rep1,1,5436,32622972800,53f7dfa9-747e-4181-82ac-41ca2bc3822c,3895121,479,39.91666666666666,4711239888,3895121:53f7dfa9-747e-4181-82ac-41ca2bc3822c,1,False
concurrency_n10_20260613_002350_kafka_feed7_rep1,kafka,sb-events-n10-feed7-rep1,0,5208,32630909800,aedad7e5-5109-43e5-9b0d-81cfdf493ec6,3895107,479,39.91666666666666,4711239888,3895107:aedad7e5-5109-43e5-9b0d-81cfdf493ec6,1,False
concurrency_n10_20260613_002350_kafka_feed7_rep1,kafka,sb-events-n10-feed7-rep1,2,5425,32641825700,16f91cec-0a01-42f4-8808-b253d5027be9,3895134,479,39.91666666666666,4711239888,3895134:16f91cec-0a01-42f4-8808-b253d5027be9,1,False
concurrency_n10_20260613_002350_kafka_feed7_rep1,kafka,sb-events-n10-feed7-rep1,0,5209,32641925700,908f0f79-14ce-4dc5-ac04-dc1ce7df95c4,3895134,479,39.91666666666666,4711239888,3895134:908f0f79-14ce-4dc5-ac04-dc1ce7df95c4,1,False
concurrency_n10_20260613_002350_kafka_feed7_rep1,kafka,sb-events-n10-feed7-rep1,0,5210,32649126400,29b69ac5-f3de-4f44-8a84-890f758f85d5,3895134,479,39.91666666666666,4711239888,3895134:29b69ac5-f3de-4f44-8a84-890f758f85d5,1,False
concurrency_n10_20260613_002350_kafka_feed7_rep1,kafka,sb-events-n10-feed7-rep1,0,5211,32649170900,89a798fc-4ca8-4ef3-b77b-b4067a3072e7,3895074,480,40.0,4711934333,3895074:89a798fc-4ca8-4ef3-b77b-b4067a3072e7,1,False
concurrency_n10_20260613_002350_kafka_feed7_rep1,kafka,sb-events-n10-feed7-rep1,2,5426,32657135700,c6d9a786-6fdb-4837-b172-c7206bc135b3,3895086,480,40.0,4711934333,3895086:c6d9a786-6fdb-4837-b172-c7206bc135b3,1,False
concurrency_n10_20260613_002350_kafka_feed7_rep1,kafka,sb-events-n10-feed7-rep1,0,5212,32657175100,24b86b4b-a054-4249-b219-ee01b5b9c20d,3895086,480,40.0,4711934333,3895086:24b86b4b-a054-4249-b219-ee01b5b9c20d,1,False
concurrency_n10_20260613_002350_kafka_feed7_rep1,kafka,sb-events-n10-feed7-rep1,1,5437,32661271700,c42ddc13-8e10-4684-99d7-5725503214d8,3895086,480,40.0,4711934333,3895086:c42ddc13-8e10-4684-99d7-5725503214d8,1,False
concurrency_n10_20260613_002350_kafka_feed7_rep1,kafka,sb-events-n10-feed7-rep1,0,5213,32669581800,7ef27699-3aca-4001-a41e-b73a91fafcfd,3895113,480,40.0,4711934333,3895113:7ef27699-3aca-4001-a41e-b73a91fafcfd,1,False
concurrency_n10_20260613_002350_kafka_feed7_rep1,kafka,sb-events-n10-feed7-rep1,1,5438,32679867600,dbeb1fe3-ad84-404e-9f8d-0c1b827c1318,3895121,481,40.083333333333336,4712628777,3895121:dbeb1fe3-ad84-404e-9f8d-0c1b827c1318,1,False
concurrency_n10_20260613_002350_kafka_feed7_rep1,kafka,sb-events-n10-feed7-rep1,0,5214,32679911900,74ec5700-b779-47b1-85cd-96b1b98339f2,3895121,481,40.083333333333336,4712628777,3895121:74ec5700-b779-47b1-85cd-96b1b98339f2,1,False
concurrency_n10_20260613_002350_kafka_feed7_rep1,kafka,sb-events-n10-feed7-rep1,2,5427,32690573500,3f5ddab5-27ce-47e8-af7e-336e770db44f,3895074,482,40.16666666666666,4713323222,3895074:3f5ddab5-27ce-47e8-af7e-336e770db44f,1,False
concurrency_n10_20260613_002350_kafka_feed7_rep1,kafka,sb-events-n10-feed7-rep1,1,5439,32690685600,13b8dcbe-a434-4e86-971f-b214f2ea3e2e,3895134,481,40.083333333333336,4712628777,3895134:13b8dcbe-a434-4e86-971f-b214f2ea3e2e,1,False
concurrency_n10_20260613_002350_kafka_feed7_rep1,kafka,sb-events-n10-feed7-rep1,1,5440,32690713600,4aacddba-d73e-4d40-ab6b-a9f793127492,3895134,481,40.083333333333336,4712628777,3895134:4aacddba-d73e-4d40-ab6b-a9f793127492,1,False
concurrency_n10_20260613_002350_kafka_feed7_rep1,kafka,sb-events-n10-feed7-rep1,0,5215,32699878400,e2642e4c-ef25-4f71-9c1d-41ca3d90afb0,3895074,482,40.16666666666666,4713323222,3895074:e2642e4c-ef25-4f71-9c1d-41ca3d90afb0,1,False
concurrency_n10_20260613_002350_kafka_feed7_rep1,kafka,sb-events-n10-feed7-rep1,1,5441,32699927200,f4bf9f3e-fa6e-47a3-ad62-2932f0db7659,3895060,482,40.16666666666666,4713323222,3895060:f4bf9f3e-fa6e-47a3-ad62-2932f0db7659,1,False
concurrency_n10_20260613_002350_kafka_feed7_rep1,kafka,sb-events-n10-feed7-rep1,2,5428,32714782300,95238892-450f-4835-8948-5655fb7d2a1d,3895107,482,40.16666666666666,4713323222,3895107:95238892-450f-4835-8948-5655fb7d2a1d,1,False
concurrency_n10_20260613_002350_kafka_feed7_rep1,kafka,sb-events-n10-feed7-rep1,0,5216,32714826700,837fea5f-21ea-4230-bbbd-6453627b552d,3895060,482,40.16666666666666,4713323222,3895060:837fea5f-21ea-4230-bbbd-6453627b552d,1,False
concurrency_n10_20260613_002350_kafka_feed7_rep1,kafka,sb-events-n10-feed7-rep1,1,5442,32714851800,285cf6ae-4c95-4012-99f8-f22d78055627,3895060,482,40.16666666666666,4713323222,3895060:285cf6ae-4c95-4012-99f8-f22d78055627,1,False
concurrency_n10_20260613_002350_kafka_feed7_rep1,kafka,sb-events-n10-feed7-rep1,2,5429,32723768900,8993f7b5-53ef-4450-abf1-fc158962b361,3895107,482,40.16666666666666,4713323222,3895107:8993f7b5-53ef-4450-abf1-fc158962b361,1,False
concurrency_n10_20260613_002350_kafka_feed7_rep1,kafka,sb-events-n10-feed7-rep1,2,5430,32723820600,0adc0c81-8baf-494a-95bc-290b2e78c770,3895113,482,40.16666666666666,4713323222,3895113:0adc0c81-8baf-494a-95bc-290b2e78c770,1,False
concurrency_n10_20260613_002350_kafka_feed7_rep1,kafka,sb-events-n10-feed7-rep1,2,5431,32723846300,b76bd532-c731-40f2-a89d-54e54004daa3,3895113,482,40.16666666666666,4713323222,3895113:b76bd532-c731-40f2-a89d-54e54004daa3,1,False
concurrency_n10_20260613_002350_kafka_feed7_rep1,kafka,sb-events-n10-feed7-rep1,0,5217,32731776500,ca7748eb-3897-4456-b2ef-1f825740617b,3895121,483,40.25,4714017666,3895121:ca7748eb-3897-4456-b2ef-1f825740617b,1,False
concurrency_n10_20260613_002350_kafka_feed7_rep1,kafka,sb-events-n10-feed7-rep1,2,5432,32731822700,ceb3caa1-56d5-4fed-a5f7-845b5dfabc79,3895113,482,40.16666666666666,4713323222,3895113:ceb3caa1-56d5-4fed-a5f7-845b5dfabc79,1,False
concurrency_n10_20260613_002350_kafka_feed7_rep1,kafka,sb-events-n10-feed7-rep1,0,5218,32742500200,664c8602-ba21-44c4-a57e-03ca8bfbd2a3,3895086,483,40.25,4714017666,3895086:664c8602-ba21-44c4-a57e-03ca8bfbd2a3,1,False
concurrency_n10_20260613_002350_kafka_feed7_rep1,kafka,sb-events-n10-feed7-rep1,0,5219,32742606100,92836f1b-71fd-43d3-aa9a-0311e4a62d38,3895113,483,40.25,4714017666,3895113:92836f1b-71fd-43d3-aa9a-0311e4a62d38,1,False
concurrency_n10_20260613_002350_kafka_feed7_rep1,kafka,sb-events-n10-feed7-rep1,2,5433,32742635700,8da412b2-81d6-413b-8752-bb248389a056,3895107,483,40.25,4714017666,3895107:8da412b2-81d6-413b-8752-bb248389a056,1,False
concurrency_n10_20260613_002350_kafka_feed7_rep1,kafka,sb-events-n10-feed7-rep1,1,5443,32753926000,047e3d1d-965e-451e-9e8d-46e9bfcf3e56,3895121,484,40.333333333333336,4714712111,3895121:047e3d1d-965e-451e-9e8d-46e9bfcf3e56,1,False
concurrency_n10_20260613_002350_kafka_feed7_rep1,kafka,sb-events-n10-feed7-rep1,0,5220,32753973400,87d38202-5915-49d4-86be-09ae2f7ab10b,3895121,484,40.333333333333336,4714712111,3895121:87d38202-5915-49d4-86be-09ae2f7ab10b,1,False
concurrency_n10_20260613_002350_kafka_feed7_rep1,kafka,sb-events-n10-feed7-rep1,2,5434,32767137800,951e7ac9-28e8-49ac-b093-c767b98fe62f,3895134,484,40.333333333333336,4714712111,3895134:951e7ac9-28e8-49ac-b093-c767b98fe62f,1,False
concurrency_n10_20260613_002350_kafka_feed7_rep1,kafka,sb-events-n10-feed7-rep1,1,5444,32767181000,c3bfecfb-e856-4a3c-ba74-a055a8619542,3895074,484,40.333333333333336,4714712111,3895074:c3bfecfb-e856-4a3c-ba74-a055a8619542,1,False
concurrency_n10_20260613_002350_kafka_feed7_rep1,kafka,sb-events-n10-feed7-rep1,0,5221,32767205400,a76d4db8-b7c8-4e40-bdf5-cf6c0cb201b4,3895060,484,40.333333333333336,4714712111,3895060:a76d4db8-b7c8-4e40-bdf5-cf6c0cb201b4,1,False
concurrency_n10_20260613_002350_kafka_feed7_rep1,kafka,sb-events-n10-feed7-rep1,0,5222,32772797700,c778d902-0701-4e35-a2a4-5948422bd79f,3895121,485,40.41666666666666,4715406555,3895121:c778d902-0701-4e35-a2a4-5948422bd79f,1,False
concurrency_n10_20260613_002350_kafka_feed7_rep1,kafka,sb-events-n10-feed7-rep1,1,5445,32779134300,b1af8396-df2a-4b40-ae2c-691eea7b965b,3895074,485,40.41666666666666,4715406555,3895074:b1af8396-df2a-4b40-ae2c-691eea7b965b,1,False
concurrency_n10_20260613_002350_kafka_feed7_rep1,kafka,sb-events-n10-feed7-rep1,1,5446,32788621700,7d16a773-01d1-473b-812c-282c1e6890d5,3895074,485,40.41666666666666,4715406555,3895074:7d16a773-01d1-473b-812c-282c1e6890d5,1,False
concurrency_n10_20260613_002350_kafka_feed7_rep1,kafka,sb-events-n10-feed7-rep1,2,5435,32797854400,8383a687-f70b-42dd-a2dd-22641f5009aa,3895060,485,40.41666666666666,4715406555,3895060:8383a687-f70b-42dd-a2dd-22641f5009aa,1,False
concurrency_n10_20260613_002350_kafka_feed7_rep1,kafka,sb-events-n10-feed7-rep1,1,5447,32797895700,85b77830-bcf8-4e34-bca8-468c92c6ef32,3895107,485,40.41666666666666,4715406555,3895107:85b77830-bcf8-4e34-bca8-468c92c6ef32,1,False
concurrency_n10_20260613_002350_kafka_feed7_rep1,kafka,sb-events-n10-feed7-rep1,0,5223,32810183800,ed1633a7-5f8b-4e48-979f-8d47a597c0d4,3895107,485,40.41666666666666,4715406555,3895107:ed1633a7-5f8b-4e48-979f-8d47a597c0d4,1,False
concurrency_n10_20260613_002350_kafka_feed7_rep1,kafka,sb-events-n10-feed7-rep1,0,5224,32810237000,7f90e39a-649d-4fca-98a8-b4d30215a07b,3895107,485,40.41666666666666,4715406555,3895107:7f90e39a-649d-4fca-98a8-b4d30215a07b,1,False
concurrency_n10_20260613_002350_kafka_feed7_rep1,kafka,sb-events-n10-feed7-rep1,2,5436,32825590900,46b6748a-b45c-4b63-bd26-53c289b17e67,3895134,485,40.41666666666666,4715406555,3895134:46b6748a-b45c-4b63-bd26-53c289b17e67,1,False
concurrency_n10_20260613_002350_kafka_feed7_rep1,kafka,sb-events-n10-feed7-rep1,2,5437,32825824600,957393b2-53ad-4a4a-bfad-aa5fd3b4ca34,3895134,485,40.41666666666666,4715406555,3895134:957393b2-53ad-4a4a-bfad-aa5fd3b4ca34,1,False
concurrency_n10_20260613_002350_kafka_feed7_rep1,kafka,sb-events-n10-feed7-rep1,0,5225,32825853500,cd3fa78f-9ef8-4cab-bd96-c2ccf13db744,3895134,485,40.41666666666666,4715406555,3895134:cd3fa78f-9ef8-4cab-bd96-c2ccf13db744,1,False
concurrency_n10_20260613_002350_kafka_feed7_rep1,kafka,sb-events-n10-feed7-rep1,1,5448,32836547800,43f04a8e-de91-457b-9151-2d6a0b0048f0,3895121,486,40.5,4716101000,3895121:43f04a8e-de91-457b-9151-2d6a0b0048f0,1,False
concurrency_n10_20260613_002350_kafka_feed7_rep1,kafka,sb-events-n10-feed7-rep1,2,5438,32836583100,f0404473-617c-4442-b678-ffd5a3faec6d,3895086,485,40.41666666666666,4715406555,3895086:f0404473-617c-4442-b678-ffd5a3faec6d,1,False
concurrency_n10_20260613_002350_kafka_feed7_rep1,kafka,sb-events-n10-feed7-rep1,0,5226,32836603200,be06b608-79e3-4e92-90c3-da7c46624e3c,3895086,485,40.41666666666666,4715406555,3895086:be06b608-79e3-4e92-90c3-da7c46624e3c,1,False
concurrency_n10_20260613_002350_kafka_feed7_rep1,kafka,sb-events-n10-feed7-rep1,2,5439,32852485300,a942d413-8e18-478c-b604-5b6c6e4da504,3895121,486,40.5,4716101000,3895121:a942d413-8e18-478c-b604-5b6c6e4da504,1,False
concurrency_n10_20260613_002350_kafka_feed7_rep1,kafka,sb-events-n10-feed7-rep1,0,5227,32852527300,58d93f50-8b43-438f-8a71-654ba72953a2,3895121,486,40.5,4716101000,3895121:58d93f50-8b43-438f-8a71-654ba72953a2,1,False
concurrency_n10_20260613_002350_kafka_feed7_rep1,kafka,sb-events-n10-feed7-rep1,1,5449,32859626800,b303f39f-bb13-42dd-90fb-37542c2aa67c,3895060,486,40.5,4716101000,3895060:b303f39f-bb13-42dd-90fb-37542c2aa67c,1,False
concurrency_n10_20260613_002350_kafka_feed7_rep1,kafka,sb-events-n10-feed7-rep1,1,5450,32859673200,6b555d33-1201-491e-b05a-daf424748369,3895107,486,40.5,4716101000,3895107:6b555d33-1201-491e-b05a-daf424748369,1,False
concurrency_n10_20260613_002350_kafka_feed7_rep1,kafka,sb-events-n10-feed7-rep1,2,5440,32859703200,6b3565f7-be6c-4ed4-850f-cabf2e1cc00b,3895060,486,40.5,4716101000,3895060:6b3565f7-be6c-4ed4-850f-cabf2e1cc00b,1,False
concurrency_n10_20260613_002350_kafka_feed7_rep1,kafka,sb-events-n10-feed7-rep1,0,5228,32868077600,a12affa9-0528-43ab-ba6c-bcf1e75acc94,3895113,486,40.5,4716101000,3895113:a12affa9-0528-43ab-ba6c-bcf1e75acc94,1,False
concurrency_n10_20260613_002350_kafka_feed7_rep1,kafka,sb-events-n10-feed7-rep1,2,5441,32868117100,c93be192-605a-420c-827a-3cfd01facaa6,3895134,486,40.5,4716101000,3895134:c93be192-605a-420c-827a-3cfd01facaa6,1,False
concurrency_n10_20260613_002350_kafka_feed7_rep1,kafka,sb-events-n10-feed7-rep1,2,5442,32874271500,e2ea1f32-6183-4d41-ad14-3eed7e69de60,3895121,487,40.583333333333336,4716795444,3895121:e2ea1f32-6183-4d41-ad14-3eed7e69de60,1,False
concurrency_n10_20260613_002350_kafka_feed7_rep1,kafka,sb-events-n10-feed7-rep1,2,5443,32874622100,d966ad98-cfbf-4352-9296-7184ce8dd5cf,3895121,487,40.583333333333336,4716795444,3895121:d966ad98-cfbf-4352-9296-7184ce8dd5cf,1,False
concurrency_n10_20260613_002350_kafka_feed7_rep1,kafka,sb-events-n10-feed7-rep1,1,5451,32885654200,05222980-8d38-4f2b-afc6-771c792f2ebd,3895074,487,40.583333333333336,4716795444,3895074:05222980-8d38-4f2b-afc6-771c792f2ebd,1,False
concurrency_n10_20260613_002350_kafka_feed7_rep1,kafka,sb-events-n10-feed7-rep1,0,5229,32885747300,2af02957-ad76-4bfb-8e72-dd95237e58ff,3895134,487,40.583333333333336,4716795444,3895134:2af02957-ad76-4bfb-8e72-dd95237e58ff,1,False
concurrency_n10_20260613_002350_kafka_feed7_rep1,kafka,sb-events-n10-feed7-rep1,2,5444,32891876100,08f7eb42-654b-48d2-bb70-c124ee425bca,3895134,487,40.583333333333336,4716795444,3895134:08f7eb42-654b-48d2-bb70-c124ee425bca,1,False
concurrency_n10_20260613_002350_kafka_feed7_rep1,kafka,sb-events-n10-feed7-rep1,0,5230,32891918100,0e05c17a-6a6a-4714-b16c-2683603d2d25,3895134,487,40.583333333333336,4716795444,3895134:0e05c17a-6a6a-4714-b16c-2683603d2d25,1,False
concurrency_n10_20260613_002350_kafka_feed7_rep1,kafka,sb-events-n10-feed7-rep1,0,5231,32902522500,ecf56765-45f3-4939-b7c7-80aae2e885f3,3895121,488,40.66666666666666,4717489888,3895121:ecf56765-45f3-4939-b7c7-80aae2e885f3,1,False
concurrency_n10_20260613_002350_kafka_feed7_rep1,kafka,sb-events-n10-feed7-rep1,1,5452,32914978900,e6ecb80c-31c6-4993-80fd-fc4563512816,3895074,488,40.66666666666666,4717489888,3895074:e6ecb80c-31c6-4993-80fd-fc4563512816,1,False
concurrency_n10_20260613_002350_kafka_feed7_rep1,kafka,sb-events-n10-feed7-rep1,2,5445,32915017700,a5e5a83b-7802-41aa-b6d3-bdc3d89ef467,3895074,488,40.66666666666666,4717489888,3895074:a5e5a83b-7802-41aa-b6d3-bdc3d89ef467,1,False
concurrency_n10_20260613_002350_kafka_feed7_rep1,kafka,sb-events-n10-feed7-rep1,0,5232,32915039500,7c1ae576-43b9-4809-96a2-8d75d120bdf9,3895060,488,40.66666666666666,4717489888,3895060:7c1ae576-43b9-4809-96a2-8d75d120bdf9,1,False
concurrency_n10_20260613_002350_kafka_feed7_rep1,kafka,sb-events-n10-feed7-rep1,1,5453,32924712300,b4caad63-e87c-4d16-91e6-0713c3e66d8a,3895134,488,40.66666666666666,4717489888,3895134:b4caad63-e87c-4d16-91e6-0713c3e66d8a,1,False
concurrency_n10_20260613_002350_kafka_feed7_rep1,kafka,sb-events-n10-feed7-rep1,1,5454,32924755800,ce9bd9f3-7328-4fb6-8ce2-001279f6baca,3895134,488,40.66666666666666,4717489888,3895134:ce9bd9f3-7328-4fb6-8ce2-001279f6baca,1,False
concurrency_n10_20260613_002350_kafka_feed7_rep1,kafka,sb-events-n10-feed7-rep1,0,5233,32924781200,3cecaa4c-ea18-46a7-af6f-8f5648494858,3895134,488,40.66666666666666,4717489888,3895134:3cecaa4c-ea18-46a7-af6f-8f5648494858,1,False
concurrency_n10_20260613_002350_kafka_feed7_rep1,kafka,sb-events-n10-feed7-rep1,1,5455,32931493100,03cdcd5c-a767-497e-812a-1d9073e0c4a2,3895121,489,40.75,4718184333,3895121:03cdcd5c-a767-497e-812a-1d9073e0c4a2,1,False
concurrency_n10_20260613_002350_kafka_feed7_rep1,kafka,sb-events-n10-feed7-rep1,1,5456,32931538400,9117a504-f88b-4845-b57d-cf05f5639246,3895121,489,40.75,4718184333,3895121:9117a504-f88b-4845-b57d-cf05f5639246,1,False
concurrency_n10_20260613_002350_kafka_feed7_rep1,kafka,sb-events-n10-feed7-rep1,2,5446,32940965200,07808a67-ad47-47bc-a238-346452e54263,3895060,489,40.75,4718184333,3895060:07808a67-ad47-47bc-a238-346452e54263,1,False
concurrency_n10_20260613_002350_kafka_feed7_rep1,kafka,sb-events-n10-feed7-rep1,0,5234,32941050700,366f016f-4ca0-4933-82f3-1298e240909e,3895121,489,40.75,4718184333,3895121:366f016f-4ca0-4933-82f3-1298e240909e,1,False
concurrency_n10_20260613_002350_kafka_feed7_rep1,kafka,sb-events-n10-feed7-rep1,0,5235,32946090000,000f35a9-2b85-41c6-abac-a626f2441789,3895060,489,40.75,4718184333,3895060:000f35a9-2b85-41c6-abac-a626f2441789,1,False
concurrency_n10_20260613_002350_kafka_feed7_rep1,kafka,sb-events-n10-feed7-rep1,0,5236,32946128200,2bdddfbd-053f-4a97-8498-95abdc1c7dc4,3895107,489,40.75,4718184333,3895107:2bdddfbd-053f-4a97-8498-95abdc1c7dc4,1,False
concurrency_n10_20260613_002350_kafka_feed7_rep1,kafka,sb-events-n10-feed7-rep1,2,5447,32956424100,98d06e2c-ae92-4556-a4f8-81378b516de0,3895107,489,40.75,4718184333,3895107:98d06e2c-ae92-4556-a4f8-81378b516de0,1,False
concurrency_n10_20260613_002350_kafka_feed7_rep1,kafka,sb-events-n10-feed7-rep1,1,5457,32966773800,06595666-fba3-4a30-8c54-cca4a3cbbaec,3895107,489,40.75,4718184333,3895107:06595666-fba3-4a30-8c54-cca4a3cbbaec,1,False
concurrency_n10_20260613_002350_kafka_feed7_rep1,kafka,sb-events-n10-feed7-rep1,0,5237,32981484000,56076b76-7d56-462c-a75f-447aa1a0bd14,3895107,490,40.833333333333336,4718878777,3895107:56076b76-7d56-462c-a75f-447aa1a0bd14,1,False
concurrency_n10_20260613_002350_kafka_feed7_rep1,kafka,sb-events-n10-feed7-rep1,2,5448,32981532800,682d7033-38f1-439b-b78a-3d274b907f1f,3895121,490,40.833333333333336,4718878777,3895121:682d7033-38f1-439b-b78a-3d274b907f1f,1,False
concurrency_n10_20260613_002350_kafka_feed7_rep1,kafka,sb-events-n10-feed7-rep1,1,5458,32981556900,a353dfdb-141a-410a-b45c-e1cb9388a566,3895121,490,40.833333333333336,4718878777,3895121:a353dfdb-141a-410a-b45c-e1cb9388a566,1,False
concurrency_n10_20260613_002350_kafka_feed7_rep1,kafka,sb-events-n10-feed7-rep1,1,5459,32981579800,2a543699-da87-4c42-89d1-1ea6ddb38055,3895074,490,40.833333333333336,4718878777,3895074:2a543699-da87-4c42-89d1-1ea6ddb38055,1,False
concurrency_n10_20260613_002350_kafka_feed7_rep1,kafka,sb-events-n10-feed7-rep1,0,5238,32990847000,99081fb6-b69d-4338-8f1f-922438e3783b,3895107,490,40.833333333333336,4718878777,3895107:99081fb6-b69d-4338-8f1f-922438e3783b,1,False
concurrency_n10_20260613_002350_kafka_feed7_rep1,kafka,sb-events-n10-feed7-rep1,0,5239,33000897700,88bb115f-67ab-40f6-b4c7-766b19e452be,3895134,490,40.833333333333336,4718878777,3895134:88bb115f-67ab-40f6-b4c7-766b19e452be,1,False
concurrency_n10_20260613_002350_kafka_feed7_rep1,kafka,sb-events-n10-feed7-rep1,2,5449,33007812600,1d6db182-b7b7-4cab-968b-31ddf57127ab,3895134,490,40.833333333333336,4718878777,3895134:1d6db182-b7b7-4cab-968b-31ddf57127ab,1,False
concurrency_n10_20260613_002350_kafka_feed7_rep1,kafka,sb-events-n10-feed7-rep1,2,5450,33014464600,ec6ea184-6d2d-4f2c-bab8-9ae0e7a5fb6f,3895134,490,40.833333333333336,4718878777,3895134:ec6ea184-6d2d-4f2c-bab8-9ae0e7a5fb6f,1,False
concurrency_n10_20260613_002350_kafka_feed7_rep1,kafka,sb-events-n10-feed7-rep1,2,5451,33021248500,7aa0cc37-69ea-4786-9980-3519c3255674,3895134,490,40.833333333333336,4718878777,3895134:7aa0cc37-69ea-4786-9980-3519c3255674,1,False
concurrency_n10_20260613_002350_kafka_feed7_rep1,kafka,sb-events-n10-feed7-rep1,0,5240,33029206800,e06ad83e-9048-4b32-b1f7-ee0724959468,3895086,490,40.833333333333336,4718878777,3895086:e06ad83e-9048-4b32-b1f7-ee0724959468,1,False
concurrency_n10_20260613_002350_kafka_feed7_rep1,kafka,sb-events-n10-feed7-rep1,2,5452,33039046000,cdb3c3ca-1548-4619-a5c0-53922bd51131,3895121,491,40.91666666666666,4719573222,3895121:cdb3c3ca-1548-4619-a5c0-53922bd51131,1,False
concurrency_n10_20260613_002350_kafka_feed7_rep1,kafka,sb-events-n10-feed7-rep1,0,5241,33039098500,bb930c94-f48c-4f37-9c5b-00ced40855ca,3895074,491,40.91666666666666,4719573222,3895074:bb930c94-f48c-4f37-9c5b-00ced40855ca,1,False
concurrency_n10_20260613_002350_kafka_feed7_rep1,kafka,sb-events-n10-feed7-rep1,0,5242,33039132400,dd2f4e5f-d8ce-426b-9066-8df201864e61,3895074,491,40.91666666666666,4719573222,3895074:dd2f4e5f-d8ce-426b-9066-8df201864e61,1,False
concurrency_n10_20260613_002350_kafka_feed7_rep1,kafka,sb-events-n10-feed7-rep1,1,5460,33051360700,706e234a-813a-4d60-94c4-c9c4e0e5445d,3895086,491,40.91666666666666,4719573222,3895086:706e234a-813a-4d60-94c4-c9c4e0e5445d,1,False
concurrency_n10_20260613_002350_kafka_feed7_rep1,kafka,sb-events-n10-feed7-rep1,0,5243,33051432300,304eb7ff-0921-45ca-b358-ab14cceba575,3895086,491,40.91666666666666,4719573222,3895086:304eb7ff-0921-45ca-b358-ab14cceba575,1,False
concurrency_n10_20260613_002350_kafka_feed7_rep1,kafka,sb-events-n10-feed7-rep1,2,5453,33058885200,21fdfd11-c287-40e0-acfb-4f3413472b55,3895113,491,40.91666666666666,4719573222,3895113:21fdfd11-c287-40e0-acfb-4f3413472b55,1,False
concurrency_n10_20260613_002350_kafka_feed7_rep1,kafka,sb-events-n10-feed7-rep1,1,5461,33066743100,9c189581-25f5-452f-a479-b63e47e7a926,3895121,492,41.0,4720267666,3895121:9c189581-25f5-452f-a479-b63e47e7a926,1,False
concurrency_n10_20260613_002350_kafka_feed7_rep1,kafka,sb-events-n10-feed7-rep1,2,5454,33066780600,8cf7a06e-4aa1-4d99-a448-2869a8267604,3895113,491,40.91666666666666,4719573222,3895113:8cf7a06e-4aa1-4d99-a448-2869a8267604,1,False
concurrency_n10_20260613_002350_kafka_feed7_rep1,kafka,sb-events-n10-feed7-rep1,0,5244,33075325800,dbf5f764-0435-4902-a430-cdd06ae7e0b3,3895121,492,41.0,4720267666,3895121:dbf5f764-0435-4902-a430-cdd06ae7e0b3,1,False
concurrency_n10_20260613_002350_kafka_feed7_rep1,kafka,sb-events-n10-feed7-rep1,2,5455,33075364900,66f10fb4-e68e-4fc6-a501-501875d01502,3895134,492,41.0,4720267666,3895134:66f10fb4-e68e-4fc6-a501-501875d01502,1,False
concurrency_n10_20260613_002350_kafka_feed7_rep1,kafka,sb-events-n10-feed7-rep1,1,5462,33083878500,c5834c0a-d01f-476c-859e-fa64401e82fa,3895060,493,41.083333333333336,4720962111,3895060:c5834c0a-d01f-476c-859e-fa64401e82fa,1,False
concurrency_n10_20260613_002350_kafka_feed7_rep1,kafka,sb-events-n10-feed7-rep1,0,5245,33090445100,5e503645-a8a4-44f8-a69e-f410f81694b0,3895121,494,41.16666666666666,4721656555,3895121:5e503645-a8a4-44f8-a69e-f410f81694b0,1,False
concurrency_n10_20260613_002350_kafka_feed7_rep1,kafka,sb-events-n10-feed7-rep1,1,5463,33090488400,e499c4aa-5490-4f72-90bd-747c7f989f5f,3895086,493,41.083333333333336,4720962111,3895086:e499c4aa-5490-4f72-90bd-747c7f989f5f,1,False
concurrency_n10_20260613_002350_kafka_feed7_rep1,kafka,sb-events-n10-feed7-rep1,2,5456,33100291600,aa291908-f334-4120-ab4d-0d58856b1b06,3895060,494,41.16666666666666,4721656555,3895060:aa291908-f334-4120-ab4d-0d58856b1b06,1,False
concurrency_n10_20260613_002350_kafka_feed7_rep1,kafka,sb-events-n10-feed7-rep1,1,5464,33100334000,9fd12bc1-c51b-440b-9dcb-07af878748e5,3895060,494,41.16666666666666,4721656555,3895060:9fd12bc1-c51b-440b-9dcb-07af878748e5,1,False
concurrency_n10_20260613_002350_kafka_feed7_rep1,kafka,sb-events-n10-feed7-rep1,2,5457,33106336400,282ccc6d-03c7-4a39-9b17-6c21b9d68061,3895134,494,41.16666666666666,4721656555,3895134:282ccc6d-03c7-4a39-9b17-6c21b9d68061,1,False
concurrency_n10_20260613_002350_kafka_feed7_rep1,kafka,sb-events-n10-feed7-rep1,1,5465,33106380600,79bfca80-3bb9-428e-afd3-b10dcdfab364,3895107,494,41.16666666666666,4721656555,3895107:79bfca80-3bb9-428e-afd3-b10dcdfab364,1,False
concurrency_n10_20260613_002350_kafka_feed7_rep1,kafka,sb-events-n10-feed7-rep1,1,5466,33106403100,f28a1fce-5c9a-4f7d-a147-140be4739f19,3895134,494,41.16666666666666,4721656555,3895134:f28a1fce-5c9a-4f7d-a147-140be4739f19,1,False
concurrency_n10_20260613_002350_kafka_feed7_rep1,kafka,sb-events-n10-feed7-rep1,0,5246,33115214600,bc5cf701-66a0-4bbf-a349-b178a8999ebb,3895134,494,41.16666666666666,4721656555,3895134:bc5cf701-66a0-4bbf-a349-b178a8999ebb,1,False
concurrency_n10_20260613_002350_kafka_feed7_rep1,kafka,sb-events-n10-feed7-rep1,2,5458,33123489400,38beb407-8de7-45aa-b363-9e9400b06786,3895086,494,41.16666666666666,4721656555,3895086:38beb407-8de7-45aa-b363-9e9400b06786,1,False
concurrency_n10_20260613_002350_kafka_feed7_rep1,kafka,sb-events-n10-feed7-rep1,1,5467,33123535500,df02b885-6e54-4fa9-aa9c-3dea7d1f3e8c,3895086,494,41.16666666666666,4721656555,3895086:df02b885-6e54-4fa9-aa9c-3dea7d1f3e8c,1,False
concurrency_n10_20260613_002350_kafka_feed7_rep1,kafka,sb-events-n10-feed7-rep1,0,5247,33129177400,7f355249-a363-4945-8de6-0960fc538c4b,3895121,495,41.25,4722351000,3895121:7f355249-a363-4945-8de6-0960fc538c4b,1,False
concurrency_n10_20260613_002350_kafka_feed7_rep1,kafka,sb-events-n10-feed7-rep1,2,5459,33129222000,fb16a882-9345-4f62-b3c2-b77deeb293cd,3895086,494,41.16666666666666,4721656555,3895086:fb16a882-9345-4f62-b3c2-b77deeb293cd,1,False
concurrency_n10_20260613_002350_kafka_feed7_rep1,kafka,sb-events-n10-feed7-rep1,1,5468,33139632800,79b4d10f-cbf0-47c1-824f-6698d5e4edac,3895121,495,41.25,4722351000,3895121:79b4d10f-cbf0-47c1-824f-6698d5e4edac,1,False
concurrency_n10_20260613_002350_kafka_feed7_rep1,kafka,sb-events-n10-feed7-rep1,1,5469,33139676600,83eff5a7-d12d-45ef-ad82-77def160ad9a,3895107,495,41.25,4722351000,3895107:83eff5a7-d12d-45ef-ad82-77def160ad9a,1,False
concurrency_n10_20260613_002350_kafka_feed7_rep1,kafka,sb-events-n10-feed7-rep1,0,5248,33148337200,4e9e9d9f-cdf5-43b2-a5f2-beb488fbcb19,3895134,495,41.25,4722351000,3895134:4e9e9d9f-cdf5-43b2-a5f2-beb488fbcb19,1,False
concurrency_n10_20260613_002350_kafka_feed7_rep1,kafka,sb-events-n10-feed7-rep1,1,5470,33148382500,a198c926-b88b-47aa-8e41-0e5e248b3b3c,3895107,495,41.25,4722351000,3895107:a198c926-b88b-47aa-8e41-0e5e248b3b3c,1,False
concurrency_n10_20260613_002350_kafka_feed7_rep1,kafka,sb-events-n10-feed7-rep1,2,5460,33157447800,95e4ada0-2e61-43c6-be13-450cc214cac9,3895052,495,41.25,4722351000,3895052:95e4ada0-2e61-43c6-be13-450cc214cac9,1,False
concurrency_n10_20260613_002350_kafka_feed7_rep1,kafka,sb-events-n10-feed7-rep1,0,5249,33168325600,36b81839-40f5-4f32-9b4c-dd3e73fb49c0,3895052,495,41.25,4722351000,3895052:36b81839-40f5-4f32-9b4c-dd3e73fb49c0,1,False
concurrency_n10_20260613_002350_kafka_feed7_rep1,kafka,sb-events-n10-feed7-rep1,2,5461,33168368400,fb6fbf54-77ce-4f8e-b591-1c3957b2a36a,3895052,495,41.25,4722351000,3895052:fb6fbf54-77ce-4f8e-b591-1c3957b2a36a,1,False
concurrency_n10_20260613_002350_kafka_feed7_rep1,kafka,sb-events-n10-feed7-rep1,1,5471,33178940800,36d51267-1035-4ac7-bb14-68d6af0a1cd8,3895086,495,41.25,4722351000,3895086:36d51267-1035-4ac7-bb14-68d6af0a1cd8,1,False
concurrency_n10_20260613_002350_kafka_feed7_rep1,kafka,sb-events-n10-feed7-rep1,2,5462,33178983500,fa22a2ec-1760-4ad3-9e83-53154656b246,3895086,495,41.25,4722351000,3895086:fa22a2ec-1760-4ad3-9e83-53154656b246,1,False
concurrency_n10_20260613_002350_kafka_feed7_rep1,kafka,sb-events-n10-feed7-rep1,0,5250,33184821700,ae71ab01-5c07-4ff3-9c80-c8fd97b5bcf6,3895074,496,41.333333333333336,4723045444,3895074:ae71ab01-5c07-4ff3-9c80-c8fd97b5bcf6,1,False
concurrency_n10_20260613_002350_kafka_feed7_rep1,kafka,sb-events-n10-feed7-rep1,2,5463,33184951700,46528eab-fa59-442f-822e-3a79553c021d,3895060,496,41.333333333333336,4723045444,3895060:46528eab-fa59-442f-822e-3a79553c021d,1,False
concurrency_n10_20260613_002350_kafka_feed7_rep1,kafka,sb-events-n10-feed7-rep1,2,5464,33194600600,23ccb833-f6d6-486d-b197-093b12a3b022,3895052,496,41.333333333333336,4723045444,3895052:23ccb833-f6d6-486d-b197-093b12a3b022,1,False
concurrency_n10_20260613_002350_kafka_feed7_rep1,kafka,sb-events-n10-feed7-rep1,2,5465,33194642700,6e9c8830-ae8d-4c87-a2df-ea2f4e761a31,3895113,496,41.333333333333336,4723045444,3895113:6e9c8830-ae8d-4c87-a2df-ea2f4e761a31,1,False
concurrency_n10_20260613_002350_kafka_feed7_rep1,kafka,sb-events-n10-feed7-rep1,2,5466,33202985800,349c860b-0f6f-4a48-a3a4-82754df57b17,3895121,497,41.41666666666666,4723739888,3895121:349c860b-0f6f-4a48-a3a4-82754df57b17,1,False
concurrency_n10_20260613_002350_kafka_feed7_rep1,kafka,sb-events-n10-feed7-rep1,1,5472,33212824500,2374f137-bec8-49e5-9330-16563a8a81d6,3895074,497,41.41666666666666,4723739888,3895074:2374f137-bec8-49e5-9330-16563a8a81d6,1,False
concurrency_n10_20260613_002350_kafka_feed7_rep1,kafka,sb-events-n10-feed7-rep1,1,5473,33216638900,097d985b-dd53-44cd-aefd-f855260f26cd,3895121,497,41.41666666666666,4723739888,3895121:097d985b-dd53-44cd-aefd-f855260f26cd,1,False
concurrency_n10_20260613_002350_kafka_feed7_rep1,kafka,sb-events-n10-feed7-rep1,2,5467,33223056600,ab2777c0-bfb8-4da2-8a20-10a2c3e3a93d,3895074,497,41.41666666666666,4723739888,3895074:ab2777c0-bfb8-4da2-8a20-10a2c3e3a93d,1,False
concurrency_n10_20260613_002350_kafka_feed7_rep1,kafka,sb-events-n10-feed7-rep1,2,5468,33229595200,d469a9d6-e82d-4892-a8fe-b0d1e9aa81e9,3895121,497,41.41666666666666,4723739888,3895121:d469a9d6-e82d-4892-a8fe-b0d1e9aa81e9,1,False
concurrency_n10_20260613_002350_kafka_feed7_rep1,kafka,sb-events-n10-feed7-rep1,2,5469,33237370100,8d5f6a0f-1357-41f8-8bd9-68c2dc7442ee,3895121,497,41.41666666666666,4723739888,3895121:8d5f6a0f-1357-41f8-8bd9-68c2dc7442ee,1,False
concurrency_n10_20260613_002350_kafka_feed7_rep1,kafka,sb-events-n10-feed7-rep1,0,5251,33253624000,00fa6196-4063-45d8-956c-06c3ea90ed18,3895060,497,41.41666666666666,4723739888,3895060:00fa6196-4063-45d8-956c-06c3ea90ed18,1,False
concurrency_n10_20260613_002350_kafka_feed7_rep1,kafka,sb-events-n10-feed7-rep1,2,5470,33253663700,b509255f-5ce8-4e0f-b9af-227898104cc3,3895052,497,41.41666666666666,4723739888,3895052:b509255f-5ce8-4e0f-b9af-227898104cc3,1,False
concurrency_n10_20260613_002350_kafka_feed7_rep1,kafka,sb-events-n10-feed7-rep1,0,5252,33266776600,a9527b6b-0623-4bab-bf54-aefec2fec1f9,3895052,497,41.41666666666666,4723739888,3895052:a9527b6b-0623-4bab-bf54-aefec2fec1f9,1,False
concurrency_n10_20260613_002350_kafka_feed7_rep1,kafka,sb-events-n10-feed7-rep1,2,5471,33266947300,94631ed6-f06b-4d80-bca3-78f4d71c9f63,3895052,497,41.41666666666666,4723739888,3895052:94631ed6-f06b-4d80-bca3-78f4d71c9f63,1,False
concurrency_n10_20260613_002350_kafka_feed7_rep1,kafka,sb-events-n10-feed7-rep1,2,5472,33266990600,31975108-41b0-4ba2-8378-59b33016cf30,3895121,498,41.5,4724434333,3895121:31975108-41b0-4ba2-8378-59b33016cf30,1,False
concurrency_n10_20260613_002350_kafka_feed7_rep1,kafka,sb-events-n10-feed7-rep1,1,5474,33273372400,d20b19c3-a48a-4459-bd05-f6f213cec7c4,3895107,498,41.5,4724434333,3895107:d20b19c3-a48a-4459-bd05-f6f213cec7c4,1,False
concurrency_n10_20260613_002350_kafka_feed7_rep1,kafka,sb-events-n10-feed7-rep1,0,5253,33273411000,cc427fbe-f6e8-4e63-952a-6b9e470993d8,3895121,498,41.5,4724434333,3895121:cc427fbe-f6e8-4e63-952a-6b9e470993d8,1,False
concurrency_n10_20260613_002350_kafka_feed7_rep1,kafka,sb-events-n10-feed7-rep1,1,5475,33285300300,23f81b42-468f-482f-9fba-fd5a759ece05,3895052,498,41.5,4724434333,3895052:23f81b42-468f-482f-9fba-fd5a759ece05,1,False
concurrency_n10_20260613_002350_kafka_feed7_rep1,kafka,sb-events-n10-feed7-rep1,0,5254,33285338100,8489e4af-e8a2-4a05-9209-57c43e56c29a,3895107,498,41.5,4724434333,3895107:8489e4af-e8a2-4a05-9209-57c43e56c29a,1,False
concurrency_n10_20260613_002350_kafka_feed7_rep1,kafka,sb-events-n10-feed7-rep1,2,5473,33294155400,4fa1ad05-9e3e-4aec-8aaa-ad45ae06e6f7,3895074,499,41.583333333333336,4725128777,3895074:4fa1ad05-9e3e-4aec-8aaa-ad45ae06e6f7,1,False
concurrency_n10_20260613_002350_kafka_feed7_rep1,kafka,sb-events-n10-feed7-rep1,2,5474,33294208000,e9c3a5da-9830-40b2-9364-64162b43b582,3895086,499,41.583333333333336,4725128777,3895086:e9c3a5da-9830-40b2-9364-64162b43b582,1,False
concurrency_n10_20260613_002350_kafka_feed7_rep1,kafka,sb-events-n10-feed7-rep1,2,5475,33294238400,feab16e4-3ce0-4fab-84a2-777868a3816a,3895052,499,41.583333333333336,4725128777,3895052:feab16e4-3ce0-4fab-84a2-777868a3816a,1,False
concurrency_n10_20260613_002350_kafka_feed7_rep1,kafka,sb-events-n10-feed7-rep1,0,5255,33306413700,62929983-b83d-42b8-b2e7-a9cb86bf9a51,3895052,499,41.583333333333336,4725128777,3895052:62929983-b83d-42b8-b2e7-a9cb86bf9a51,1,False
concurrency_n10_20260613_002350_kafka_feed7_rep1,kafka,sb-events-n10-feed7-rep1,2,5476,33306457700,9ac39e85-58a9-41c2-a2d7-2aecc4fbb2b3,3895052,499,41.583333333333336,4725128777,3895052:9ac39e85-58a9-41c2-a2d7-2aecc4fbb2b3,1,False
concurrency_n10_20260613_002350_kafka_feed7_rep1,kafka,sb-events-n10-feed7-rep1,0,5256,33318561400,b01f8464-7bf3-438a-8574-56324d3b599d,3895052,499,41.583333333333336,4725128777,3895052:b01f8464-7bf3-438a-8574-56324d3b599d,1,False
concurrency_n10_20260613_002350_kafka_feed7_rep1,kafka,sb-events-n10-feed7-rep1,2,5477,33318600800,a4d8d068-2e7d-40c7-9473-b3a2519fcf1b,3895060,500,41.66666666666666,4725823222,3895060:a4d8d068-2e7d-40c7-9473-b3a2519fcf1b,1,False
concurrency_n10_20260613_002350_kafka_feed7_rep1,kafka,sb-events-n10-feed7-rep1,1,5476,33324770700,26f59fd2-69a8-42de-8dc6-df08ee3bdb3c,3895060,500,41.66666666666666,4725823222,3895060:26f59fd2-69a8-42de-8dc6-df08ee3bdb3c,1,False
concurrency_n10_20260613_002350_kafka_feed7_rep1,kafka,sb-events-n10-feed7-rep1,2,5478,33324809800,1b200e19-bcae-4e89-bbaf-519116e651e0,3895060,500,41.66666666666666,4725823222,3895060:1b200e19-bcae-4e89-bbaf-519116e651e0,1,False
concurrency_n10_20260613_002350_kafka_feed7_rep1,kafka,sb-events-n10-feed7-rep1,2,5479,33329965500,769c59c8-d90f-41d6-b6c9-c1084a76dd4c,3895052,500,41.66666666666666,4725823222,3895052:769c59c8-d90f-41d6-b6c9-c1084a76dd4c,1,False
concurrency_n10_20260613_002350_kafka_feed7_rep1,kafka,sb-events-n10-feed7-rep1,1,5477,33336662300,dad1eb75-e6bd-46d1-8462-fa306e58eb98,3895052,500,41.66666666666666,4725823222,3895052:dad1eb75-e6bd-46d1-8462-fa306e58eb98,1,False
concurrency_n10_20260613_002350_kafka_feed7_rep1,kafka,sb-events-n10-feed7-rep1,2,5480,33344281400,01858249-1519-44d6-bb45-0aba8780753c,3895074,501,41.75,4726517666,3895074:01858249-1519-44d6-bb45-0aba8780753c,1,False
concurrency_n10_20260613_002350_kafka_feed7_rep1,kafka,sb-events-n10-feed7-rep1,1,5478,33344332500,ef3a2a56-3dd3-458e-9803-1d23bab9927c,3895074,501,41.75,4726517666,3895074:ef3a2a56-3dd3-458e-9803-1d23bab9927c,1,False
concurrency_n10_20260613_002350_kafka_feed7_rep1,kafka,sb-events-n10-feed7-rep1,2,5481,33349759700,0eea2dd4-63e5-477d-89c8-11a6f2bc7cc3,3895121,501,41.75,4726517666,3895121:0eea2dd4-63e5-477d-89c8-11a6f2bc7cc3,1,False
concurrency_n10_20260613_002350_kafka_feed7_rep1,kafka,sb-events-n10-feed7-rep1,2,5482,33364616200,4689ee5d-a165-41b9-9765-54cf26b89974,3895074,502,41.833333333333336,4727212111,3895074:4689ee5d-a165-41b9-9765-54cf26b89974,1,False
concurrency_n10_20260613_002350_kafka_feed7_rep1,kafka,sb-events-n10-feed7-rep1,0,5257,33373198900,5cdac360-9d16-49d3-9ffd-1919de2da36b,3895074,502,41.833333333333336,4727212111,3895074:5cdac360-9d16-49d3-9ffd-1919de2da36b,1,False
concurrency_n10_20260613_002350_kafka_feed7_rep1,kafka,sb-events-n10-feed7-rep1,1,5479,33380536600,befe82b8-5c71-4a55-a5b4-02af982c82d8,3895121,502,41.833333333333336,4727212111,3895121:befe82b8-5c71-4a55-a5b4-02af982c82d8,1,False
concurrency_n10_20260613_002350_kafka_feed7_rep1,kafka,sb-events-n10-feed7-rep1,0,5258,33380606300,5e582e3c-1ad1-415a-b7bc-2f176f4c9446,3895121,502,41.833333333333336,4727212111,3895121:5e582e3c-1ad1-415a-b7bc-2f176f4c9446,1,False
concurrency_n10_20260613_002350_kafka_feed7_rep1,kafka,sb-events-n10-feed7-rep1,0,5259,33388103700,b2197139-ab0d-4a33-a3ba-54116a30f7bb,3895121,502,41.833333333333336,4727212111,3895121:b2197139-ab0d-4a33-a3ba-54116a30f7bb,1,False
concurrency_n10_20260613_002350_kafka_feed7_rep1,kafka,sb-events-n10-feed7-rep1,0,5260,33395326700,b012221e-4a45-4aeb-9c92-fd453c3300f0,3895086,502,41.833333333333336,4727212111,3895086:b012221e-4a45-4aeb-9c92-fd453c3300f0,1,False
concurrency_n10_20260613_002350_kafka_feed7_rep1,kafka,sb-events-n10-feed7-rep1,2,5483,33404255800,f318531c-c8ed-4a7e-97cd-55840d34acba,3895086,502,41.833333333333336,4727212111,3895086:f318531c-c8ed-4a7e-97cd-55840d34acba,1,False
concurrency_n10_20260613_002350_kafka_feed7_rep1,kafka,sb-events-n10-feed7-rep1,0,5261,33404302700,5c45bd25-de47-443a-8ed9-786514ebef57,3895086,502,41.833333333333336,4727212111,3895086:5c45bd25-de47-443a-8ed9-786514ebef57,1,False
concurrency_n10_20260613_002350_kafka_feed7_rep1,kafka,sb-events-n10-feed7-rep1,0,5262,33410218600,6b55c7b4-0df3-495c-a316-e9d30d9d7cbf,3895121,503,41.91666666666666,4727906555,3895121:6b55c7b4-0df3-495c-a316-e9d30d9d7cbf,1,False
concurrency_n10_20260613_002350_kafka_feed7_rep1,kafka,sb-events-n10-feed7-rep1,1,5480,33415355100,67b8807d-e89c-444e-80ff-9af9f9fb413a,3895121,503,41.91666666666666,4727906555,3895121:67b8807d-e89c-444e-80ff-9af9f9fb413a,1,False
concurrency_n10_20260613_002350_kafka_feed7_rep1,kafka,sb-events-n10-feed7-rep1,0,5263,33422435900,c36319b4-340c-4aa6-a301-87f79b484a51,3895121,503,41.91666666666666,4727906555,3895121:c36319b4-340c-4aa6-a301-87f79b484a51,1,False
concurrency_n10_20260613_002350_kafka_feed7_rep1,kafka,sb-events-n10-feed7-rep1,2,5484,33433914000,50f1847f-5a57-4784-959a-1723f2df29b1,3895113,503,41.91666666666666,4727906555,3895113:50f1847f-5a57-4784-959a-1723f2df29b1,1,False
concurrency_n10_20260613_002350_kafka_feed7_rep1,kafka,sb-events-n10-feed7-rep1,1,5481,33433958600,fbcb9f5a-d91a-47d4-afe2-3c2aa23dc067,3895121,504,42.0,4728601000,3895121:fbcb9f5a-d91a-47d4-afe2-3c2aa23dc067,1,False
concurrency_n10_20260613_002350_kafka_feed7_rep1,kafka,sb-events-n10-feed7-rep1,2,5485,33447693000,6e98b601-c611-457d-9593-f8d157c7f801,3895074,505,42.083333333333336,4729295444,3895074:6e98b601-c611-457d-9593-f8d157c7f801,1,False
concurrency_n10_20260613_002350_kafka_feed7_rep1,kafka,sb-events-n10-feed7-rep1,1,5482,33448132800,60b55915-d435-48fd-898e-04f288d4b2c3,3895086,504,42.0,4728601000,3895086:60b55915-d435-48fd-898e-04f288d4b2c3,1,False
concurrency_n10_20260613_002350_kafka_feed7_rep1,kafka,sb-events-n10-feed7-rep1,1,5483,33448208700,fb7d3b90-692d-43e5-a65d-8e61f6e5b040,3895074,505,42.083333333333336,4729295444,3895074:fb7d3b90-692d-43e5-a65d-8e61f6e5b040,1,False
concurrency_n10_20260613_002350_kafka_feed7_rep1,kafka,sb-events-n10-feed7-rep1,0,5264,33458696500,a3cfd6b0-d711-4f55-84cc-be15bced671a,3895121,505,42.083333333333336,4729295444,3895121:a3cfd6b0-d711-4f55-84cc-be15bced671a,1,False
concurrency_n10_20260613_002350_kafka_feed7_rep1,kafka,sb-events-n10-feed7-rep1,0,5265,33458757400,f57fccfc-218e-4f67-bc86-a0d2d3fe8f66,3895086,505,42.083333333333336,4729295444,3895086:f57fccfc-218e-4f67-bc86-a0d2d3fe8f66,1,False
concurrency_n10_20260613_002350_kafka_feed7_rep1,kafka,sb-events-n10-feed7-rep1,1,5484,33458790800,1da2d822-cce2-4126-8882-a2d996fd1656,3895121,505,42.083333333333336,4729295444,3895121:1da2d822-cce2-4126-8882-a2d996fd1656,1,False
concurrency_n10_20260613_002350_kafka_feed7_rep1,kafka,sb-events-n10-feed7-rep1,1,5485,33458823300,df472239-e889-4914-beb3-d6285b5ce491,3895067,505,42.083333333333336,4729295444,3895067:df472239-e889-4914-beb3-d6285b5ce491,1,False
concurrency_n10_20260613_002350_kafka_feed7_rep1,kafka,sb-events-n10-feed7-rep1,2,5486,33463855900,c856534a-3c18-4142-b38d-920963780018,3895086,505,42.083333333333336,4729295444,3895086:c856534a-3c18-4142-b38d-920963780018,1,False
concurrency_n10_20260613_002350_kafka_feed7_rep1,kafka,sb-events-n10-feed7-rep1,2,5487,33471783000,61080830-9dbb-47f1-ac2e-01fc991446bf,3895113,505,42.083333333333336,4729295444,3895113:61080830-9dbb-47f1-ac2e-01fc991446bf,1,False
concurrency_n10_20260613_002350_kafka_feed7_rep1,kafka,sb-events-n10-feed7-rep1,0,5266,33478019500,ab45e3b1-1285-406a-a7df-f419271eb959,3895121,506,42.16666666666666,4729989888,3895121:ab45e3b1-1285-406a-a7df-f419271eb959,1,False
concurrency_n10_20260613_002350_kafka_feed7_rep1,kafka,sb-events-n10-feed7-rep1,0,5267,33486690800,cd48420d-0319-4e1e-a89d-cb381910cea7,3895107,506,42.16666666666666,4729989888,3895107:cd48420d-0319-4e1e-a89d-cb381910cea7,1,False
concurrency_n10_20260613_002350_kafka_feed7_rep1,kafka,sb-events-n10-feed7-rep1,1,5486,33492442100,d376b111-5b18-48ea-b576-bc1d36938281,3895052,506,42.16666666666666,4729989888,3895052:d376b111-5b18-48ea-b576-bc1d36938281,1,False
concurrency_n10_20260613_002350_kafka_feed7_rep1,kafka,sb-events-n10-feed7-rep1,1,5487,33492497600,889c4db8-e13a-48e3-8db5-cee44aba727a,3895113,506,42.16666666666666,4729989888,3895113:889c4db8-e13a-48e3-8db5-cee44aba727a,1,False
concurrency_n10_20260613_002350_kafka_feed7_rep1,kafka,sb-events-n10-feed7-rep1,0,5268,33492532100,5908c90f-a5c7-482a-9a85-a6598518aca0,3895067,507,42.25,4730684333,3895067:5908c90f-a5c7-482a-9a85-a6598518aca0,1,False
concurrency_n10_20260613_002350_kafka_feed7_rep1,kafka,sb-events-n10-feed7-rep1,1,5488,33500258000,3a0f5619-1db6-4faa-9444-0b8c80f39327,3895067,507,42.25,4730684333,3895067:3a0f5619-1db6-4faa-9444-0b8c80f39327,1,False
concurrency_n10_20260613_002350_kafka_feed7_rep1,kafka,sb-events-n10-feed7-rep1,0,5269,33507344600,52986c02-91fb-42f4-b028-11b2249bc4c3,3895067,507,42.25,4730684333,3895067:52986c02-91fb-42f4-b028-11b2249bc4c3,1,False
concurrency_n10_20260613_002350_kafka_feed7_rep1,kafka,sb-events-n10-feed7-rep1,1,5489,33511234300,cc0b3883-e667-4f14-b40b-0e23e63619f2,3895086,507,42.25,4730684333,3895086:cc0b3883-e667-4f14-b40b-0e23e63619f2,1,False
concurrency_n10_20260613_002350_kafka_feed7_rep1,kafka,sb-events-n10-feed7-rep1,0,5270,33522236500,09901199-98b3-40fa-ac48-d43fed28f1ed,3895052,507,42.25,4730684333,3895052:09901199-98b3-40fa-ac48-d43fed28f1ed,1,False
concurrency_n10_20260613_002350_kafka_feed7_rep1,kafka,sb-events-n10-feed7-rep1,1,5490,33522287700,e6ec7ece-a735-482f-b3d2-ec79ecb4c08e,3895052,507,42.25,4730684333,3895052:e6ec7ece-a735-482f-b3d2-ec79ecb4c08e,1,False
concurrency_n10_20260613_002350_kafka_feed7_rep1,kafka,sb-events-n10-feed7-rep1,2,5488,33531222100,421e9071-e8f9-4792-9f29-d0723762e664,3895074,508,42.333333333333336,4731378777,3895074:421e9071-e8f9-4792-9f29-d0723762e664,1,False
concurrency_n10_20260613_002350_kafka_feed7_rep1,kafka,sb-events-n10-feed7-rep1,2,5489,33531263500,bbf627c7-85ce-4949-90b9-67bcb2cb9202,3895121,508,42.333333333333336,4731378777,3895121:bbf627c7-85ce-4949-90b9-67bcb2cb9202,1,False
concurrency_n10_20260613_002350_kafka_feed7_rep1,kafka,sb-events-n10-feed7-rep1,1,5491,33540056900,b1037ea4-9196-425b-98aa-8134344efb9d,3895121,508,42.333333333333336,4731378777,3895121:b1037ea4-9196-425b-98aa-8134344efb9d,1,False
concurrency_n10_20260613_002350_kafka_feed7_rep1,kafka,sb-events-n10-feed7-rep1,2,5490,33549717400,d5b86ee5-b761-4e83-b57d-5220091344ad,3895060,508,42.333333333333336,4731378777,3895060:d5b86ee5-b761-4e83-b57d-5220091344ad,1,False
concurrency_n10_20260613_002350_kafka_feed7_rep1,kafka,sb-events-n10-feed7-rep1,1,5492,33549769800,a03e16dd-44d2-4881-ab44-489c1fdf20cb,3895107,508,42.333333333333336,4731378777,3895107:a03e16dd-44d2-4881-ab44-489c1fdf20cb,1,False
concurrency_n10_20260613_002350_kafka_feed7_rep1,kafka,sb-events-n10-feed7-rep1,0,5271,33554890400,bca2b7a8-07ec-4b21-81e1-b4b6a784d816,3895086,508,42.333333333333336,4731378777,3895086:bca2b7a8-07ec-4b21-81e1-b4b6a784d816,1,False
concurrency_n10_20260613_002350_kafka_feed7_rep1,kafka,sb-events-n10-feed7-rep1,2,5491,33554934300,4d025bbb-e591-4758-9a46-7fe0820c3bee,3895107,508,42.333333333333336,4731378777,3895107:4d025bbb-e591-4758-9a46-7fe0820c3bee,1,False
concurrency_n10_20260613_002350_kafka_feed7_rep1,kafka,sb-events-n10-feed7-rep1,0,5272,33561121400,083dd0fc-6b14-40c4-acda-73bcc04ee37c,3895086,508,42.333333333333336,4731378777,3895086:083dd0fc-6b14-40c4-acda-73bcc04ee37c,1,False
concurrency_n10_20260613_002350_kafka_feed7_rep1,kafka,sb-events-n10-feed7-rep1,2,5492,33568889000,b081d47f-920b-4fc7-8af2-cf60be8fd02e,3895052,508,42.333333333333336,4731378777,3895052:b081d47f-920b-4fc7-8af2-cf60be8fd02e,1,False
concurrency_n10_20260613_002350_kafka_feed7_rep1,kafka,sb-events-n10-feed7-rep1,2,5493,33568982900,2c0c5d4c-1c85-4581-83f5-49800846ca35,3895113,508,42.333333333333336,4731378777,3895113:2c0c5d4c-1c85-4581-83f5-49800846ca35,1,False
concurrency_n10_20260613_002350_kafka_feed7_rep1,kafka,sb-events-n10-feed7-rep1,2,5494,33573878500,b14a1d3e-db7a-43da-b79c-401f7287dce6,3895113,508,42.333333333333336,4731378777,3895113:b14a1d3e-db7a-43da-b79c-401f7287dce6,1,False
concurrency_n10_20260613_002350_kafka_feed7_rep1,kafka,sb-events-n10-feed7-rep1,1,5493,33583177800,c9563460-cbf2-424f-b83f-65b8d0e4d551,3895074,509,42.41666666666666,4732073222,3895074:c9563460-cbf2-424f-b83f-65b8d0e4d551,1,False
concurrency_n10_20260613_002350_kafka_feed7_rep1,kafka,sb-events-n10-feed7-rep1,2,5495,33592888200,bd1a2f63-624a-4be7-a2c2-5f3708bcd61a,3895074,509,42.41666666666666,4732073222,3895074:bd1a2f63-624a-4be7-a2c2-5f3708bcd61a,1,False
concurrency_n10_20260613_002350_kafka_feed7_rep1,kafka,sb-events-n10-feed7-rep1,2,5496,33592932600,d812dcc3-393c-4ae3-8a6b-6035c319fca8,3895074,509,42.41666666666666,4732073222,3895074:d812dcc3-393c-4ae3-8a6b-6035c319fca8,1,False
concurrency_n10_20260613_002350_kafka_feed7_rep1,kafka,sb-events-n10-feed7-rep1,0,5273,33599060800,43f2530a-b5e4-4824-904d-7bcd7a452fb3,3895060,509,42.41666666666666,4732073222,3895060:43f2530a-b5e4-4824-904d-7bcd7a452fb3,1,False
concurrency_n10_20260613_002350_kafka_feed7_rep1,kafka,sb-events-n10-feed7-rep1,2,5497,33599137300,0e71b093-1f11-4790-9d02-3d5cba62b88e,3895060,509,42.41666666666666,4732073222,3895060:0e71b093-1f11-4790-9d02-3d5cba62b88e,1,False
concurrency_n10_20260613_002350_kafka_feed7_rep1,kafka,sb-events-n10-feed7-rep1,0,5274,33607398400,8a1cf37c-7492-4977-84f4-907948223c58,3895052,509,42.41666666666666,4732073222,3895052:8a1cf37c-7492-4977-84f4-907948223c58,1,False
concurrency_n10_20260613_002350_kafka_feed7_rep1,kafka,sb-events-n10-feed7-rep1,2,5498,33607443100,1777e72e-d9a0-432d-a526-b44383537534,3895086,509,42.41666666666666,4732073222,3895086:1777e72e-d9a0-432d-a526-b44383537534,1,False
concurrency_n10_20260613_002350_kafka_feed7_rep1,kafka,sb-events-n10-feed7-rep1,2,5499,33613234100,8d95c8b0-773f-44fd-9ed5-ce557f0b98c3,3895052,509,42.41666666666666,4732073222,3895052:8d95c8b0-773f-44fd-9ed5-ce557f0b98c3,1,False
concurrency_n10_20260613_002350_kafka_feed7_rep1,kafka,sb-events-n10-feed7-rep1,0,5275,33622182300,6f41d8bd-52f1-4795-8953-ea9e6b1ca541,3895074,510,42.5,4732767666,3895074:6f41d8bd-52f1-4795-8953-ea9e6b1ca541,1,False
concurrency_n10_20260613_002350_kafka_feed7_rep1,kafka,sb-events-n10-feed7-rep1,0,5276,33622222300,707e2712-d8d0-4b39-93ac-3647b978fd93,3895067,510,42.5,4732767666,3895067:707e2712-d8d0-4b39-93ac-3647b978fd93,1,False
concurrency_n10_20260613_002350_kafka_feed7_rep1,kafka,sb-events-n10-feed7-rep1,0,5277,33635158300,a5cc2446-04a8-4eb1-82f0-358ed4234e3c,3895107,510,42.5,4732767666,3895107:a5cc2446-04a8-4eb1-82f0-358ed4234e3c,1,False
concurrency_n10_20260613_002350_kafka_feed7_rep1,kafka,sb-events-n10-feed7-rep1,0,5278,33635215500,2feeace9-9f8b-42be-9d66-ffe05617788d,3895086,510,42.5,4732767666,3895086:2feeace9-9f8b-42be-9d66-ffe05617788d,1,False
concurrency_n10_20260613_002350_kafka_feed7_rep1,kafka,sb-events-n10-feed7-rep1,2,5500,33650550200,8b399507-b4f2-43ae-bfdf-92b3748cbe95,3895086,510,42.5,4732767666,3895086:8b399507-b4f2-43ae-bfdf-92b3748cbe95,1,False
concurrency_n10_20260613_002350_kafka_feed7_rep1,kafka,sb-events-n10-feed7-rep1,0,5279,33650866900,4814d196-9529-4781-a9e5-3d2bd2da645b,3895052,510,42.5,4732767666,3895052:4814d196-9529-4781-a9e5-3d2bd2da645b,1,False
concurrency_n10_20260613_002350_kafka_feed7_rep1,kafka,sb-events-n10-feed7-rep1,0,5280,33650898000,9e9bbbe9-6657-45a4-b8b2-5d9b0eb39bdc,3895086,510,42.5,4732767666,3895086:9e9bbbe9-6657-45a4-b8b2-5d9b0eb39bdc,1,False
concurrency_n10_20260613_002350_kafka_feed7_rep1,kafka,sb-events-n10-feed7-rep1,1,5494,33658539000,364b48ed-28a1-4f92-bb6b-2d50b7f8ab60,3895052,510,42.5,4732767666,3895052:364b48ed-28a1-4f92-bb6b-2d50b7f8ab60,1,False
concurrency_n10_20260613_002350_kafka_feed7_rep1,kafka,sb-events-n10-feed7-rep1,2,5501,33658584500,e4baa967-37f7-4f11-a846-e4b7de57a137,3895052,510,42.5,4732767666,3895052:e4baa967-37f7-4f11-a846-e4b7de57a137,1,False
concurrency_n10_20260613_002350_kafka_feed7_rep1,kafka,sb-events-n10-feed7-rep1,0,5281,33658611900,bf565494-7169-456a-86fd-2b61f2002349,3895052,510,42.5,4732767666,3895052:bf565494-7169-456a-86fd-2b61f2002349,1,False
concurrency_n10_20260613_002350_kafka_feed7_rep1,kafka,sb-events-n10-feed7-rep1,1,5495,33663267000,9aa4d688-5d3b-4354-b6f0-bde65819e05a,3895121,511,42.583333333333336,4733462111,3895121:9aa4d688-5d3b-4354-b6f0-bde65819e05a,1,False
concurrency_n10_20260613_002350_kafka_feed7_rep1,kafka,sb-events-n10-feed7-rep1,1,5496,33663310900,2c3e0b08-b58b-4293-b275-9542c9b9cfe8,3895086,511,42.583333333333336,4733462111,3895086:2c3e0b08-b58b-4293-b275-9542c9b9cfe8,1,False
concurrency_n10_20260613_002350_kafka_feed7_rep1,kafka,sb-events-n10-feed7-rep1,2,5502,33672732600,95be481e-b01f-48a2-a7ee-8e5a9988246f,3895086,511,42.583333333333336,4733462111,3895086:95be481e-b01f-48a2-a7ee-8e5a9988246f,1,False
concurrency_n10_20260613_002350_kafka_feed7_rep1,kafka,sb-events-n10-feed7-rep1,0,5282,33679981100,41ec44b0-09af-4a1a-b648-2a5bbdcdaacc,3895113,511,42.583333333333336,4733462111,3895113:41ec44b0-09af-4a1a-b648-2a5bbdcdaacc,1,False
concurrency_n10_20260613_002350_kafka_feed7_rep1,kafka,sb-events-n10-feed7-rep1,2,5503,33687186900,8018154e-2201-424b-92e6-af940af71af8,3895086,511,42.583333333333336,4733462111,3895086:8018154e-2201-424b-92e6-af940af71af8,1,False
concurrency_n10_20260613_002350_kafka_feed7_rep1,kafka,sb-events-n10-feed7-rep1,0,5283,33701965100,d86d0853-7e38-4685-83e6-c970b529ed64,3895113,511,42.583333333333336,4733462111,3895113:d86d0853-7e38-4685-83e6-c970b529ed64,1,False
concurrency_n10_20260613_002350_kafka_feed7_rep1,kafka,sb-events-n10-feed7-rep1,2,5504,33702041600,c69ec7ea-eade-4613-8dfb-b85ac6d7b245,3895113,511,42.583333333333336,4733462111,3895113:c69ec7ea-eade-4613-8dfb-b85ac6d7b245,1,False
concurrency_n10_20260613_002350_kafka_feed7_rep1,kafka,sb-events-n10-feed7-rep1,0,5284,33712050400,a51bbcc1-1642-44dd-98df-d6d896639873,3895074,512,42.66666666666666,4734156555,3895074:a51bbcc1-1642-44dd-98df-d6d896639873,1,False
concurrency_n10_20260613_002350_kafka_feed7_rep1,kafka,sb-events-n10-feed7-rep1,2,5505,33712092200,9c4dda21-6b09-4161-965f-cff7fb4f7695,3895074,512,42.66666666666666,4734156555,3895074:9c4dda21-6b09-4161-965f-cff7fb4f7695,1,False
concurrency_n10_20260613_002350_kafka_feed7_rep1,kafka,sb-events-n10-feed7-rep1,1,5497,33718395200,ea039a3e-36b4-4423-8123-4acdbfee6222,3895121,512,42.66666666666666,4734156555,3895121:ea039a3e-36b4-4423-8123-4acdbfee6222,1,False
concurrency_n10_20260613_002350_kafka_feed7_rep1,kafka,sb-events-n10-feed7-rep1,2,5506,33718439400,61d6b03d-09cb-4971-85d4-bf79b2d16af9,3895121,512,42.66666666666666,4734156555,3895121:61d6b03d-09cb-4971-85d4-bf79b2d16af9,1,False
concurrency_n10_20260613_002350_kafka_feed7_rep1,kafka,sb-events-n10-feed7-rep1,1,5498,33727348100,576e8524-ca4d-43b2-b2c0-4a99781138d8,3895060,512,42.66666666666666,4734156555,3895060:576e8524-ca4d-43b2-b2c0-4a99781138d8,1,False
concurrency_n10_20260613_002350_kafka_feed7_rep1,kafka,sb-events-n10-feed7-rep1,2,5507,33727436500,a44f6845-53e0-4746-8124-ef0bcef725ed,3895060,512,42.66666666666666,4734156555,3895060:a44f6845-53e0-4746-8124-ef0bcef725ed,1,False
concurrency_n10_20260613_002350_kafka_feed7_rep1,kafka,sb-events-n10-feed7-rep1,2,5508,33733203800,7bae91e0-3b0a-4e74-9db6-4ee7415f29ed,3895060,512,42.66666666666666,4734156555,3895060:7bae91e0-3b0a-4e74-9db6-4ee7415f29ed,1,False
concurrency_n10_20260613_002350_kafka_feed7_rep1,kafka,sb-events-n10-feed7-rep1,2,5509,33738750400,7741a524-b265-4a90-8936-6f5c55318a03,3895060,512,42.66666666666666,4734156555,3895060:7741a524-b265-4a90-8936-6f5c55318a03,1,False
concurrency_n10_20260613_002350_kafka_feed7_rep1,kafka,sb-events-n10-feed7-rep1,2,5510,33748901700,bccf15ca-7a9c-4b7a-aa80-f9e4253e58c3,3895067,512,42.66666666666666,4734156555,3895067:bccf15ca-7a9c-4b7a-aa80-f9e4253e58c3,1,False
concurrency_n10_20260613_002350_kafka_feed7_rep1,kafka,sb-events-n10-feed7-rep1,2,5511,33748947700,396ca39c-5519-4ba0-bcac-f6a1c1b47742,3895067,512,42.66666666666666,4734156555,3895067:396ca39c-5519-4ba0-bcac-f6a1c1b47742,1,False
concurrency_n10_20260613_002350_kafka_feed7_rep1,kafka,sb-events-n10-feed7-rep1,1,5499,33757605100,08c1a3ee-c054-4508-a673-b6383c63e127,3895086,512,42.66666666666666,4734156555,3895086:08c1a3ee-c054-4508-a673-b6383c63e127,1,False
concurrency_n10_20260613_002350_kafka_feed7_rep1,kafka,sb-events-n10-feed7-rep1,0,5285,33767411300,1f254274-d98b-4654-98b1-be07e18b05d4,3895060,513,42.75,4734851000,3895060:1f254274-d98b-4654-98b1-be07e18b05d4,1,False
concurrency_n10_20260613_002350_kafka_feed7_rep1,kafka,sb-events-n10-feed7-rep1,2,5512,33767455700,74bd4e36-7331-453b-a774-836d5d02f062,3895086,512,42.66666666666666,4734156555,3895086:74bd4e36-7331-453b-a774-836d5d02f062,1,False
concurrency_n10_20260613_002350_kafka_feed7_rep1,kafka,sb-events-n10-feed7-rep1,2,5513,33773295700,947c902c-d4cd-4cca-8b89-f3f14eaa36b3,3895060,513,42.75,4734851000,3895060:947c902c-d4cd-4cca-8b89-f3f14eaa36b3,1,False
concurrency_n10_20260613_002350_kafka_feed7_rep1,kafka,sb-events-n10-feed7-rep1,2,5514,33773333100,7cfac252-e778-42f1-8ed0-2a05aa353412,3895067,513,42.75,4734851000,3895067:7cfac252-e778-42f1-8ed0-2a05aa353412,1,False
concurrency_n10_20260613_002350_kafka_feed7_rep1,kafka,sb-events-n10-feed7-rep1,2,5515,33781273600,c8531bb0-c0a2-44f4-89aa-d2eb333d62fd,3895107,513,42.75,4734851000,3895107:c8531bb0-c0a2-44f4-89aa-d2eb333d62fd,1,False
concurrency_n10_20260613_002350_kafka_feed7_rep1,kafka,sb-events-n10-feed7-rep1,1,5500,33790867600,01330f1c-f49f-4233-ba26-d4cf784ad678,3895113,513,42.75,4734851000,3895113:01330f1c-f49f-4233-ba26-d4cf784ad678,1,False
concurrency_n10_20260613_002350_kafka_feed7_rep1,kafka,sb-events-n10-feed7-rep1,0,5286,33790912800,c2325458-b1ce-4b61-9f06-8ee8b0899067,3895107,513,42.75,4734851000,3895107:c2325458-b1ce-4b61-9f06-8ee8b0899067,1,False
concurrency_n10_20260613_002350_kafka_feed7_rep1,kafka,sb-events-n10-feed7-rep1,0,5287,33790932300,2a47eb4b-6dd4-4358-9917-a409d773dc6c,3895086,513,42.75,4734851000,3895086:2a47eb4b-6dd4-4358-9917-a409d773dc6c,1,False
concurrency_n10_20260613_002350_kafka_feed7_rep1,kafka,sb-events-n10-feed7-rep1,2,5516,33803389500,9bf24c58-941f-463e-b36b-dc42bb422bbb,3895113,513,42.75,4734851000,3895113:9bf24c58-941f-463e-b36b-dc42bb422bbb,1,False
concurrency_n10_20260613_002350_kafka_feed7_rep1,kafka,sb-events-n10-feed7-rep1,2,5517,33803434700,f1f6da62-face-4e8d-8b7d-0215b1d54d6a,3895113,513,42.75,4734851000,3895113:f1f6da62-face-4e8d-8b7d-0215b1d54d6a,1,False
concurrency_n10_20260613_002350_kafka_feed7_rep1,kafka,sb-events-n10-feed7-rep1,0,5288,33811418900,dd61f0d7-af6d-4711-9660-e7285c960fdf,3895060,514,42.833333333333336,4735545444,3895060:dd61f0d7-af6d-4711-9660-e7285c960fdf,1,False
concurrency_n10_20260613_002350_kafka_feed7_rep1,kafka,sb-events-n10-feed7-rep1,2,5518,33811459800,40d4ee39-20cc-4ade-ab81-5727e8e8af1b,3895121,514,42.833333333333336,4735545444,3895121:40d4ee39-20cc-4ade-ab81-5727e8e8af1b,1,False
concurrency_n10_20260613_002350_kafka_feed7_rep1,kafka,sb-events-n10-feed7-rep1,1,5501,33824459000,5edd7501-8186-468e-9079-ef1ca338755b,3895067,514,42.833333333333336,4735545444,3895067:5edd7501-8186-468e-9079-ef1ca338755b,1,False
concurrency_n10_20260613_002350_kafka_feed7_rep1,kafka,sb-events-n10-feed7-rep1,0,5289,33824492600,496c4c3c-7e45-459a-932d-d369e14648f3,3895067,514,42.833333333333336,4735545444,3895067:496c4c3c-7e45-459a-932d-d369e14648f3,1,False
concurrency_n10_20260613_002350_kafka_feed7_rep1,kafka,sb-events-n10-feed7-rep1,1,5502,33828723000,6662b85c-bea2-4814-b738-e1395a763d9f,3895107,514,42.833333333333336,4735545444,3895107:6662b85c-bea2-4814-b738-e1395a763d9f,1,False
concurrency_n10_20260613_002350_kafka_feed7_rep1,kafka,sb-events-n10-feed7-rep1,2,5519,33837446200,2752e67d-a614-4b54-a16f-900c27e20f16,3895113,514,42.833333333333336,4735545444,3895113:2752e67d-a614-4b54-a16f-900c27e20f16,1,False
concurrency_n10_20260613_002350_kafka_feed7_rep1,kafka,sb-events-n10-feed7-rep1,0,5290,33846013900,ba454c0b-0cfe-411e-961e-b2b838c135d1,3895060,515,42.91666666666666,4736239888,3895060:ba454c0b-0cfe-411e-961e-b2b838c135d1,1,False
concurrency_n10_20260613_002350_kafka_feed7_rep1,kafka,sb-events-n10-feed7-rep1,1,5503,33846052200,16db44e3-3b0b-4fc9-8685-5018808a2372,3895060,515,42.91666666666666,4736239888,3895060:16db44e3-3b0b-4fc9-8685-5018808a2372,1,False
concurrency_n10_20260613_002350_kafka_feed7_rep1,kafka,sb-events-n10-feed7-rep1,2,5520,33856917300,d2e0289b-8116-4401-a890-c839d2722444,3895067,515,42.91666666666666,4736239888,3895067:d2e0289b-8116-4401-a890-c839d2722444,1,False
concurrency_n10_20260613_002350_kafka_feed7_rep1,kafka,sb-events-n10-feed7-rep1,0,5291,33869307100,618cf053-2206-4420-9615-011d1be96fa1,3895067,515,42.91666666666666,4736239888,3895067:618cf053-2206-4420-9615-011d1be96fa1,1,False
concurrency_n10_20260613_002350_kafka_feed7_rep1,kafka,sb-events-n10-feed7-rep1,1,5504,33875435700,b186773d-0c6b-412a-a9ff-b024f91ff8d6,3895067,515,42.91666666666666,4736239888,3895067:b186773d-0c6b-412a-a9ff-b024f91ff8d6,1,False
concurrency_n10_20260613_002350_kafka_feed7_rep1,kafka,sb-events-n10-feed7-rep1,0,5292,33875480700,468426b8-5dca-4583-a16f-e7fc65e45f2d,3895107,515,42.91666666666666,4736239888,3895107:468426b8-5dca-4583-a16f-e7fc65e45f2d,1,False
concurrency_n10_20260613_002350_kafka_feed7_rep1,kafka,sb-events-n10-feed7-rep1,2,5521,33884388700,a9c5212e-15a6-4280-873b-daf7dd3dd77d,3895107,515,42.91666666666666,4736239888,3895107:a9c5212e-15a6-4280-873b-daf7dd3dd77d,1,False
concurrency_n10_20260613_002350_kafka_feed7_rep1,kafka,sb-events-n10-feed7-rep1,2,5522,33884442600,11a33591-e999-4cd2-95ba-6988f22811d4,3895107,515,42.91666666666666,4736239888,3895107:11a33591-e999-4cd2-95ba-6988f22811d4,1,False
concurrency_n10_20260613_002350_kafka_feed7_rep1,kafka,sb-events-n10-feed7-rep1,2,5523,33889639400,25a355bc-eb29-409d-b376-f40b1ddd60a5,3895113,515,42.91666666666666,4736239888,3895113:25a355bc-eb29-409d-b376-f40b1ddd60a5,1,False
concurrency_n10_20260613_002350_kafka_feed7_rep1,kafka,sb-events-n10-feed7-rep1,1,5505,33898315400,11700670-0e62-42b1-b9bf-6b86fdc6e57a,3895113,515,42.91666666666666,4736239888,3895113:11700670-0e62-42b1-b9bf-6b86fdc6e57a,1,False
concurrency_n10_20260613_002350_kafka_feed7_rep1,kafka,sb-events-n10-feed7-rep1,0,5293,33903031800,9dee56a9-9275-4b4f-b3b4-f9461e40c061,3895074,516,43.0,4736934333,3895074:9dee56a9-9275-4b4f-b3b4-f9461e40c061,1,False
concurrency_n10_20260613_002350_kafka_feed7_rep1,kafka,sb-events-n10-feed7-rep1,0,5294,33903081900,d4a4b6ec-9625-438e-a709-e9c4038d7379,3895121,516,43.0,4736934333,3895121:d4a4b6ec-9625-438e-a709-e9c4038d7379,1,False
concurrency_n10_20260613_002350_kafka_feed7_rep1,kafka,sb-events-n10-feed7-rep1,2,5524,33910867900,3da791bb-390e-4ccb-9344-bfef4fd966c3,3895121,516,43.0,4736934333,3895121:3da791bb-390e-4ccb-9344-bfef4fd966c3,1,False
concurrency_n10_20260613_002350_kafka_feed7_rep1,kafka,sb-events-n10-feed7-rep1,1,5506,33917533100,e7ba2c84-9b71-4424-ae10-390ccc364bd0,3895060,516,43.0,4736934333,3895060:e7ba2c84-9b71-4424-ae10-390ccc364bd0,1,False
concurrency_n10_20260613_002350_kafka_feed7_rep1,kafka,sb-events-n10-feed7-rep1,0,5295,33929225300,bb2ec522-c94f-4d37-9104-3eac011aab1e,3895107,516,43.0,4736934333,3895107:bb2ec522-c94f-4d37-9104-3eac011aab1e,1,False
concurrency_n10_20260613_002350_kafka_feed7_rep1,kafka,sb-events-n10-feed7-rep1,2,5525,33929274200,e1900452-ba67-4981-a631-d7d973843a53,3895067,516,43.0,4736934333,3895067:e1900452-ba67-4981-a631-d7d973843a53,1,False
concurrency_n10_20260613_002350_kafka_feed7_rep1,kafka,sb-events-n10-feed7-rep1,2,5526,33929295400,d1799f25-3a6d-44b7-b8e2-13ae58b02b31,3895107,516,43.0,4736934333,3895107:d1799f25-3a6d-44b7-b8e2-13ae58b02b31,1,False
concurrency_n10_20260613_002350_kafka_feed7_rep1,kafka,sb-events-n10-feed7-rep1,1,5507,33935677800,44fb2aca-0b6d-4a21-bc37-60141d9958a2,3895074,517,43.083333333333336,4737628777,3895074:44fb2aca-0b6d-4a21-bc37-60141d9958a2,1,False
concurrency_n10_20260613_002350_kafka_feed7_rep1,kafka,sb-events-n10-feed7-rep1,0,5296,33935723000,80342f59-095a-46c5-960c-d33edb58e89d,3895074,517,43.083333333333336,4737628777,3895074:80342f59-095a-46c5-960c-d33edb58e89d,1,False
concurrency_n10_20260613_002350_kafka_feed7_rep1,kafka,sb-events-n10-feed7-rep1,0,5297,33941100200,cb1133fe-2b8c-47f1-87ca-6822ee962229,3895060,517,43.083333333333336,4737628777,3895060:cb1133fe-2b8c-47f1-87ca-6822ee962229,1,False
concurrency_n10_20260613_002350_kafka_feed7_rep1,kafka,sb-events-n10-feed7-rep1,1,5508,33947542800,ce594660-7c58-4437-bce3-46bda6f43677,3895060,517,43.083333333333336,4737628777,3895060:ce594660-7c58-4437-bce3-46bda6f43677,1,False
concurrency_n10_20260613_002350_kafka_feed7_rep1,kafka,sb-events-n10-feed7-rep1,1,5509,33947586300,307fb41d-a8e4-4032-aac3-61ac29190dc3,3895060,517,43.083333333333336,4737628777,3895060:307fb41d-a8e4-4032-aac3-61ac29190dc3,1,False
concurrency_n10_20260613_002350_kafka_feed7_rep1,kafka,sb-events-n10-feed7-rep1,1,5510,33953181500,15f38ad4-b80e-49c0-b797-58fc2e508726,3895060,517,43.083333333333336,4737628777,3895060:15f38ad4-b80e-49c0-b797-58fc2e508726,1,False
concurrency_n10_20260613_002350_kafka_feed7_rep1,kafka,sb-events-n10-feed7-rep1,1,5511,33958328200,987af024-d57c-4ed6-a13e-78e2fcdaba0d,3895067,517,43.083333333333336,4737628777,3895067:987af024-d57c-4ed6-a13e-78e2fcdaba0d,1,False
concurrency_n10_20260613_002350_kafka_feed7_rep1,kafka,sb-events-n10-feed7-rep1,2,5527,33971556500,54ea6238-1075-455d-8f7b-20002c1a72dc,3895067,517,43.083333333333336,4737628777,3895067:54ea6238-1075-455d-8f7b-20002c1a72dc,1,False
concurrency_n10_20260613_002350_kafka_feed7_rep1,kafka,sb-events-n10-feed7-rep1,0,5298,33971601000,0c1f2874-e5d3-484f-8dd1-fe32faedeb29,3895113,517,43.083333333333336,4737628777,3895113:0c1f2874-e5d3-484f-8dd1-fe32faedeb29,1,False
concurrency_n10_20260613_002350_kafka_feed7_rep1,kafka,sb-events-n10-feed7-rep1,1,5512,33984487700,2a25cb31-5e32-4c2b-8d68-23edf14c8a48,3895060,518,43.16666666666666,4738323222,3895060:2a25cb31-5e32-4c2b-8d68-23edf14c8a48,1,False
concurrency_n10_20260613_002350_kafka_feed7_rep1,kafka,sb-events-n10-feed7-rep1,0,5299,33984528700,d7d9bb2e-61cf-458a-bddb-607b06f62208,3895060,518,43.16666666666666,4738323222,3895060:d7d9bb2e-61cf-458a-bddb-607b06f62208,1,False
concurrency_n10_20260613_002350_kafka_feed7_rep1,kafka,sb-events-n10-feed7-rep1,1,5513,33991840800,01732720-50cd-4d38-8262-17749ccb1ad1,3895060,518,43.16666666666666,4738323222,3895060:01732720-50cd-4d38-8262-17749ccb1ad1,1,False
concurrency_n10_20260613_002350_kafka_feed7_rep1,kafka,sb-events-n10-feed7-rep1,0,5300,33991880100,1918e176-5d63-4eff-b5b7-5836540fdac9,3895107,518,43.16666666666666,4738323222,3895107:1918e176-5d63-4eff-b5b7-5836540fdac9,1,False
concurrency_n10_20260613_002350_kafka_feed7_rep1,kafka,sb-events-n10-feed7-rep1,0,5301,33991901800,f9f6ce8c-80f1-4bb7-b6cd-53a1629a771b,3895060,519,43.25,4739017666,3895060:f9f6ce8c-80f1-4bb7-b6cd-53a1629a771b,1,False
concurrency_n10_20260613_002350_kafka_feed7_rep1,kafka,sb-events-n10-feed7-rep1,2,5528,33997153700,49d14939-2450-4ab8-b09d-76753d13cc23,3895067,519,43.25,4739017666,3895067:49d14939-2450-4ab8-b09d-76753d13cc23,1,False
concurrency_n10_20260613_002350_kafka_feed7_rep1,kafka,sb-events-n10-feed7-rep1,2,5529,34002385600,ef422be2-d385-4919-9e4c-4b4228eae971,3895067,519,43.25,4739017666,3895067:ef422be2-d385-4919-9e4c-4b4228eae971,1,False
concurrency_n10_20260613_002350_kafka_feed7_rep1,kafka,sb-events-n10-feed7-rep1,1,5514,34006575500,b8f9bd6b-9a37-4794-a85d-6f812ad4e301,3895067,519,43.25,4739017666,3895067:b8f9bd6b-9a37-4794-a85d-6f812ad4e301,1,False
concurrency_n10_20260613_002350_kafka_feed7_rep1,kafka,sb-events-n10-feed7-rep1,1,5515,34018252400,98e7f20a-28db-49e7-a4f9-88c516782a38,3895067,519,43.25,4739017666,3895067:98e7f20a-28db-49e7-a4f9-88c516782a38,1,False
concurrency_n10_20260613_002350_kafka_feed7_rep1,kafka,sb-events-n10-feed7-rep1,1,5516,34018292400,1b30f7b4-a2f4-40c0-9335-1edaa3de5712,3895107,519,43.25,4739017666,3895107:1b30f7b4-a2f4-40c0-9335-1edaa3de5712,1,False
concurrency_n10_20260613_002350_kafka_feed7_rep1,kafka,sb-events-n10-feed7-rep1,2,5530,34022157500,e72dc9b5-9f93-4650-9995-76d13c4c57d1,3895107,519,43.25,4739017666,3895107:e72dc9b5-9f93-4650-9995-76d13c4c57d1,1,False
concurrency_n10_20260613_002350_kafka_feed7_rep1,kafka,sb-events-n10-feed7-rep1,1,5517,34022198900,a2ee9a83-1908-4f93-94dd-384a2f5307fb,3895074,520,43.333333333333336,4739712111,3895074:a2ee9a83-1908-4f93-94dd-384a2f5307fb,1,False
concurrency_n10_20260613_002350_kafka_feed7_rep1,kafka,sb-events-n10-feed7-rep1,0,5302,34031621000,97fad311-53da-45b1-9717-a2093f668ed8,3895121,520,43.333333333333336,4739712111,3895121:97fad311-53da-45b1-9717-a2093f668ed8,1,False
concurrency_n10_20260613_002350_kafka_feed7_rep1,kafka,sb-events-n10-feed7-rep1,1,5518,34040836500,6384539d-b3da-405b-a218-c451b8266af7,3895060,520,43.333333333333336,4739712111,3895060:6384539d-b3da-405b-a218-c451b8266af7,1,False
concurrency_n10_20260613_002350_kafka_feed7_rep1,kafka,sb-events-n10-feed7-rep1,2,5531,34048585900,55ba4e9b-a045-4940-86fd-798ea3f396f0,3895060,520,43.333333333333336,4739712111,3895060:55ba4e9b-a045-4940-86fd-798ea3f396f0,1,False
concurrency_n10_20260613_002350_kafka_feed7_rep1,kafka,sb-events-n10-feed7-rep1,2,5532,34048632900,b9414508-e2ef-431a-a120-12b5df982604,3895060,520,43.333333333333336,4739712111,3895060:b9414508-e2ef-431a-a120-12b5df982604,1,False
concurrency_n10_20260613_002350_kafka_feed7_rep1,kafka,sb-events-n10-feed7-rep1,1,5519,34056313800,f9715d9b-f136-405f-9c3a-37d9e1c7f7ec,3895107,520,43.333333333333336,4739712111,3895107:f9715d9b-f136-405f-9c3a-37d9e1c7f7ec,1,False
concurrency_n10_20260613_002350_kafka_feed7_rep1,kafka,sb-events-n10-feed7-rep1,2,5533,34056366600,427f23e2-9f1d-4bf8-8f85-c861ade4c627,3895113,520,43.333333333333336,4739712111,3895113:427f23e2-9f1d-4bf8-8f85-c861ade4c627,1,False
concurrency_n10_20260613_002350_kafka_feed7_rep1,kafka,sb-events-n10-feed7-rep1,0,5303,34062745400,59e64ca6-6769-446c-9659-93e6adee6c3a,3895113,520,43.333333333333336,4739712111,3895113:59e64ca6-6769-446c-9659-93e6adee6c3a,1,False
concurrency_n10_20260613_002350_kafka_feed7_rep1,kafka,sb-events-n10-feed7-rep1,2,5534,34062788100,6863a428-b5a4-4564-b24d-d5f89a670a56,3895074,521,43.41666666666666,4740406555,3895074:6863a428-b5a4-4564-b24d-d5f89a670a56,1,False
concurrency_n10_20260613_002350_kafka_feed7_rep1,kafka,sb-events-n10-feed7-rep1,0,5304,34066411200,8f79565a-a90d-4d26-909d-bbcdeaccba2d,3895074,521,43.41666666666666,4740406555,3895074:8f79565a-a90d-4d26-909d-bbcdeaccba2d,1,False
concurrency_n10_20260613_002350_kafka_feed7_rep1,kafka,sb-events-n10-feed7-rep1,0,5305,34075774200,0a04a0e3-695a-44fb-bd5c-ad69c331d69f,3895074,521,43.41666666666666,4740406555,3895074:0a04a0e3-695a-44fb-bd5c-ad69c331d69f,1,False
concurrency_n10_20260613_002350_kafka_feed7_rep1,kafka,sb-events-n10-feed7-rep1,1,5520,34082842900,100ca139-0417-4dc3-859a-dfc70383e14e,3895121,521,43.41666666666666,4740406555,3895121:100ca139-0417-4dc3-859a-dfc70383e14e,1,False
concurrency_n10_20260613_002350_kafka_feed7_rep1,kafka,sb-events-n10-feed7-rep1,2,5535,34090582600,6bb0889f-9c99-43b3-8e1b-2ee506e1152b,3895121,521,43.41666666666666,4740406555,3895121:6bb0889f-9c99-43b3-8e1b-2ee506e1152b,1,False
concurrency_n10_20260613_002350_kafka_feed7_rep1,kafka,sb-events-n10-feed7-rep1,0,5306,34090645100,81db2ad5-3ed7-4089-afc5-f6110181b19b,3895060,521,43.41666666666666,4740406555,3895060:81db2ad5-3ed7-4089-afc5-f6110181b19b,1,False
concurrency_n10_20260613_002350_kafka_feed7_rep1,kafka,sb-events-n10-feed7-rep1,1,5521,34094696500,d04d92f0-9341-4805-aa5e-860c0f597675,3895067,521,43.41666666666666,4740406555,3895067:d04d92f0-9341-4805-aa5e-860c0f597675,1,False
concurrency_n10_20260613_002350_kafka_feed7_rep1,kafka,sb-events-n10-feed7-rep1,1,5522,34101385300,e900863b-6a63-498e-a44a-fc911d66d242,3895060,521,43.41666666666666,4740406555,3895060:e900863b-6a63-498e-a44a-fc911d66d242,1,False
concurrency_n10_20260613_002350_kafka_feed7_rep1,kafka,sb-events-n10-feed7-rep1,2,5536,34114424400,1c7ef114-f32e-4af6-bb53-0123d788159f,3895060,521,43.41666666666666,4740406555,3895060:1c7ef114-f32e-4af6-bb53-0123d788159f,1,False
concurrency_n10_20260613_002350_kafka_feed7_rep1,kafka,sb-events-n10-feed7-rep1,1,5523,34114478000,3c13745a-2a7f-4c59-8e84-f53e76666ec1,3895067,521,43.41666666666666,4740406555,3895067:3c13745a-2a7f-4c59-8e84-f53e76666ec1,1,False
concurrency_n10_20260613_002350_kafka_feed7_rep1,kafka,sb-events-n10-feed7-rep1,1,5524,34114505300,16f54a3a-428e-4f0c-aadb-ce44890fd041,3895067,521,43.41666666666666,4740406555,3895067:16f54a3a-428e-4f0c-aadb-ce44890fd041,1,False
concurrency_n10_20260613_002350_kafka_feed7_rep1,kafka,sb-events-n10-feed7-rep1,0,5307,34121539500,384ddab3-0b7c-488d-8e9d-9ee9c937d8d5,3895107,521,43.41666666666666,4740406555,3895107:384ddab3-0b7c-488d-8e9d-9ee9c937d8d5,1,False
concurrency_n10_20260613_002350_kafka_feed7_rep1,kafka,sb-events-n10-feed7-rep1,2,5537,34121591100,925eaa91-afdb-45d5-b9f3-0e05080ddba1,3895107,521,43.41666666666666,4740406555,3895107:925eaa91-afdb-45d5-b9f3-0e05080ddba1,1,False
concurrency_n10_20260613_002350_kafka_feed7_rep1,kafka,sb-events-n10-feed7-rep1,1,5525,34131369000,0bbb1280-45ac-457c-95da-2864bd579cec,3895113,521,43.41666666666666,4740406555,3895113:0bbb1280-45ac-457c-95da-2864bd579cec,1,False
concurrency_n10_20260613_002350_kafka_feed7_rep1,kafka,sb-events-n10-feed7-rep1,0,5308,34138930600,7a582bf1-dd75-4e0c-ba5f-9351d2fc8da7,3895060,522,43.5,4741101000,3895060:7a582bf1-dd75-4e0c-ba5f-9351d2fc8da7,1,False
concurrency_n10_20260613_002350_kafka_feed7_rep1,kafka,sb-events-n10-feed7-rep1,0,5309,34138979300,afa3ae87-cc2d-4200-9123-f20dfb05a1b6,3895107,522,43.5,4741101000,3895107:afa3ae87-cc2d-4200-9123-f20dfb05a1b6,1,False
concurrency_n10_20260613_002350_kafka_feed7_rep1,kafka,sb-events-n10-feed7-rep1,1,5526,34139026100,93707c41-6647-4824-96c6-c5c05465b9b4,3895060,522,43.5,4741101000,3895060:93707c41-6647-4824-96c6-c5c05465b9b4,1,False
concurrency_n10_20260613_002350_kafka_feed7_rep1,kafka,sb-events-n10-feed7-rep1,0,5310,34147333100,d0468067-11cd-402a-9c58-31fc1975d03f,3895107,522,43.5,4741101000,3895107:d0468067-11cd-402a-9c58-31fc1975d03f,1,False
concurrency_n10_20260613_002350_kafka_feed7_rep1,kafka,sb-events-n10-feed7-rep1,2,5538,34156044800,8c60e9aa-b5a2-4ad4-9a48-881f24cada96,3895107,522,43.5,4741101000,3895107:8c60e9aa-b5a2-4ad4-9a48-881f24cada96,1,False
concurrency_n10_20260613_002350_kafka_feed7_rep1,kafka,sb-events-n10-feed7-rep1,2,5539,34156084800,b36b7db0-bb9e-4a24-b075-f591e5ae57d7,3895107,522,43.5,4741101000,3895107:b36b7db0-bb9e-4a24-b075-f591e5ae57d7,1,False
concurrency_n10_20260613_002350_kafka_feed7_rep1,kafka,sb-events-n10-feed7-rep1,1,5527,34162168800,a40624b3-bfad-4c10-b540-5d7afb11569f,3895113,522,43.5,4741101000,3895113:a40624b3-bfad-4c10-b540-5d7afb11569f,1,False
concurrency_n10_20260613_002350_kafka_feed7_rep1,kafka,sb-events-n10-feed7-rep1,2,5540,34162287100,323f6d53-5da4-4be9-9de0-c6a5ad6e8bdc,3895113,522,43.5,4741101000,3895113:323f6d53-5da4-4be9-9de0-c6a5ad6e8bdc,1,False
concurrency_n10_20260613_002350_kafka_feed7_rep1,kafka,sb-events-n10-feed7-rep1,2,5541,34166732900,1db19b5b-fff8-4b33-aa5a-375f8827004d,3895121,523,43.583333333333336,4741795444,3895121:1db19b5b-fff8-4b33-aa5a-375f8827004d,1,False
concurrency_n10_20260613_002350_kafka_feed7_rep1,kafka,sb-events-n10-feed7-rep1,2,5542,34171276500,c04c1057-5911-4a54-abca-1e0470cac6c9,3895107,523,43.583333333333336,4741795444,3895107:c04c1057-5911-4a54-abca-1e0470cac6c9,1,False
concurrency_n10_20260613_002350_kafka_feed7_rep1,kafka,sb-events-n10-feed7-rep1,2,5543,34177095200,3fbcf76b-4681-4e0a-863b-de9c7a8cb3b2,3895107,523,43.583333333333336,4741795444,3895107:3fbcf76b-4681-4e0a-863b-de9c7a8cb3b2,1,False
concurrency_n10_20260613_002350_kafka_feed7_rep1,kafka,sb-events-n10-feed7-rep1,1,5528,34185238100,f0b960f6-595f-4c51-b6ca-764db484988c,3895113,523,43.583333333333336,4741795444,3895113:f0b960f6-595f-4c51-b6ca-764db484988c,1,False
concurrency_n10_20260613_002350_kafka_feed7_rep1,kafka,sb-events-n10-feed7-rep1,2,5544,34199592200,ea053585-687d-4d7b-8ede-317fd787b930,3895074,524,43.66666666666666,4742489888,3895074:ea053585-687d-4d7b-8ede-317fd787b930,1,False
concurrency_n10_20260613_002350_kafka_feed7_rep1,kafka,sb-events-n10-feed7-rep1,1,5529,34217251600,6ec67334-6443-449b-9dd4-2101103fae8e,3895121,524,43.66666666666666,4742489888,3895121:6ec67334-6443-449b-9dd4-2101103fae8e,1,False
concurrency_n10_20260613_002350_kafka_feed7_rep1,kafka,sb-events-n10-feed7-rep1,1,5530,34223700100,6f968e3c-e7ae-4e31-a433-c1291d40addc,3895121,524,43.66666666666666,4742489888,3895121:6f968e3c-e7ae-4e31-a433-c1291d40addc,1,False
concurrency_n10_20260613_002350_kafka_feed7_rep1,kafka,sb-events-n10-feed7-rep1,0,5311,34228607800,70dd6be1-f1a4-4d16-a7aa-a3b03f355375,3895107,524,43.66666666666666,4742489888,3895107:70dd6be1-f1a4-4d16-a7aa-a3b03f355375,1,False
concurrency_n10_20260613_002350_kafka_feed7_rep1,kafka,sb-events-n10-feed7-rep1,1,5531,34240428100,1fc02a37-540b-47ff-acb8-22ade5c1808a,3895107,524,43.66666666666666,4742489888,3895107:1fc02a37-540b-47ff-acb8-22ade5c1808a,1,False
concurrency_n10_20260613_002350_kafka_feed7_rep1,kafka,sb-events-n10-feed7-rep1,1,5532,34249803300,d5d42c02-ad64-49fc-a51b-b65f26c9fd72,3895074,525,43.75,4743184333,3895074:d5d42c02-ad64-49fc-a51b-b65f26c9fd72,1,False
concurrency_n10_20260613_002350_kafka_feed7_rep1,kafka,sb-events-n10-feed7-rep1,1,5533,34249851400,4cc5777a-4670-4e70-8819-1d9d1b95f36b,3895074,525,43.75,4743184333,3895074:4cc5777a-4670-4e70-8819-1d9d1b95f36b,1,False
concurrency_n10_20260613_002350_kafka_feed7_rep1,kafka,sb-events-n10-feed7-rep1,2,5545,34262741600,4668001f-8001-484b-a362-a7c6f02060d5,3895060,525,43.75,4743184333,3895060:4668001f-8001-484b-a362-a7c6f02060d5,1,False
concurrency_n10_20260613_002350_kafka_feed7_rep1,kafka,sb-events-n10-feed7-rep1,0,5312,34262796300,20eb3f50-409c-4c6c-b18e-8114b26de7ce,3895113,525,43.75,4743184333,3895113:20eb3f50-409c-4c6c-b18e-8114b26de7ce,1,False
concurrency_n10_20260613_002350_kafka_feed7_rep1,kafka,sb-events-n10-feed7-rep1,1,5534,34272942100,0ac6d9ef-7559-48e2-a503-f553badb78e5,3895113,525,43.75,4743184333,3895113:0ac6d9ef-7559-48e2-a503-f553badb78e5,1,False
concurrency_n10_20260613_002350_kafka_feed7_rep1,kafka,sb-events-n10-feed7-rep1,2,5546,34278100800,8acbf3dc-91e8-4fce-b107-0d55d4e7e86e,3895074,526,43.833333333333336,4743878777,3895074:8acbf3dc-91e8-4fce-b107-0d55d4e7e86e,1,False
concurrency_n10_20260613_002350_kafka_feed7_rep1,kafka,sb-events-n10-feed7-rep1,2,5547,34287846200,38daa8b4-9905-4022-85b4-45b82d6d7d25,3895074,526,43.833333333333336,4743878777,3895074:38daa8b4-9905-4022-85b4-45b82d6d7d25,1,False
concurrency_n10_20260613_002350_kafka_feed7_rep1,kafka,sb-events-n10-feed7-rep1,0,5313,34297980700,b0e8ae72-248f-4087-ae40-c9f006d93a78,3895060,526,43.833333333333336,4743878777,3895060:b0e8ae72-248f-4087-ae40-c9f006d93a78,1,False
concurrency_n10_20260613_002350_kafka_feed7_rep1,kafka,sb-events-n10-feed7-rep1,1,5535,34298020700,9163276e-2a34-4c52-8291-2a46db09c9af,3895060,526,43.833333333333336,4743878777,3895060:9163276e-2a34-4c52-8291-2a46db09c9af,1,False
concurrency_n10_20260613_002350_kafka_feed7_rep1,kafka,sb-events-n10-feed7-rep1,0,5314,34306028400,20f95845-0afb-4666-9204-584035a84896,3895113,526,43.833333333333336,4743878777,3895113:20f95845-0afb-4666-9204-584035a84896,1,False
concurrency_n10_20260613_002350_kafka_feed7_rep1,kafka,sb-events-n10-feed7-rep1,2,5548,34314319900,50d5f2fb-6a21-4b16-a1de-e3a095e7b9c7,3895074,527,43.91666666666666,4744573222,3895074:50d5f2fb-6a21-4b16-a1de-e3a095e7b9c7,1,False
concurrency_n10_20260613_002350_kafka_feed7_rep1,kafka,sb-events-n10-feed7-rep1,1,5536,34314371500,20430d39-2dd0-4b2b-a895-b2462cd22a01,3895074,527,43.91666666666666,4744573222,3895074:20430d39-2dd0-4b2b-a895-b2462cd22a01,1,False
concurrency_n10_20260613_002350_kafka_feed7_rep1,kafka,sb-events-n10-feed7-rep1,0,5315,34327098600,0586e00d-dfec-4211-9411-cb219db4edb9,3895121,527,43.91666666666666,4744573222,3895121:0586e00d-dfec-4211-9411-cb219db4edb9,1,False
concurrency_n10_20260613_002350_kafka_feed7_rep1,kafka,sb-events-n10-feed7-rep1,2,5549,34327142600,88fd2d06-fd20-40f3-a233-29ee82e4be59,3895107,527,43.91666666666666,4744573222,3895107:88fd2d06-fd20-40f3-a233-29ee82e4be59,1,False
concurrency_n10_20260613_002350_kafka_feed7_rep1,kafka,sb-events-n10-feed7-rep1,1,5537,34346285200,3c1237a2-1e6b-4e7e-892f-8ea18799c544,3895107,527,43.91666666666666,4744573222,3895107:3c1237a2-1e6b-4e7e-892f-8ea18799c544,1,False
concurrency_n10_20260613_002350_kafka_feed7_rep1,kafka,sb-events-n10-feed7-rep1,0,5316,34346480000,2dd81da3-006b-4909-b0d4-6c3468d474c4,3895107,527,43.91666666666666,4744573222,3895107:2dd81da3-006b-4909-b0d4-6c3468d474c4,1,False
concurrency_n10_20260613_002350_kafka_feed7_rep1,kafka,sb-events-n10-feed7-rep1,2,5550,34346881900,b61d5bec-03f0-44eb-a8cf-0e53b1986f2a,3895113,527,43.91666666666666,4744573222,3895113:b61d5bec-03f0-44eb-a8cf-0e53b1986f2a,1,False
concurrency_n10_20260613_002350_kafka_feed7_rep1,kafka,sb-events-n10-feed7-rep1,1,5538,34357402000,7de78a3e-57f7-4e9a-8978-4776114f764e,3895113,527,43.91666666666666,4744573222,3895113:7de78a3e-57f7-4e9a-8978-4776114f764e,1,False
concurrency_n10_20260613_002350_kafka_feed7_rep1,kafka,sb-events-n10-feed7-rep1,2,5551,34357444200,a8f4416a-3223-4b2b-8803-7c50dc6524db,3895113,527,43.91666666666666,4744573222,3895113:a8f4416a-3223-4b2b-8803-7c50dc6524db,1,False
concurrency_n10_20260613_002350_kafka_feed7_rep1,kafka,sb-events-n10-feed7-rep1,2,5552,34357467200,1c7e1733-2224-46bc-a9c7-8ad2228cc8da,3895113,527,43.91666666666666,4744573222,3895113:1c7e1733-2224-46bc-a9c7-8ad2228cc8da,1,False
concurrency_n10_20260613_002350_kafka_feed7_rep1,kafka,sb-events-n10-feed7-rep1,1,5539,34373457600,e2076223-02eb-472d-a936-fbb5cdd986dc,3895121,528,44.0,4745267666,3895121:e2076223-02eb-472d-a936-fbb5cdd986dc,1,False
concurrency_n10_20260613_002350_kafka_feed7_rep1,kafka,sb-events-n10-feed7-rep1,1,5540,34373502700,514d79ad-cba0-4ef5-be08-cbce1ba32532,3895121,528,44.0,4745267666,3895121:514d79ad-cba0-4ef5-be08-cbce1ba32532,1,False
concurrency_n10_20260613_002350_kafka_feed7_rep1,kafka,sb-events-n10-feed7-rep1,1,5541,34373524400,5fe2d08b-ff8c-490e-a3a1-cdcc36200b52,3895113,528,44.0,4745267666,3895113:5fe2d08b-ff8c-490e-a3a1-cdcc36200b52,1,False
concurrency_n10_20260613_002350_kafka_feed7_rep1,kafka,sb-events-n10-feed7-rep1,0,5317,34381909000,3ff5ec17-6825-4c77-8e7b-f189cb6ccc31,3895113,528,44.0,4745267666,3895113:3ff5ec17-6825-4c77-8e7b-f189cb6ccc31,1,False
concurrency_n10_20260613_002350_kafka_feed7_rep1,kafka,sb-events-n10-feed7-rep1,1,5542,34381946400,0d44ff91-9591-424e-816c-8b915d80daf7,3895113,528,44.0,4745267666,3895113:0d44ff91-9591-424e-816c-8b915d80daf7,1,False
concurrency_n10_20260613_002350_kafka_feed7_rep1,kafka,sb-events-n10-feed7-rep1,2,5553,34395906700,88a70e2b-aa99-407a-aa6d-9df6e46201fd,3895113,528,44.0,4745267666,3895113:88a70e2b-aa99-407a-aa6d-9df6e46201fd,1,False
concurrency_n10_20260613_002350_kafka_feed7_rep1,kafka,sb-events-n10-feed7-rep1,1,5543,34395947700,426d47f2-1048-4e8d-9436-9cab0f3615e1,3895113,528,44.0,4745267666,3895113:426d47f2-1048-4e8d-9436-9cab0f3615e1,1,False
concurrency_n10_20260613_002350_kafka_feed7_rep1,kafka,sb-events-n10-feed7-rep1,0,5318,34404373900,40e298c8-d5ab-4313-93d4-027ecac8abd8,3895113,528,44.0,4745267666,3895113:40e298c8-d5ab-4313-93d4-027ecac8abd8,1,False
concurrency_n10_20260613_002350_kafka_feed7_rep1,kafka,sb-events-n10-feed7-rep1,1,5544,34419933100,47c30f1f-12b0-44fc-a75f-05995691d7f6,3895074,529,44.083333333333336,4745962111,3895074:47c30f1f-12b0-44fc-a75f-05995691d7f6,1,False
concurrency_n10_20260613_002350_kafka_feed7_rep1,kafka,sb-events-n10-feed7-rep1,0,5319,34419988100,76536861-eeb2-425f-874f-b20b0a3fa013,3895074,529,44.083333333333336,4745962111,3895074:76536861-eeb2-425f-874f-b20b0a3fa013,1,False
concurrency_n10_20260613_002350_kafka_feed7_rep1,kafka,sb-events-n10-feed7-rep1,2,5554,34432283200,fc85387d-38fe-4e36-af03-f6285d524b11,3895060,529,44.083333333333336,4745962111,3895060:fc85387d-38fe-4e36-af03-f6285d524b11,1,False
concurrency_n10_20260613_002350_kafka_feed7_rep1,kafka,sb-events-n10-feed7-rep1,2,5555,34432361200,4a87053e-de71-4a38-b614-bfa386590bf7,3895060,529,44.083333333333336,4745962111,3895060:4a87053e-de71-4a38-b614-bfa386590bf7,1,False
concurrency_n10_20260613_002350_kafka_feed7_rep1,kafka,sb-events-n10-feed7-rep1,1,5545,34441654900,b2eaa0f5-b277-4aff-ad6d-22048f042d0b,3895107,529,44.083333333333336,4745962111,3895107:b2eaa0f5-b277-4aff-ad6d-22048f042d0b,1,False
concurrency_n10_20260613_002350_kafka_feed7_rep1,kafka,sb-events-n10-feed7-rep1,0,5320,34441701200,2d1556d4-e7e8-4782-9b7d-9993c28e6f09,3895060,529,44.083333333333336,4745962111,3895060:2d1556d4-e7e8-4782-9b7d-9993c28e6f09,1,False
concurrency_n10_20260613_002350_kafka_feed7_rep1,kafka,sb-events-n10-feed7-rep1,2,5556,34450765800,6b4603ff-7dd4-4c70-ab6a-48f688a7fbd4,3895107,529,44.083333333333336,4745962111,3895107:6b4603ff-7dd4-4c70-ab6a-48f688a7fbd4,1,False
concurrency_n10_20260613_002350_kafka_feed7_rep1,kafka,sb-events-n10-feed7-rep1,2,5557,34461824000,78163599-662a-4bd1-9dc5-2e67086e5c6a,3895107,529,44.083333333333336,4745962111,3895107:78163599-662a-4bd1-9dc5-2e67086e5c6a,1,False
concurrency_n10_20260613_002350_kafka_feed7_rep1,kafka,sb-events-n10-feed7-rep1,2,5558,34462014700,1a606b94-ccd9-4617-89e4-29166ea76203,3895107,529,44.083333333333336,4745962111,3895107:1a606b94-ccd9-4617-89e4-29166ea76203,1,False
concurrency_n10_20260613_002350_kafka_feed7_rep1,kafka,sb-events-n10-feed7-rep1,0,5321,34470511600,f87fad46-6903-4223-bfb4-aa69c8c966cf,3895121,530,44.16666666666666,4746656555,3895121:f87fad46-6903-4223-bfb4-aa69c8c966cf,1,False
concurrency_n10_20260613_002350_kafka_feed7_rep1,kafka,sb-events-n10-feed7-rep1,0,5322,34470552900,679988f1-cad3-4221-ab60-1a56bb0f620f,3895060,530,44.16666666666666,4746656555,3895060:679988f1-cad3-4221-ab60-1a56bb0f620f,1,False
concurrency_n10_20260613_002350_kafka_feed7_rep1,kafka,sb-events-n10-feed7-rep1,0,5323,34470574500,7130de76-79b4-4847-829f-e93dac87d18e,3895060,530,44.16666666666666,4746656555,3895060:7130de76-79b4-4847-829f-e93dac87d18e,1,False
concurrency_n10_20260613_002350_kafka_feed7_rep1,kafka,sb-events-n10-feed7-rep1,2,5559,34479961200,a2344659-ee5e-4d27-8515-ee8dbb044828,3895060,530,44.16666666666666,4746656555,3895060:a2344659-ee5e-4d27-8515-ee8dbb044828,1,False
concurrency_n10_20260613_002350_kafka_feed7_rep1,kafka,sb-events-n10-feed7-rep1,2,5560,34486983100,c0a666df-6a6f-4185-8b75-361e7541087e,3895060,531,44.25,4747351000,3895060:c0a666df-6a6f-4185-8b75-361e7541087e,1,False
concurrency_n10_20260613_002350_kafka_feed7_rep1,kafka,sb-events-n10-feed7-rep1,2,5561,34487040000,5ab52d01-14bc-4c14-868c-b48aab97be67,3895113,531,44.25,4747351000,3895113:5ab52d01-14bc-4c14-868c-b48aab97be67,1,False
concurrency_n10_20260613_002350_kafka_feed7_rep1,kafka,sb-events-n10-feed7-rep1,1,5546,34504098000,b3d47cba-9dc5-47de-93b1-84861d275008,3895074,532,44.333333333333336,4748045444,3895074:b3d47cba-9dc5-47de-93b1-84861d275008,1,False
concurrency_n10_20260613_002350_kafka_feed7_rep1,kafka,sb-events-n10-feed7-rep1,0,5324,34504140000,69f9209e-3c7a-451b-b126-174f4360c8d4,3895074,532,44.333333333333336,4748045444,3895074:69f9209e-3c7a-451b-b126-174f4360c8d4,1,False
concurrency_n10_20260613_002350_kafka_feed7_rep1,kafka,sb-events-n10-feed7-rep1,1,5547,34509151600,98a0e1f1-d198-470d-a431-5502797ce25c,3895074,532,44.333333333333336,4748045444,3895074:98a0e1f1-d198-470d-a431-5502797ce25c,1,False
concurrency_n10_20260613_002350_kafka_feed7_rep1,kafka,sb-events-n10-feed7-rep1,0,5325,34509230300,18dd411d-85f0-4136-b3e7-c5902b8a208e,3895121,532,44.333333333333336,4748045444,3895121:18dd411d-85f0-4136-b3e7-c5902b8a208e,1,False
concurrency_n10_20260613_002350_kafka_feed7_rep1,kafka,sb-events-n10-feed7-rep1,0,5326,34509255700,76565dde-1d43-48fb-b342-6892a1965454,3895121,532,44.333333333333336,4748045444,3895121:76565dde-1d43-48fb-b342-6892a1965454,1,False
concurrency_n10_20260613_002350_kafka_feed7_rep1,kafka,sb-events-n10-feed7-rep1,2,5562,34520101400,1dbba64f-83de-49a3-a064-d640469697c6,3895060,532,44.333333333333336,4748045444,3895060:1dbba64f-83de-49a3-a064-d640469697c6,1,False
concurrency_n10_20260613_002350_kafka_feed7_rep1,kafka,sb-events-n10-feed7-rep1,0,5327,34520165300,22c0ff40-4176-40d2-822f-e4e1bf865c2f,3895060,532,44.333333333333336,4748045444,3895060:22c0ff40-4176-40d2-822f-e4e1bf865c2f,1,False
concurrency_n10_20260613_002350_kafka_feed7_rep1,kafka,sb-events-n10-feed7-rep1,1,5548,34528208200,bd9d976c-88bf-43b4-bb61-670fec26ee77,3895060,533,44.41666666666666,4748739888,3895060:bd9d976c-88bf-43b4-bb61-670fec26ee77,1,False
concurrency_n10_20260613_002350_kafka_feed7_rep1,kafka,sb-events-n10-feed7-rep1,2,5563,34528291900,fa03ef74-4b46-403d-98ea-0574bfa2f274,3895121,533,44.41666666666666,4748739888,3895121:fa03ef74-4b46-403d-98ea-0574bfa2f274,1,False
concurrency_n10_20260613_002350_kafka_feed7_rep1,kafka,sb-events-n10-feed7-rep1,0,5328,34528394400,3b1c82ae-32b8-466f-ac10-2a4a759923a7,3895060,533,44.41666666666666,4748739888,3895060:3b1c82ae-32b8-466f-ac10-2a4a759923a7,1,False
concurrency_n10_20260613_002350_kafka_feed7_rep1,kafka,sb-events-n10-feed7-rep1,0,5329,34532882200,a9aeffde-608f-479a-8195-c6cff7363b53,3895060,533,44.41666666666666,4748739888,3895060:a9aeffde-608f-479a-8195-c6cff7363b53,1,False
concurrency_n10_20260613_002350_kafka_feed7_rep1,kafka,sb-events-n10-feed7-rep1,0,5330,34543379800,c2ceda69-a891-4f75-bd3a-82ce65de4e03,3895113,533,44.41666666666666,4748739888,3895113:c2ceda69-a891-4f75-bd3a-82ce65de4e03,1,False
concurrency_n10_20260613_002350_kafka_feed7_rep1,kafka,sb-events-n10-feed7-rep1,0,5331,34543422900,72210159-6177-452d-b763-5093adc3a0f7,3895113,533,44.41666666666666,4748739888,3895113:72210159-6177-452d-b763-5093adc3a0f7,1,False
concurrency_n10_20260613_002350_kafka_feed7_rep1,kafka,sb-events-n10-feed7-rep1,2,5564,34548844100,3ae1883b-49e4-4cae-96e1-ebe9f8b86fa4,3895074,534,44.5,4749434333,3895074:3ae1883b-49e4-4cae-96e1-ebe9f8b86fa4,1,False
concurrency_n10_20260613_002350_kafka_feed7_rep1,kafka,sb-events-n10-feed7-rep1,0,5332,34548944600,23d76782-ae92-476d-b67f-e83c05ae4f3c,3895074,534,44.5,4749434333,3895074:23d76782-ae92-476d-b67f-e83c05ae4f3c,1,False
concurrency_n10_20260613_002350_kafka_feed7_rep1,kafka,sb-events-n10-feed7-rep1,2,5565,34560606900,20793f16-5045-4628-b937-903bd9ddd8b1,3895121,534,44.5,4749434333,3895121:20793f16-5045-4628-b937-903bd9ddd8b1,1,False
concurrency_n10_20260613_002350_kafka_feed7_rep1,kafka,sb-events-n10-feed7-rep1,1,5549,34574544200,b42b431a-7f87-4841-a26c-d062b50fa91c,3895060,534,44.5,4749434333,3895060:b42b431a-7f87-4841-a26c-d062b50fa91c,1,False
concurrency_n10_20260613_002350_kafka_feed7_rep1,kafka,sb-events-n10-feed7-rep1,0,5333,34575036800,5206fdc4-e834-4926-8e17-6a35c6efe19b,3895121,534,44.5,4749434333,3895121:5206fdc4-e834-4926-8e17-6a35c6efe19b,1,False
concurrency_n10_20260613_002350_kafka_feed7_rep1,kafka,sb-events-n10-feed7-rep1,0,5334,34575079100,60ded7c9-9ca6-4c1a-908e-190e034e9b4d,3895060,534,44.5,4749434333,3895060:60ded7c9-9ca6-4c1a-908e-190e034e9b4d,1,False
concurrency_n10_20260613_002350_kafka_feed7_rep1,kafka,sb-events-n10-feed7-rep1,2,5566,34580266900,86e59ab8-52a5-47b9-b233-c51919874314,3895074,535,44.583333333333336,4750128777,3895074:86e59ab8-52a5-47b9-b233-c51919874314,1,False
concurrency_n10_20260613_002350_kafka_feed7_rep1,kafka,sb-events-n10-feed7-rep1,0,5335,34580308700,888d4d11-95dc-4569-956a-909e5f4f0c9b,3895113,534,44.5,4749434333,3895113:888d4d11-95dc-4569-956a-909e5f4f0c9b,1,False
concurrency_n10_20260613_002350_kafka_feed7_rep1,kafka,sb-events-n10-feed7-rep1,2,5567,34596921100,34087afe-8b11-4b18-8077-75d7bf487ab5,3895074,535,44.583333333333336,4750128777,3895074:34087afe-8b11-4b18-8077-75d7bf487ab5,1,False
concurrency_n10_20260613_002350_kafka_feed7_rep1,kafka,sb-events-n10-feed7-rep1,2,5568,34596962600,1b1f1874-5deb-48ed-a8cc-694f8ef41f93,3895074,535,44.583333333333336,4750128777,3895074:1b1f1874-5deb-48ed-a8cc-694f8ef41f93,1,False
concurrency_n10_20260613_002350_kafka_feed7_rep1,kafka,sb-events-n10-feed7-rep1,1,5550,34607001800,e3a7ef47-1c6d-43f8-b980-2e76fe84fca6,3895074,535,44.583333333333336,4750128777,3895074:e3a7ef47-1c6d-43f8-b980-2e76fe84fca6,1,False
concurrency_n10_20260613_002350_kafka_feed7_rep1,kafka,sb-events-n10-feed7-rep1,2,5569,34607039900,9243ad22-ffe5-487a-883a-00ca2426cbc6,3895113,535,44.583333333333336,4750128777,3895113:9243ad22-ffe5-487a-883a-00ca2426cbc6,1,False
concurrency_n10_20260613_002350_kafka_feed7_rep1,kafka,sb-events-n10-feed7-rep1,2,5570,34612566600,558471da-7f0c-4323-a8cd-45ac26e02493,3895074,537,44.75,4751517666,3895074:558471da-7f0c-4323-a8cd-45ac26e02493,1,False
concurrency_n10_20260613_002350_kafka_feed7_rep1,kafka,sb-events-n10-feed7-rep1,0,5336,34617715400,97bd1984-aa8c-4314-b0aa-49e019abba86,3895113,537,44.75,4751517666,3895113:97bd1984-aa8c-4314-b0aa-49e019abba86,1,False
concurrency_n10_20260613_002350_kafka_feed7_rep1,kafka,sb-events-n10-feed7-rep1,2,5571,34617762200,37769987-c623-49bd-982f-457e7c2c54c6,3895074,537,44.75,4751517666,3895074:37769987-c623-49bd-982f-457e7c2c54c6,1,False
concurrency_n10_20260613_002350_kafka_feed7_rep1,kafka,sb-events-n10-feed7-rep1,2,5572,34624210200,4ad2f10b-6c5f-4bf4-bd0f-6c774204bbab,3895113,537,44.75,4751517666,3895113:4ad2f10b-6c5f-4bf4-bd0f-6c774204bbab,1,False
concurrency_n10_20260613_002350_kafka_feed7_rep1,kafka,sb-events-n10-feed7-rep1,1,5551,34632999100,e14c881c-eaf5-4fd3-a7cc-fe51d1c61611,3895113,537,44.75,4751517666,3895113:e14c881c-eaf5-4fd3-a7cc-fe51d1c61611,1,False
concurrency_n10_20260613_002350_kafka_feed7_rep1,kafka,sb-events-n10-feed7-rep1,0,5337,34645419500,eef66377-b49e-423f-a41e-49421e57bb42,3895121,538,44.833333333333336,4752212111,3895121:eef66377-b49e-423f-a41e-49421e57bb42,1,False
concurrency_n10_20260613_002350_kafka_feed7_rep1,kafka,sb-events-n10-feed7-rep1,1,5552,34645463800,86ae382d-4941-4bda-a330-9fe50b114248,3895121,539,44.91666666666666,4752906555,3895121:86ae382d-4941-4bda-a330-9fe50b114248,1,False
concurrency_n10_20260613_002350_kafka_feed7_rep1,kafka,sb-events-n10-feed7-rep1,1,5553,34651848700,0d012ec4-81c4-4764-a774-c4536052a186,3895121,539,44.91666666666666,4752906555,3895121:0d012ec4-81c4-4764-a774-c4536052a186,1,False
concurrency_n10_20260613_002350_kafka_feed7_rep1,kafka,sb-events-n10-feed7-rep1,1,5554,34651900100,28c9e517-2569-4fbc-853a-f074119c9788,3895074,540,45.0,4753601000,3895074:28c9e517-2569-4fbc-853a-f074119c9788,1,False
concurrency_n10_20260613_002350_kafka_feed7_rep1,kafka,sb-events-n10-feed7-rep1,0,5338,34667949900,e0ca184a-d196-4de5-b7ce-9a4c6e2e2f24,3895113,540,45.0,4753601000,3895113:e0ca184a-d196-4de5-b7ce-9a4c6e2e2f24,1,False
concurrency_n10_20260613_002350_kafka_feed7_rep1,kafka,sb-events-n10-feed7-rep1,1,5555,34678281200,c31b9cc9-3b1a-44a0-a6f2-be48997538e8,3895113,541,45.083333333333336,4754295444,3895113:c31b9cc9-3b1a-44a0-a6f2-be48997538e8,1,False
concurrency_n10_20260613_002350_kafka_feed7_rep1,kafka,sb-events-n10-feed7-rep1,1,5556,34678324100,00552043-304e-41f3-bb44-8e748409e117,3895074,542,45.16666666666666,4754989888,3895074:00552043-304e-41f3-bb44-8e748409e117,1,False
concurrency_n10_20260613_002350_kafka_feed7_rep1,kafka,sb-events-n10-feed7-rep1,0,5339,34678344400,dac6bba1-3eab-4824-b9a3-3f4f36a8eb1e,3895121,541,45.083333333333336,4754295444,3895121:dac6bba1-3eab-4824-b9a3-3f4f36a8eb1e,1,False
concurrency_n10_20260613_002350_kafka_feed7_rep1,kafka,sb-events-n10-feed7-rep1,2,5573,34686896100,114a796c-5924-4003-ac98-472f7ece84b0,3895121,543,45.25,4755684333,3895121:114a796c-5924-4003-ac98-472f7ece84b0,1,False
concurrency_n10_20260613_002350_kafka_feed7_rep1,kafka,sb-events-n10-feed7-rep1,2,5574,34686935900,08a83dc4-fe12-4653-b91c-c46acb3aa1c8,3895121,543,45.25,4755684333,3895121:08a83dc4-fe12-4653-b91c-c46acb3aa1c8,1,False
concurrency_n10_20260613_002350_kafka_feed7_rep1,kafka,sb-events-n10-feed7-rep1,1,5557,34686957100,8edb264a-dc4f-4342-8072-84d76719426f,3895074,542,45.16666666666666,4754989888,3895074:8edb264a-dc4f-4342-8072-84d76719426f,1,False
concurrency_n10_20260613_002350_kafka_feed7_rep1,kafka,sb-events-n10-feed7-rep1,1,5558,34696262400,5fc48371-8960-48e0-90bb-39206df20f0e,3895067,543,45.25,4755684333,3895067:5fc48371-8960-48e0-90bb-39206df20f0e,1,False
concurrency_n10_20260613_002350_kafka_feed7_rep1,kafka,sb-events-n10-feed7-rep1,0,5340,34702529700,4ca56301-fb5e-4ff6-87a9-187fd9acd073,3895067,544,45.333333333333336,4756378777,3895067:4ca56301-fb5e-4ff6-87a9-187fd9acd073,1,False
concurrency_n10_20260613_002350_kafka_feed7_rep1,kafka,sb-events-n10-feed7-rep1,2,5575,34702580400,195e62ed-d797-42dd-a6a9-d2da586e28e9,3895067,544,45.333333333333336,4756378777,3895067:195e62ed-d797-42dd-a6a9-d2da586e28e9,1,False
concurrency_n10_20260613_002350_kafka_feed7_rep1,kafka,sb-events-n10-feed7-rep1,0,5341,34706968700,c2aaa4f8-586e-4123-a563-f51f104fcb4c,3895067,544,45.333333333333336,4756378777,3895067:c2aaa4f8-586e-4123-a563-f51f104fcb4c,1,False
concurrency_n10_20260613_002350_kafka_feed7_rep1,kafka,sb-events-n10-feed7-rep1,2,5576,34717706600,724ad51f-37a2-4fcc-82e3-5343ba152abe,3895067,545,45.41666666666666,4757073222,3895067:724ad51f-37a2-4fcc-82e3-5343ba152abe,1,False
concurrency_n10_20260613_002350_kafka_feed7_rep1,kafka,sb-events-n10-feed7-rep1,1,5559,34724992600,a52b067b-b6ab-4c29-b6aa-3051f76118d3,3895067,545,45.41666666666666,4757073222,3895067:a52b067b-b6ab-4c29-b6aa-3051f76118d3,1,False
concurrency_n10_20260613_002350_kafka_feed7_rep1,kafka,sb-events-n10-feed7-rep1,1,5560,34725033600,42521cfa-66d0-4cb6-be10-74dabb6621cb,3895121,546,45.5,4757767666,3895121:42521cfa-66d0-4cb6-be10-74dabb6621cb,1,False
concurrency_n10_20260613_002350_kafka_feed7_rep1,kafka,sb-events-n10-feed7-rep1,2,5577,34725056100,9be986a7-155e-446d-bf13-33b700facdd7,3895113,545,45.41666666666666,4757073222,3895113:9be986a7-155e-446d-bf13-33b700facdd7,1,False
concurrency_n10_20260613_002350_kafka_feed7_rep1,kafka,sb-events-n10-feed7-rep1,0,5342,34730834300,50a45666-4bd1-4a0f-bb58-5bce15f0c18d,3895067,546,45.5,4757767666,3895067:50a45666-4bd1-4a0f-bb58-5bce15f0c18d,1,False
concurrency_n10_20260613_002350_kafka_feed7_rep1,kafka,sb-events-n10-feed7-rep1,1,5561,34731369600,aada797c-0f16-40dd-acda-e63855e0add1,3895052,546,45.5,4757767666,3895052:aada797c-0f16-40dd-acda-e63855e0add1,1,False
concurrency_n10_20260613_002350_kafka_feed7_rep1,kafka,sb-events-n10-feed7-rep1,2,5578,34736619200,107dcccc-f47a-4cf1-be88-4eed5d83cbfc,3895074,547,45.583333333333336,4758462111,3895074:107dcccc-f47a-4cf1-be88-4eed5d83cbfc,1,False
concurrency_n10_20260613_002350_kafka_feed7_rep1,kafka,sb-events-n10-feed7-rep1,1,5562,34743496200,917c3cb6-0a99-417e-9d00-2b7464cb3b49,3895121,547,45.583333333333336,4758462111,3895121:917c3cb6-0a99-417e-9d00-2b7464cb3b49,1,False
concurrency_n10_20260613_002350_kafka_feed7_rep1,kafka,sb-events-n10-feed7-rep1,0,5343,34749027200,f19133a2-dedc-4b1b-adeb-8191b2f723c1,3895067,547,45.583333333333336,4758462111,3895067:f19133a2-dedc-4b1b-adeb-8191b2f723c1,1,False
concurrency_n10_20260613_002350_kafka_feed7_rep1,kafka,sb-events-n10-feed7-rep1,2,5579,34749069600,271ca6ca-d5de-4a63-98ee-15a0e2f5ba41,3895121,547,45.583333333333336,4758462111,3895121:271ca6ca-d5de-4a63-98ee-15a0e2f5ba41,1,False
concurrency_n10_20260613_002350_kafka_feed7_rep1,kafka,sb-events-n10-feed7-rep1,2,5580,34763670700,0d692cac-82f0-409a-b794-1f98658c9bcc,3895067,547,45.583333333333336,4758462111,3895067:0d692cac-82f0-409a-b794-1f98658c9bcc,1,False
concurrency_n10_20260613_002350_kafka_feed7_rep1,kafka,sb-events-n10-feed7-rep1,0,5344,34769282200,d4293557-ec93-4548-a9b0-018e9870ecae,3895067,547,45.583333333333336,4758462111,3895067:d4293557-ec93-4548-a9b0-018e9870ecae,1,False
concurrency_n10_20260613_002350_kafka_feed7_rep1,kafka,sb-events-n10-feed7-rep1,2,5581,34769323500,f2648b2a-5801-4fcd-b48e-4a73735afe58,3895052,547,45.583333333333336,4758462111,3895052:f2648b2a-5801-4fcd-b48e-4a73735afe58,1,False
concurrency_n10_20260613_002350_kafka_feed7_rep1,kafka,sb-events-n10-feed7-rep1,1,5563,34776187900,9f3456ac-f1d6-4bbc-800b-c67a84d2c90b,3895113,547,45.583333333333336,4758462111,3895113:9f3456ac-f1d6-4bbc-800b-c67a84d2c90b,1,False
concurrency_n10_20260613_002350_kafka_feed7_rep1,kafka,sb-events-n10-feed7-rep1,2,5582,34783862800,6e1b36a3-7f86-4ddf-b891-045568d370ff,3895113,547,45.583333333333336,4758462111,3895113:6e1b36a3-7f86-4ddf-b891-045568d370ff,1,False
concurrency_n10_20260613_002350_kafka_feed7_rep1,kafka,sb-events-n10-feed7-rep1,0,5345,34789300600,db616ee1-4697-4630-b0d2-adcfa3f122f8,3895074,548,45.66666666666666,4759156555,3895074:db616ee1-4697-4630-b0d2-adcfa3f122f8,1,False
concurrency_n10_20260613_002350_kafka_feed7_rep1,kafka,sb-events-n10-feed7-rep1,1,5564,34797022000,35c04d45-7aa6-4dbc-9c71-2236688d2bd9,3895074,548,45.66666666666666,4759156555,3895074:35c04d45-7aa6-4dbc-9c71-2236688d2bd9,1,False
concurrency_n10_20260613_002350_kafka_feed7_rep1,kafka,sb-events-n10-feed7-rep1,0,5346,34797061500,5e66e5ea-b1e6-4b23-8035-f7f690628de7,3895074,548,45.66666666666666,4759156555,3895074:5e66e5ea-b1e6-4b23-8035-f7f690628de7,1,False
concurrency_n10_20260613_002350_kafka_feed7_rep1,kafka,sb-events-n10-feed7-rep1,0,5347,34805287900,c76abb45-261c-4d0a-a386-c8faa8ede37e,3895067,548,45.66666666666666,4759156555,3895067:c76abb45-261c-4d0a-a386-c8faa8ede37e,1,False
concurrency_n10_20260613_002350_kafka_feed7_rep1,kafka,sb-events-n10-feed7-rep1,1,5565,34810186600,6aeb0706-ec98-4e40-8b86-5f4a8e50ecda,3895067,548,45.66666666666666,4759156555,3895067:6aeb0706-ec98-4e40-8b86-5f4a8e50ecda,1,False
concurrency_n10_20260613_002350_kafka_feed7_rep1,kafka,sb-events-n10-feed7-rep1,0,5348,34810232900,96274ec9-d7da-481c-af37-5a870a00e846,3895067,548,45.66666666666666,4759156555,3895067:96274ec9-d7da-481c-af37-5a870a00e846,1,False
concurrency_n10_20260613_002350_kafka_feed7_rep1,kafka,sb-events-n10-feed7-rep1,1,5566,34817217700,dc353653-50c1-4683-ba8c-307ffe1b7400,3895052,548,45.66666666666666,4759156555,3895052:dc353653-50c1-4683-ba8c-307ffe1b7400,1,False
concurrency_n10_20260613_002350_kafka_feed7_rep1,kafka,sb-events-n10-feed7-rep1,1,5567,34825838100,28af6429-8a64-48bb-98d0-87cb8f9b288a,3895052,548,45.66666666666666,4759156555,3895052:28af6429-8a64-48bb-98d0-87cb8f9b288a,1,False
concurrency_n10_20260613_002350_kafka_feed7_rep1,kafka,sb-events-n10-feed7-rep1,0,5349,34837130000,4e5fbf4b-f9e0-498e-94b9-0d444fb51f19,3895067,549,45.75,4759851000,3895067:4e5fbf4b-f9e0-498e-94b9-0d444fb51f19,1,False
concurrency_n10_20260613_002350_kafka_feed7_rep1,kafka,sb-events-n10-feed7-rep1,1,5568,34837172800,eb3bdb0f-c8c1-472c-9297-4f624735f22d,3895095,549,45.75,4759851000,3895095:eb3bdb0f-c8c1-472c-9297-4f624735f22d,1,False
concurrency_n10_20260613_002350_kafka_feed7_rep1,kafka,sb-events-n10-feed7-rep1,2,5583,34849441200,b92da8bd-bffa-4bf9-a7d8-d63457c8bcee,3895095,550,45.833333333333336,4760545444,3895095:b92da8bd-bffa-4bf9-a7d8-d63457c8bcee,1,False
concurrency_n10_20260613_002350_kafka_feed7_rep1,kafka,sb-events-n10-feed7-rep1,0,5350,34849485500,a910d314-abc6-4693-bc9b-c1c459d771b2,3895067,549,45.75,4759851000,3895067:a910d314-abc6-4693-bc9b-c1c459d771b2,1,False
concurrency_n10_20260613_002350_kafka_feed7_rep1,kafka,sb-events-n10-feed7-rep1,1,5569,34858373500,ab99dda8-b45f-497a-8fce-f1d7219d9a6b,3895067,550,45.833333333333336,4760545444,3895067:ab99dda8-b45f-497a-8fce-f1d7219d9a6b,1,False
concurrency_n10_20260613_002350_kafka_feed7_rep1,kafka,sb-events-n10-feed7-rep1,1,5570,34858417800,fff26681-b31a-4fe7-ad79-73837c1b9ce6,3895052,550,45.833333333333336,4760545444,3895052:fff26681-b31a-4fe7-ad79-73837c1b9ce6,1,False
concurrency_n10_20260613_002350_kafka_feed7_rep1,kafka,sb-events-n10-feed7-rep1,0,5351,34858439900,034ad4ab-5822-459a-8e08-0e8ca1983870,3895113,550,45.833333333333336,4760545444,3895113:034ad4ab-5822-459a-8e08-0e8ca1983870,1,False
concurrency_n10_20260613_002350_kafka_feed7_rep1,kafka,sb-events-n10-feed7-rep1,2,5584,34865637100,f3706411-3b40-4d16-8baf-d7bb9dcd9f63,3895121,551,45.91666666666666,4761239888,3895121:f3706411-3b40-4d16-8baf-d7bb9dcd9f63,1,False
concurrency_n10_20260613_002350_kafka_feed7_rep1,kafka,sb-events-n10-feed7-rep1,1,5571,34880471700,d40f3696-86be-4b7b-ae08-82ae999c1c43,3895067,551,45.91666666666666,4761239888,3895067:d40f3696-86be-4b7b-ae08-82ae999c1c43,1,False
concurrency_n10_20260613_002350_kafka_feed7_rep1,kafka,sb-events-n10-feed7-rep1,0,5352,34880521300,f17aa964-2944-459b-91aa-eac26dccf3cf,3895067,551,45.91666666666666,4761239888,3895067:f17aa964-2944-459b-91aa-eac26dccf3cf,1,False
concurrency_n10_20260613_002350_kafka_feed7_rep1,kafka,sb-events-n10-feed7-rep1,1,5572,34889412800,d4ab804e-1b50-4172-9f66-77e04ebcfead,3895067,552,46.0,4761934333,3895067:d4ab804e-1b50-4172-9f66-77e04ebcfead,1,False
concurrency_n10_20260613_002350_kafka_feed7_rep1,kafka,sb-events-n10-feed7-rep1,0,5353,34889455500,a6e3aa18-12ab-4dfd-81dd-505d6521a65a,3895113,552,46.0,4761934333,3895113:a6e3aa18-12ab-4dfd-81dd-505d6521a65a,1,False
concurrency_n10_20260613_002350_kafka_feed7_rep1,kafka,sb-events-n10-feed7-rep1,1,5573,34896860300,827ed3d9-da89-4e4b-af26-3f6df863306c,3895113,552,46.0,4761934333,3895113:827ed3d9-da89-4e4b-af26-3f6df863306c,1,False
concurrency_n10_20260613_002350_kafka_feed7_rep1,kafka,sb-events-n10-feed7-rep1,0,5354,34911151300,2c4d7a1a-42cd-4a7d-92fa-e70688518c50,3895121,553,46.083333333333336,4762628777,3895121:2c4d7a1a-42cd-4a7d-92fa-e70688518c50,1,False
concurrency_n10_20260613_002350_kafka_feed7_rep1,kafka,sb-events-n10-feed7-rep1,1,5574,34911195900,0a606142-7bb7-473a-b6bd-854622f3677b,3895121,553,46.083333333333336,4762628777,3895121:0a606142-7bb7-473a-b6bd-854622f3677b,1,False
concurrency_n10_20260613_002350_kafka_feed7_rep1,kafka,sb-events-n10-feed7-rep1,2,5585,34915057000,25d4de3e-3e2a-4f3c-b5b4-6896dffcf292,3895113,553,46.083333333333336,4762628777,3895113:25d4de3e-3e2a-4f3c-b5b4-6896dffcf292,1,False
concurrency_n10_20260613_002350_kafka_feed7_rep1,kafka,sb-events-n10-feed7-rep1,0,5355,34915101400,36e32e50-497d-49b4-85ac-7e59aa279522,3895052,553,46.083333333333336,4762628777,3895052:36e32e50-497d-49b4-85ac-7e59aa279522,1,False
concurrency_n10_20260613_002350_kafka_feed7_rep1,kafka,sb-events-n10-feed7-rep1,0,5356,34915125500,3ef44783-dd48-4af3-a84a-d13b92371ec4,3895052,553,46.083333333333336,4762628777,3895052:3ef44783-dd48-4af3-a84a-d13b92371ec4,1,False
concurrency_n10_20260613_002350_kafka_feed7_rep1,kafka,sb-events-n10-feed7-rep1,0,5357,34915220100,d84a6ea0-eb04-49ee-8011-71fbea9094ff,3895113,554,46.16666666666666,4763323222,3895113:d84a6ea0-eb04-49ee-8011-71fbea9094ff,1,False
concurrency_n10_20260613_002350_kafka_feed7_rep1,kafka,sb-events-n10-feed7-rep1,2,5586,34924652400,459e933b-3a7b-4903-9846-28f8af49f3b8,3895113,554,46.16666666666666,4763323222,3895113:459e933b-3a7b-4903-9846-28f8af49f3b8,1,False
concurrency_n10_20260613_002350_kafka_feed7_rep1,kafka,sb-events-n10-feed7-rep1,0,5358,34931872100,d85b4617-fc6b-4613-a6c4-f1b2bf1e83f7,3895121,555,46.25,4764017666,3895121:d85b4617-fc6b-4613-a6c4-f1b2bf1e83f7,1,False
concurrency_n10_20260613_002350_kafka_feed7_rep1,kafka,sb-events-n10-feed7-rep1,2,5587,34931913900,3b170f61-0722-4ef0-9378-98882ff08363,3895121,555,46.25,4764017666,3895121:3b170f61-0722-4ef0-9378-98882ff08363,1,False
concurrency_n10_20260613_002350_kafka_feed7_rep1,kafka,sb-events-n10-feed7-rep1,1,5575,34936151500,7a2e7555-68ea-419c-86aa-bf4dcb78e05c,3895067,555,46.25,4764017666,3895067:7a2e7555-68ea-419c-86aa-bf4dcb78e05c,1,False
concurrency_n10_20260613_002350_kafka_feed7_rep1,kafka,sb-events-n10-feed7-rep1,2,5588,34945813400,37ad6f42-511c-4a7c-acbf-ffdb05343d00,3895067,555,46.25,4764017666,3895067:37ad6f42-511c-4a7c-acbf-ffdb05343d00,1,False
concurrency_n10_20260613_002350_kafka_feed7_rep1,kafka,sb-events-n10-feed7-rep1,0,5359,34951260500,4d65f18f-6c0e-4c7e-a92e-9eddfe918c80,3895113,556,46.333333333333336,4764712111,3895113:4d65f18f-6c0e-4c7e-a92e-9eddfe918c80,1,False
concurrency_n10_20260613_002350_kafka_feed7_rep1,kafka,sb-events-n10-feed7-rep1,2,5589,34951352300,3608104d-8c99-4ff1-8776-6f10c9aa16f1,3895067,557,46.41666666666666,4765406555,3895067:3608104d-8c99-4ff1-8776-6f10c9aa16f1,1,False
concurrency_n10_20260613_002350_kafka_feed7_rep1,kafka,sb-events-n10-feed7-rep1,0,5360,34956214300,6f68b267-cacb-43af-a94a-b86a7b012586,3895067,557,46.41666666666666,4765406555,3895067:6f68b267-cacb-43af-a94a-b86a7b012586,1,False
concurrency_n10_20260613_002350_kafka_feed7_rep1,kafka,sb-events-n10-feed7-rep1,2,5590,34964549800,960c6c53-3ff0-441f-9839-e525d22ee603,3895067,557,46.41666666666666,4765406555,3895067:960c6c53-3ff0-441f-9839-e525d22ee603,1,False
concurrency_n10_20260613_002350_kafka_feed7_rep1,kafka,sb-events-n10-feed7-rep1,0,5361,34964588900,771782c4-84a1-45da-9472-a42a4cdac870,3895052,557,46.41666666666666,4765406555,3895052:771782c4-84a1-45da-9472-a42a4cdac870,1,False
concurrency_n10_20260613_002350_kafka_feed7_rep1,kafka,sb-events-n10-feed7-rep1,0,5362,34969689700,e4703900-92e0-477e-bb89-4874b45fa1aa,3895121,558,46.5,4766101000,3895121:e4703900-92e0-477e-bb89-4874b45fa1aa,1,False
concurrency_n10_20260613_002350_kafka_feed7_rep1,kafka,sb-events-n10-feed7-rep1,0,5363,34976029700,f0da8169-c4b7-45fc-8c14-df99f65fa592,3895067,558,46.5,4766101000,3895067:f0da8169-c4b7-45fc-8c14-df99f65fa592,1,False
concurrency_n10_20260613_002350_kafka_feed7_rep1,kafka,sb-events-n10-feed7-rep1,1,5576,34981050600,ec56ac0a-94da-4bf7-9500-8424d742497f,3895113,558,46.5,4766101000,3895113:ec56ac0a-94da-4bf7-9500-8424d742497f,1,False
concurrency_n10_20260613_002350_kafka_feed7_rep1,kafka,sb-events-n10-feed7-rep1,2,5591,34986284400,7e05c347-4251-406d-894c-81b8c0754146,3895113,558,46.5,4766101000,3895113:7e05c347-4251-406d-894c-81b8c0754146,1,False
concurrency_n10_20260613_002350_kafka_feed7_rep1,kafka,sb-events-n10-feed7-rep1,1,5577,34994311600,ff7df466-18e4-462c-aca8-68b0b661c050,3895121,559,46.583333333333336,4766795444,3895121:ff7df466-18e4-462c-aca8-68b0b661c050,1,False
concurrency_n10_20260613_002350_kafka_feed7_rep1,kafka,sb-events-n10-feed7-rep1,2,5592,34994354300,3abb82ea-6b10-4c94-a8c7-018787b8cfac,3895121,559,46.583333333333336,4766795444,3895121:3abb82ea-6b10-4c94-a8c7-018787b8cfac,1,False
concurrency_n10_20260613_002350_kafka_feed7_rep1,kafka,sb-events-n10-feed7-rep1,1,5578,35000207400,35b0c8d9-a0bc-413a-844c-2ad4f48df2e9,3895067,559,46.583333333333336,4766795444,3895067:35b0c8d9-a0bc-413a-844c-2ad4f48df2e9,1,False
concurrency_n10_20260613_002350_kafka_feed7_rep1,kafka,sb-events-n10-feed7-rep1,0,5364,35018518800,2f30fa17-863e-4982-af77-279928d8bf7d,3895052,559,46.583333333333336,4766795444,3895052:2f30fa17-863e-4982-af77-279928d8bf7d,1,False
concurrency_n10_20260613_002350_kafka_feed7_rep1,kafka,sb-events-n10-feed7-rep1,0,5365,35018559700,774c27ef-4247-40e0-8ef1-d1c415e50681,3895052,559,46.583333333333336,4766795444,3895052:774c27ef-4247-40e0-8ef1-d1c415e50681,1,False
concurrency_n10_20260613_002350_kafka_feed7_rep1,kafka,sb-events-n10-feed7-rep1,1,5579,35018581600,00edadfb-d24e-4eda-b463-ec2eb761a863,3895052,559,46.583333333333336,4766795444,3895052:00edadfb-d24e-4eda-b463-ec2eb761a863,1,False
concurrency_n10_20260613_002350_kafka_feed7_rep1,kafka,sb-events-n10-feed7-rep1,2,5593,35024804500,1e564b86-97b7-4d25-8679-fa80ce5aaa80,3895113,559,46.583333333333336,4766795444,3895113:1e564b86-97b7-4d25-8679-fa80ce5aaa80,1,False
concurrency_n10_20260613_002350_kafka_feed7_rep1,kafka,sb-events-n10-feed7-rep1,0,5366,35024862100,b1731242-8dfe-4ce0-8f9f-14ea8fab3216,3895113,559,46.583333333333336,4766795444,3895113:b1731242-8dfe-4ce0-8f9f-14ea8fab3216,1,False
concurrency_n10_20260613_002350_kafka_feed7_rep1,kafka,sb-events-n10-feed7-rep1,1,5580,35030082300,750e6cda-3390-4817-83ea-ca66bd967062,3895134,560,46.66666666666666,4767489888,3895134:750e6cda-3390-4817-83ea-ca66bd967062,1,False
concurrency_n10_20260613_002350_kafka_feed7_rep1,kafka,sb-events-n10-feed7-rep1,0,5367,35030127200,8b99f53b-121b-43c5-8f44-c9c08aa83bd8,3895134,561,46.75,4768184333,3895134:8b99f53b-121b-43c5-8f44-c9c08aa83bd8,1,False
concurrency_n10_20260613_002350_kafka_feed7_rep1,kafka,sb-events-n10-feed7-rep1,2,5594,35034582000,9dca34a8-c117-4b0b-a475-102ac8d30665,3895113,561,46.75,4768184333,3895113:9dca34a8-c117-4b0b-a475-102ac8d30665,1,False
concurrency_n10_20260613_002350_kafka_feed7_rep1,kafka,sb-events-n10-feed7-rep1,0,5368,35038508400,bdf25150-5586-4645-96fc-c8e50cdd82d7,3895113,561,46.75,4768184333,3895113:bdf25150-5586-4645-96fc-c8e50cdd82d7,1,False
concurrency_n10_20260613_002350_kafka_feed7_rep1,kafka,sb-events-n10-feed7-rep1,2,5595,35049147800,33da9109-a7ef-4a4e-a9aa-b0942d42eedb,3895113,561,46.75,4768184333,3895113:33da9109-a7ef-4a4e-a9aa-b0942d42eedb,1,False
concurrency_n10_20260613_002350_kafka_feed7_rep1,kafka,sb-events-n10-feed7-rep1,1,5581,35057148100,86ce68ca-57a3-4495-8309-d66397796e67,3895052,562,46.833333333333336,4768878777,3895052:86ce68ca-57a3-4495-8309-d66397796e67,1,False
concurrency_n10_20260613_002350_kafka_feed7_rep1,kafka,sb-events-n10-feed7-rep1,2,5596,35066490300,b63ba05a-0566-49c9-b015-6bf55a59abb7,3895113,562,46.833333333333336,4768878777,3895113:b63ba05a-0566-49c9-b015-6bf55a59abb7,1,False
concurrency_n10_20260613_002350_kafka_feed7_rep1,kafka,sb-events-n10-feed7-rep1,1,5582,35066535400,f42f73e7-ae7d-4683-bf94-dcf6164d5621,3895113,562,46.833333333333336,4768878777,3895113:f42f73e7-ae7d-4683-bf94-dcf6164d5621,1,False
concurrency_n10_20260613_002350_kafka_feed7_rep1,kafka,sb-events-n10-feed7-rep1,0,5369,35075708500,282e0578-2dfb-424b-aa7f-f27e530978c6,3895113,562,46.833333333333336,4768878777,3895113:282e0578-2dfb-424b-aa7f-f27e530978c6,1,False
concurrency_n10_20260613_002350_kafka_feed7_rep1,kafka,sb-events-n10-feed7-rep1,2,5597,35075750100,bbb0feea-68e0-4535-993c-ac50e15abd87,3895113,562,46.833333333333336,4768878777,3895113:bbb0feea-68e0-4535-993c-ac50e15abd87,1,False
concurrency_n10_20260613_002350_kafka_feed7_rep1,kafka,sb-events-n10-feed7-rep1,0,5370,35081285300,ecd29e2b-a31e-4693-9112-e61c9b4704fc,3895134,563,46.91666666666666,4769573222,3895134:ecd29e2b-a31e-4693-9112-e61c9b4704fc,1,False
concurrency_n10_20260613_002350_kafka_feed7_rep1,kafka,sb-events-n10-feed7-rep1,2,5598,35081336800,e9972a5d-bd71-4307-8afc-8945594b52b9,3895060,563,46.91666666666666,4769573222,3895060:e9972a5d-bd71-4307-8afc-8945594b52b9,1,False
concurrency_n10_20260613_002350_kafka_feed7_rep1,kafka,sb-events-n10-feed7-rep1,2,5599,35090517800,f524e58e-1159-490f-9fd6-5e3be74f43ce,3895067,563,46.91666666666666,4769573222,3895067:f524e58e-1159-490f-9fd6-5e3be74f43ce,1,False
concurrency_n10_20260613_002350_kafka_feed7_rep1,kafka,sb-events-n10-feed7-rep1,2,5600,35090618800,3fb80ec5-a7a4-47b1-ad37-10866e0d0a07,3895067,563,46.91666666666666,4769573222,3895067:3fb80ec5-a7a4-47b1-ad37-10866e0d0a07,1,False
concurrency_n10_20260613_002350_kafka_feed7_rep1,kafka,sb-events-n10-feed7-rep1,0,5371,35098749400,06db91e0-abb2-46ee-84eb-7d5d5156a3d5,3895052,563,46.91666666666666,4769573222,3895052:06db91e0-abb2-46ee-84eb-7d5d5156a3d5,1,False
concurrency_n10_20260613_002350_kafka_feed7_rep1,kafka,sb-events-n10-feed7-rep1,2,5601,35098787100,d38152a9-beaf-4baa-a20c-7b9ab30bc942,3895067,563,46.91666666666666,4769573222,3895067:d38152a9-beaf-4baa-a20c-7b9ab30bc942,1,False
concurrency_n10_20260613_002350_kafka_feed7_rep1,kafka,sb-events-n10-feed7-rep1,0,5372,35103735800,4bd124dd-4b82-4bba-884c-46919b42647d,3895060,564,47.0,4770267666,3895060:4bd124dd-4b82-4bba-884c-46919b42647d,1,False
concurrency_n10_20260613_002350_kafka_feed7_rep1,kafka,sb-events-n10-feed7-rep1,2,5602,35111678300,abc73bc5-baf9-498e-96fd-e2db6a0bb05e,3895060,564,47.0,4770267666,3895060:abc73bc5-baf9-498e-96fd-e2db6a0bb05e,1,False
concurrency_n10_20260613_002350_kafka_feed7_rep1,kafka,sb-events-n10-feed7-rep1,1,5583,35119608000,609fb6dd-8540-439a-b616-ecabd68f7482,3895113,564,47.0,4770267666,3895113:609fb6dd-8540-439a-b616-ecabd68f7482,1,False
concurrency_n10_20260613_002350_kafka_feed7_rep1,kafka,sb-events-n10-feed7-rep1,2,5603,35119647100,0c2223f4-cd8c-4528-9ef6-35eaa67cab84,3895067,564,47.0,4770267666,3895067:0c2223f4-cd8c-4528-9ef6-35eaa67cab84,1,False
concurrency_n10_20260613_002350_kafka_feed7_rep1,kafka,sb-events-n10-feed7-rep1,2,5604,35124808700,ecbea6bc-c576-452e-b9b9-7cd529b60fd7,3895113,564,47.0,4770267666,3895113:ecbea6bc-c576-452e-b9b9-7cd529b60fd7,1,False
concurrency_n10_20260613_002350_kafka_feed7_rep1,kafka,sb-events-n10-feed7-rep1,2,5605,35124851100,f61244dd-1742-467e-816c-849a144abd5c,3895113,564,47.0,4770267666,3895113:f61244dd-1742-467e-816c-849a144abd5c,1,False
concurrency_n10_20260613_002350_kafka_feed7_rep1,kafka,sb-events-n10-feed7-rep1,1,5584,35129806100,8a932753-b413-4516-87f0-3dc6ad69a845,3895121,565,47.083333333333336,4770962111,3895121:8a932753-b413-4516-87f0-3dc6ad69a845,1,False
concurrency_n10_20260613_002350_kafka_feed7_rep1,kafka,sb-events-n10-feed7-rep1,1,5585,35141418700,bb5ed357-d8b5-44a3-8835-b969dba3555c,3895060,565,47.083333333333336,4770962111,3895060:bb5ed357-d8b5-44a3-8835-b969dba3555c,1,False
concurrency_n10_20260613_002350_kafka_feed7_rep1,kafka,sb-events-n10-feed7-rep1,2,5606,35146665000,692e3ebd-8ed8-4bc6-9715-2adb6d32961d,3895134,565,47.083333333333336,4770962111,3895134:692e3ebd-8ed8-4bc6-9715-2adb6d32961d,1,False
concurrency_n10_20260613_002350_kafka_feed7_rep1,kafka,sb-events-n10-feed7-rep1,2,5607,35146747600,b317b4ab-591f-4025-b660-69b0b91865c1,3895134,565,47.083333333333336,4770962111,3895134:b317b4ab-591f-4025-b660-69b0b91865c1,1,False
concurrency_n10_20260613_002350_kafka_feed7_rep1,kafka,sb-events-n10-feed7-rep1,0,5373,35155625500,554b1c6d-9aee-4611-8ed8-38c7c0c7e8fa,3895134,565,47.083333333333336,4770962111,3895134:554b1c6d-9aee-4611-8ed8-38c7c0c7e8fa,1,False
concurrency_n10_20260613_002350_kafka_feed7_rep1,kafka,sb-events-n10-feed7-rep1,2,5608,35160795900,cf2aab32-f699-444b-b047-595ad92c9e50,3895113,565,47.083333333333336,4770962111,3895113:cf2aab32-f699-444b-b047-595ad92c9e50,1,False
concurrency_n10_20260613_002350_kafka_feed7_rep1,kafka,sb-events-n10-feed7-rep1,0,5374,35160847800,058d670b-2399-456e-8420-862d0b2cf6a7,3895134,565,47.083333333333336,4770962111,3895134:058d670b-2399-456e-8420-862d0b2cf6a7,1,False
concurrency_n10_20260613_002350_kafka_feed7_rep1,kafka,sb-events-n10-feed7-rep1,2,5609,35168392800,db9f4659-660c-4da5-af41-197ce1cfbcaf,3895121,566,47.16666666666666,4771656555,3895121:db9f4659-660c-4da5-af41-197ce1cfbcaf,1,False
concurrency_n10_20260613_002350_kafka_feed7_rep1,kafka,sb-events-n10-feed7-rep1,2,5610,35168435500,6da8638f-22e2-498a-85c1-05ab2e07b258,3895121,566,47.16666666666666,4771656555,3895121:6da8638f-22e2-498a-85c1-05ab2e07b258,1,False
concurrency_n10_20260613_002350_kafka_feed7_rep1,kafka,sb-events-n10-feed7-rep1,1,5586,35174219400,ae3dc312-e545-4a15-b0bb-235550514b38,3895060,566,47.16666666666666,4771656555,3895060:ae3dc312-e545-4a15-b0bb-235550514b38,1,False
concurrency_n10_20260613_002350_kafka_feed7_rep1,kafka,sb-events-n10-feed7-rep1,2,5611,35185461200,29a763c8-e688-484b-9faf-cd734436e0a7,3895060,566,47.16666666666666,4771656555,3895060:29a763c8-e688-484b-9faf-cd734436e0a7,1,False
concurrency_n10_20260613_002350_kafka_feed7_rep1,kafka,sb-events-n10-feed7-rep1,1,5587,35185498200,a9be64a4-16aa-46ad-a2e1-7285994613dc,3895060,566,47.16666666666666,4771656555,3895060:a9be64a4-16aa-46ad-a2e1-7285994613dc,1,False
concurrency_n10_20260613_002350_kafka_feed7_rep1,kafka,sb-events-n10-feed7-rep1,0,5375,35195300900,435fe1a6-cf5b-494b-a06d-55317e35e187,3895134,566,47.16666666666666,4771656555,3895134:435fe1a6-cf5b-494b-a06d-55317e35e187,1,False
concurrency_n10_20260613_002350_kafka_feed7_rep1,kafka,sb-events-n10-feed7-rep1,2,5612,35202266000,49b784a4-5bc8-40cf-8e94-f0a3049b756a,3895134,566,47.16666666666666,4771656555,3895134:49b784a4-5bc8-40cf-8e94-f0a3049b756a,1,False
concurrency_n10_20260613_002350_kafka_feed7_rep1,kafka,sb-events-n10-feed7-rep1,1,5588,35209279900,add4c52f-bef3-4f9e-9e3a-9f3b12602dc7,3895134,566,47.16666666666666,4771656555,3895134:add4c52f-bef3-4f9e-9e3a-9f3b12602dc7,1,False
concurrency_n10_20260613_002350_kafka_feed7_rep1,kafka,sb-events-n10-feed7-rep1,1,5589,35209322000,bbad49fb-71c2-4fbf-901a-1295fa8cba46,3895060,567,47.25,4772351000,3895060:bbad49fb-71c2-4fbf-901a-1295fa8cba46,1,False
concurrency_n10_20260613_002350_kafka_feed7_rep1,kafka,sb-events-n10-feed7-rep1,1,5590,35214458400,0d499b61-56d7-444f-b1a1-34ab319882f8,3895067,567,47.25,4772351000,3895067:0d499b61-56d7-444f-b1a1-34ab319882f8,1,False
concurrency_n10_20260613_002350_kafka_feed7_rep1,kafka,sb-events-n10-feed7-rep1,0,5376,35222695600,9be861d7-d952-440c-9b03-985be6e791fa,3895067,567,47.25,4772351000,3895067:9be861d7-d952-440c-9b03-985be6e791fa,1,False
concurrency_n10_20260613_002350_kafka_feed7_rep1,kafka,sb-events-n10-feed7-rep1,1,5591,35222735900,a23bc1ec-70f0-4cee-ac65-c548c161e34c,3895113,567,47.25,4772351000,3895113:a23bc1ec-70f0-4cee-ac65-c548c161e34c,1,False
concurrency_n10_20260613_002350_kafka_feed7_rep1,kafka,sb-events-n10-feed7-rep1,2,5613,35236158000,d6dc199d-fe0f-4dca-873c-666cc4f7580b,3895074,568,47.333333333333336,4773045444,3895074:d6dc199d-fe0f-4dca-873c-666cc4f7580b,1,False
concurrency_n10_20260613_002350_kafka_feed7_rep1,kafka,sb-events-n10-feed7-rep1,1,5592,35236201600,1acb9806-886f-4bf8-a858-8b2f3b876ab4,3895113,567,47.25,4772351000,3895113:1acb9806-886f-4bf8-a858-8b2f3b876ab4,1,False
concurrency_n10_20260613_002350_kafka_feed7_rep1,kafka,sb-events-n10-feed7-rep1,0,5377,35242574300,b9041f26-493b-437f-a7da-3a6424b43560,3895134,568,47.333333333333336,4773045444,3895134:b9041f26-493b-437f-a7da-3a6424b43560,1,False
concurrency_n10_20260613_002350_kafka_feed7_rep1,kafka,sb-events-n10-feed7-rep1,0,5378,35242619200,4143af48-0f1a-438c-a7af-ab6981596e34,3895074,569,47.41666666666666,4773739888,3895074:4143af48-0f1a-438c-a7af-ab6981596e34,1,False
concurrency_n10_20260613_002350_kafka_feed7_rep1,kafka,sb-events-n10-feed7-rep1,1,5593,35242641100,4207d6a4-0228-4577-b031-4d416166a912,3895121,568,47.333333333333336,4773045444,3895121:4207d6a4-0228-4577-b031-4d416166a912,1,False
concurrency_n10_20260613_002350_kafka_feed7_rep1,kafka,sb-events-n10-feed7-rep1,0,5379,35250073200,5ecc44df-780b-422c-ba24-37d2b3e2438f,3895074,569,47.41666666666666,4773739888,3895074:5ecc44df-780b-422c-ba24-37d2b3e2438f,1,False
concurrency_n10_20260613_002350_kafka_feed7_rep1,kafka,sb-events-n10-feed7-rep1,2,5614,35260110500,ae9ea283-4d1d-4e4e-ab59-748ba8a34e98,3895121,569,47.41666666666666,4773739888,3895121:ae9ea283-4d1d-4e4e-ab59-748ba8a34e98,1,False
concurrency_n10_20260613_002350_kafka_feed7_rep1,kafka,sb-events-n10-feed7-rep1,0,5380,35260148200,3a16a221-9434-413f-9a6b-0a8fcaac7187,3895074,569,47.41666666666666,4773739888,3895074:3a16a221-9434-413f-9a6b-0a8fcaac7187,1,False
concurrency_n10_20260613_002350_kafka_feed7_rep1,kafka,sb-events-n10-feed7-rep1,1,5594,35267142200,b69cb150-6add-467e-95f5-373f645aec83,3895121,569,47.41666666666666,4773739888,3895121:b69cb150-6add-467e-95f5-373f645aec83,1,False
concurrency_n10_20260613_002350_kafka_feed7_rep1,kafka,sb-events-n10-feed7-rep1,2,5615,35267184500,e118cc39-f22c-4fd7-8959-0f87ccd83edb,3895121,569,47.41666666666666,4773739888,3895121:e118cc39-f22c-4fd7-8959-0f87ccd83edb,1,False
concurrency_n10_20260613_002350_kafka_feed7_rep1,kafka,sb-events-n10-feed7-rep1,2,5616,35267204800,ed41f0d9-2fcc-4f3e-b408-3a6332f3ccc2,3895134,569,47.41666666666666,4773739888,3895134:ed41f0d9-2fcc-4f3e-b408-3a6332f3ccc2,1,False
concurrency_n10_20260613_002350_kafka_feed7_rep1,kafka,sb-events-n10-feed7-rep1,0,5381,35280154900,d6277188-5e56-4821-865a-2136185eb9f8,3895134,569,47.41666666666666,4773739888,3895134:d6277188-5e56-4821-865a-2136185eb9f8,1,False
concurrency_n10_20260613_002350_kafka_feed7_rep1,kafka,sb-events-n10-feed7-rep1,1,5595,35280214600,62287493-880c-4ed1-8e95-2fc6c48f7406,3895134,569,47.41666666666666,4773739888,3895134:62287493-880c-4ed1-8e95-2fc6c48f7406,1,False
concurrency_n10_20260613_002350_kafka_feed7_rep1,kafka,sb-events-n10-feed7-rep1,1,5596,35280251500,94695ec3-fd04-4e7d-ad92-32a4b4910c85,3895134,569,47.41666666666666,4773739888,3895134:94695ec3-fd04-4e7d-ad92-32a4b4910c85,1,False
concurrency_n10_20260613_002350_kafka_feed7_rep1,kafka,sb-events-n10-feed7-rep1,0,5382,35288078400,498d3916-efb1-4f24-bf9b-394fcf3fb8aa,3895052,569,47.41666666666666,4773739888,3895052:498d3916-efb1-4f24-bf9b-394fcf3fb8aa,1,False
concurrency_n10_20260613_002350_kafka_feed7_rep1,kafka,sb-events-n10-feed7-rep1,0,5383,35293015400,82a04586-669c-4ea2-99d8-ed5037368a1d,3895113,569,47.41666666666666,4773739888,3895113:82a04586-669c-4ea2-99d8-ed5037368a1d,1,False
concurrency_n10_20260613_002350_kafka_feed7_rep1,kafka,sb-events-n10-feed7-rep1,1,5597,35299423500,0c595cc6-c86d-45aa-90be-80aad494ce6e,3895121,570,47.5,4774434333,3895121:0c595cc6-c86d-45aa-90be-80aad494ce6e,1,False
concurrency_n10_20260613_002350_kafka_feed7_rep1,kafka,sb-events-n10-feed7-rep1,0,5384,35305552700,12e6e67d-9811-4ba0-a908-f5a04b6d09cf,3895067,570,47.5,4774434333,3895067:12e6e67d-9811-4ba0-a908-f5a04b6d09cf,1,False
concurrency_n10_20260613_002350_kafka_feed7_rep1,kafka,sb-events-n10-feed7-rep1,2,5617,35312474300,aeab8653-2c7c-48d1-8e69-a7f408f6ebe0,3895134,570,47.5,4774434333,3895134:aeab8653-2c7c-48d1-8e69-a7f408f6ebe0,1,False
concurrency_n10_20260613_002350_kafka_feed7_rep1,kafka,sb-events-n10-feed7-rep1,1,5598,35312514300,ba2fee64-0a6b-4776-95ed-f065ac49eff6,3895134,570,47.5,4774434333,3895134:ba2fee64-0a6b-4776-95ed-f065ac49eff6,1,False
concurrency_n10_20260613_002350_kafka_feed7_rep1,kafka,sb-events-n10-feed7-rep1,1,5599,35319761100,544cac47-5c40-405d-b6d0-62165e550723,3895113,570,47.5,4774434333,3895113:544cac47-5c40-405d-b6d0-62165e550723,1,False
concurrency_n10_20260613_002350_kafka_feed7_rep1,kafka,sb-events-n10-feed7-rep1,0,5385,35331002600,715129f6-aac2-40bb-9334-8c49a26fc045,3895121,571,47.583333333333336,4775128777,3895121:715129f6-aac2-40bb-9334-8c49a26fc045,1,False
concurrency_n10_20260613_002350_kafka_feed7_rep1,kafka,sb-events-n10-feed7-rep1,1,5600,35331046400,8b305c0c-e9f9-4e2d-bcaa-23e4552182a9,3895121,571,47.583333333333336,4775128777,3895121:8b305c0c-e9f9-4e2d-bcaa-23e4552182a9,1,False
concurrency_n10_20260613_002350_kafka_feed7_rep1,kafka,sb-events-n10-feed7-rep1,1,5601,35331068400,7dcc71fb-6a76-4e95-9839-a311460a34bd,3895121,571,47.583333333333336,4775128777,3895121:7dcc71fb-6a76-4e95-9839-a311460a34bd,1,False
concurrency_n10_20260613_002350_kafka_feed7_rep1,kafka,sb-events-n10-feed7-rep1,0,5386,35340061400,7220c3ce-1994-4b3e-b8ad-820ec2f7be2d,3895067,571,47.583333333333336,4775128777,3895067:7220c3ce-1994-4b3e-b8ad-820ec2f7be2d,1,False
concurrency_n10_20260613_002350_kafka_feed7_rep1,kafka,sb-events-n10-feed7-rep1,0,5387,35340107800,a3d79461-7ba9-4564-9c6d-897f19ef3a64,3895134,571,47.583333333333336,4775128777,3895134:a3d79461-7ba9-4564-9c6d-897f19ef3a64,1,False
concurrency_n10_20260613_002350_kafka_feed7_rep1,kafka,sb-events-n10-feed7-rep1,1,5602,35340133500,bbdc363f-ddad-4a3c-b497-24be542c3737,3895067,571,47.583333333333336,4775128777,3895067:bbdc363f-ddad-4a3c-b497-24be542c3737,1,False
concurrency_n10_20260613_002350_kafka_feed7_rep1,kafka,sb-events-n10-feed7-rep1,2,5618,35352579100,29363af0-2353-4423-b976-37fa82d94740,3895134,571,47.583333333333336,4775128777,3895134:29363af0-2353-4423-b976-37fa82d94740,1,False
concurrency_n10_20260613_002350_kafka_feed7_rep1,kafka,sb-events-n10-feed7-rep1,2,5619,35352650200,e838d752-a46c-4ab6-b347-0f20bebe3fa9,3895052,571,47.583333333333336,4775128777,3895052:e838d752-a46c-4ab6-b347-0f20bebe3fa9,1,False
concurrency_n10_20260613_002350_kafka_feed7_rep1,kafka,sb-events-n10-feed7-rep1,1,5603,35360184300,88975cca-31fe-4a50-b622-4fb93865a601,3895052,571,47.583333333333336,4775128777,3895052:88975cca-31fe-4a50-b622-4fb93865a601,1,False
concurrency_n10_20260613_002350_kafka_feed7_rep1,kafka,sb-events-n10-feed7-rep1,1,5604,35360227700,1db38ded-2eec-4ccc-952c-59dbc482485a,3895074,572,47.66666666666666,4775823222,3895074:1db38ded-2eec-4ccc-952c-59dbc482485a,1,False
concurrency_n10_20260613_002350_kafka_feed7_rep1,kafka,sb-events-n10-feed7-rep1,0,5388,35369262800,9a741e55-d2cd-45fc-823d-7d38ae02b3f6,3895121,572,47.66666666666666,4775823222,3895121:9a741e55-d2cd-45fc-823d-7d38ae02b3f6,1,False
concurrency_n10_20260613_002350_kafka_feed7_rep1,kafka,sb-events-n10-feed7-rep1,2,5620,35369308800,43d43481-ebe4-4d6e-8388-55250d1a3131,3895134,572,47.66666666666666,4775823222,3895134:43d43481-ebe4-4d6e-8388-55250d1a3131,1,False
concurrency_n10_20260613_002350_kafka_feed7_rep1,kafka,sb-events-n10-feed7-rep1,1,5605,35369340200,6cf6ed29-f0fe-46e6-8365-74b2cf732543,3895121,572,47.66666666666666,4775823222,3895121:6cf6ed29-f0fe-46e6-8365-74b2cf732543,1,False
concurrency_n10_20260613_002350_kafka_feed7_rep1,kafka,sb-events-n10-feed7-rep1,0,5389,35377085000,55234fec-33e8-446b-9245-ce746400f97f,3895134,572,47.66666666666666,4775823222,3895134:55234fec-33e8-446b-9245-ce746400f97f,1,False
concurrency_n10_20260613_002350_kafka_feed7_rep1,kafka,sb-events-n10-feed7-rep1,2,5621,35377330800,fd52e903-b306-4c1c-a68f-dcdcf71fef24,3895134,572,47.66666666666666,4775823222,3895134:fd52e903-b306-4c1c-a68f-dcdcf71fef24,1,False
concurrency_n10_20260613_002350_kafka_feed7_rep1,kafka,sb-events-n10-feed7-rep1,1,5606,35389036200,ab509877-2fc3-4aa9-8158-d1f5ebe8da6d,3895052,572,47.66666666666666,4775823222,3895052:ab509877-2fc3-4aa9-8158-d1f5ebe8da6d,1,False
concurrency_n10_20260613_002350_kafka_feed7_rep1,kafka,sb-events-n10-feed7-rep1,0,5390,35389714500,943ef8eb-5292-4c53-8072-91c657571f42,3895052,572,47.66666666666666,4775823222,3895052:943ef8eb-5292-4c53-8072-91c657571f42,1,False
concurrency_n10_20260613_002350_kafka_feed7_rep1,kafka,sb-events-n10-feed7-rep1,2,5622,35389752000,3ea8a716-0bb8-43be-b33c-dfa6014257ac,3895074,573,47.75,4776517666,3895074:3ea8a716-0bb8-43be-b33c-dfa6014257ac,1,False
concurrency_n10_20260613_002350_kafka_feed7_rep1,kafka,sb-events-n10-feed7-rep1,0,5391,35395062300,d5b4c99c-7c16-47cf-b5b3-c48c1d852fd8,3895121,573,47.75,4776517666,3895121:d5b4c99c-7c16-47cf-b5b3-c48c1d852fd8,1,False
concurrency_n10_20260613_002350_kafka_feed7_rep1,kafka,sb-events-n10-feed7-rep1,0,5392,35395101500,249bd339-ce23-492c-b3cf-b7214716e130,3895067,573,47.75,4776517666,3895067:249bd339-ce23-492c-b3cf-b7214716e130,1,False
concurrency_n10_20260613_002350_kafka_feed7_rep1,kafka,sb-events-n10-feed7-rep1,1,5607,35400298400,f9b530b9-7dc4-48e9-bf73-ced6b0b1925a,3895134,573,47.75,4776517666,3895134:f9b530b9-7dc4-48e9-bf73-ced6b0b1925a,1,False
concurrency_n10_20260613_002350_kafka_feed7_rep1,kafka,sb-events-n10-feed7-rep1,1,5608,35411586200,fb1a9369-b9d5-4fd7-ac71-aa651f0168e9,3895052,573,47.75,4776517666,3895052:fb1a9369-b9d5-4fd7-ac71-aa651f0168e9,1,False
concurrency_n10_20260613_002350_kafka_feed7_rep1,kafka,sb-events-n10-feed7-rep1,1,5609,35411683900,2dda5918-4209-4100-960e-e3edb058d48d,3895052,573,47.75,4776517666,3895052:2dda5918-4209-4100-960e-e3edb058d48d,1,False
concurrency_n10_20260613_002350_kafka_feed7_rep1,kafka,sb-events-n10-feed7-rep1,0,5393,35422926500,0bcbb1c4-b220-4298-9847-5f821da04e9a,3895113,573,47.75,4776517666,3895113:0bcbb1c4-b220-4298-9847-5f821da04e9a,1,False
concurrency_n10_20260613_002350_kafka_feed7_rep1,kafka,sb-events-n10-feed7-rep1,0,5394,35422970100,8d5e711c-8993-4de5-ac7a-7ebccc01baf8,3895113,573,47.75,4776517666,3895113:8d5e711c-8993-4de5-ac7a-7ebccc01baf8,1,False
concurrency_n10_20260613_002350_kafka_feed7_rep1,kafka,sb-events-n10-feed7-rep1,1,5610,35422993700,1dae3789-5635-4d14-80fc-efd3c40db3b5,3895052,573,47.75,4776517666,3895052:1dae3789-5635-4d14-80fc-efd3c40db3b5,1,False
concurrency_n10_20260613_002350_kafka_feed7_rep1,kafka,sb-events-n10-feed7-rep1,0,5395,35426369400,fec8d35a-02e4-4e46-99cd-8782881124ea,3895074,574,47.833333333333336,4777212111,3895074:fec8d35a-02e4-4e46-99cd-8782881124ea,1,False
concurrency_n10_20260613_002350_kafka_feed7_rep1,kafka,sb-events-n10-feed7-rep1,2,5623,35432820800,f9c117a9-8333-4dca-8508-4cd6b1ed4bf7,3895074,574,47.833333333333336,4777212111,3895074:f9c117a9-8333-4dca-8508-4cd6b1ed4bf7,1,False
concurrency_n10_20260613_002350_kafka_feed7_rep1,kafka,sb-events-n10-feed7-rep1,0,5396,35438071800,ae054521-50e4-4650-88dc-56beb4f776e6,3895074,574,47.833333333333336,4777212111,3895074:ae054521-50e4-4650-88dc-56beb4f776e6,1,False
concurrency_n10_20260613_002350_kafka_feed7_rep1,kafka,sb-events-n10-feed7-rep1,1,5611,35443716600,2ab1b2f9-6737-4a08-885e-10b6be2bb13c,3895121,574,47.833333333333336,4777212111,3895121:2ab1b2f9-6737-4a08-885e-10b6be2bb13c,1,False
concurrency_n10_20260613_002350_kafka_feed7_rep1,kafka,sb-events-n10-feed7-rep1,2,5624,35443764000,e7ab799d-7eea-4ae5-a2e6-46a4ad5a46ed,3895074,574,47.833333333333336,4777212111,3895074:e7ab799d-7eea-4ae5-a2e6-46a4ad5a46ed,1,False
concurrency_n10_20260613_002350_kafka_feed7_rep1,kafka,sb-events-n10-feed7-rep1,1,5612,35452735400,596f2d53-66d8-4a23-b0a3-94edc6df8281,3895067,574,47.833333333333336,4777212111,3895067:596f2d53-66d8-4a23-b0a3-94edc6df8281,1,False
concurrency_n10_20260613_002350_kafka_feed7_rep1,kafka,sb-events-n10-feed7-rep1,2,5625,35452780500,d8d8428e-76c9-4881-b4ed-0b13a72e0565,3895121,574,47.833333333333336,4777212111,3895121:d8d8428e-76c9-4881-b4ed-0b13a72e0565,1,False
concurrency_n10_20260613_002350_kafka_feed7_rep1,kafka,sb-events-n10-feed7-rep1,0,5397,35463529400,8c02596a-6342-4489-8bbd-b18c0c84026a,3895067,574,47.833333333333336,4777212111,3895067:8c02596a-6342-4489-8bbd-b18c0c84026a,1,False
concurrency_n10_20260613_002350_kafka_feed7_rep1,kafka,sb-events-n10-feed7-rep1,0,5398,35463572700,a3349cce-9229-41e9-8ccc-a5efc421a6f2,3895134,574,47.833333333333336,4777212111,3895134:a3349cce-9229-41e9-8ccc-a5efc421a6f2,1,False
concurrency_n10_20260613_002350_kafka_feed7_rep1,kafka,sb-events-n10-feed7-rep1,1,5613,35463595200,44e48928-bcd2-425d-bcd2-88b4b3e10764,3895134,574,47.833333333333336,4777212111,3895134:44e48928-bcd2-425d-bcd2-88b4b3e10764,1,False
concurrency_n10_20260613_002350_kafka_feed7_rep1,kafka,sb-events-n10-feed7-rep1,2,5626,35471473200,4acfe84d-7381-4822-a218-7728e9b84f0f,3895134,574,47.833333333333336,4777212111,3895134:4acfe84d-7381-4822-a218-7728e9b84f0f,1,False
concurrency_n10_20260613_002350_kafka_feed7_rep1,kafka,sb-events-n10-feed7-rep1,2,5627,35471519200,2b5f9db5-ec05-4a07-a5f4-075a0ae73ace,3895086,574,47.833333333333336,4777212111,3895086:2b5f9db5-ec05-4a07-a5f4-075a0ae73ace,1,False
concurrency_n10_20260613_002350_kafka_feed7_rep1,kafka,sb-events-n10-feed7-rep1,0,5399,35477503700,8b90acda-680a-4983-88c4-e77ee2e520d2,3895052,574,47.833333333333336,4777212111,3895052:8b90acda-680a-4983-88c4-e77ee2e520d2,1,False
concurrency_n10_20260613_002350_kafka_feed7_rep1,kafka,sb-events-n10-feed7-rep1,2,5628,35477543000,7199c049-130c-485e-8717-eed79cf6473e,3895052,574,47.833333333333336,4777212111,3895052:7199c049-130c-485e-8717-eed79cf6473e,1,False
concurrency_n10_20260613_002350_kafka_feed7_rep1,kafka,sb-events-n10-feed7-rep1,1,5614,35485245400,12f5d714-255c-4b77-b547-77df0d331ded,3895113,574,47.833333333333336,4777212111,3895113:12f5d714-255c-4b77-b547-77df0d331ded,1,False
concurrency_n10_20260613_002350_kafka_feed7_rep1,kafka,sb-events-n10-feed7-rep1,2,5629,35485285300,19395768-0b78-473c-b1b1-61eda33bc094,3895113,574,47.833333333333336,4777212111,3895113:19395768-0b78-473c-b1b1-61eda33bc094,1,False
concurrency_n10_20260613_002350_kafka_feed7_rep1,kafka,sb-events-n10-feed7-rep1,1,5615,35492796200,74bcdb7e-b4a3-40c3-8702-ef661db0155a,3895121,575,47.91666666666666,4777906555,3895121:74bcdb7e-b4a3-40c3-8702-ef661db0155a,1,False
concurrency_n10_20260613_002350_kafka_feed7_rep1,kafka,sb-events-n10-feed7-rep1,0,5400,35509543800,485c6144-6361-4d77-a04e-9c1ed63426f0,3895107,575,47.91666666666666,4777906555,3895107:485c6144-6361-4d77-a04e-9c1ed63426f0,1,False
concurrency_n10_20260613_002350_kafka_feed7_rep1,kafka,sb-events-n10-feed7-rep1,2,5630,35509589400,d5ebcc59-0d70-4f75-be32-b9bf306ede6d,3895121,576,48.0,4778601000,3895121:d5ebcc59-0d70-4f75-be32-b9bf306ede6d,1,False
concurrency_n10_20260613_002350_kafka_feed7_rep1,kafka,sb-events-n10-feed7-rep1,2,5631,35509614300,ac26105e-fbcb-4f13-9b1d-a042b7bbb33b,3895121,576,48.0,4778601000,3895121:ac26105e-fbcb-4f13-9b1d-a042b7bbb33b,1,False
concurrency_n10_20260613_002350_kafka_feed7_rep1,kafka,sb-events-n10-feed7-rep1,1,5616,35509710500,6efe26ce-d9e7-4d1c-9b78-3fa828b115be,3895074,576,48.0,4778601000,3895074:6efe26ce-d9e7-4d1c-9b78-3fa828b115be,1,False
concurrency_n10_20260613_002350_kafka_feed7_rep1,kafka,sb-events-n10-feed7-rep1,0,5401,35518463300,2192e17c-695d-4241-ad3a-adb09073f21b,3895121,576,48.0,4778601000,3895121:2192e17c-695d-4241-ad3a-adb09073f21b,1,False
concurrency_n10_20260613_002350_kafka_feed7_rep1,kafka,sb-events-n10-feed7-rep1,2,5632,35518503600,fe9872b2-9d59-431d-a963-6c10708ce1da,3895067,576,48.0,4778601000,3895067:fe9872b2-9d59-431d-a963-6c10708ce1da,1,False
concurrency_n10_20260613_002350_kafka_feed7_rep1,kafka,sb-events-n10-feed7-rep1,1,5617,35530196200,8dda5da9-19e2-4ea6-ab79-a0867e90239c,3895095,577,48.083333333333336,4779295444,3895095:8dda5da9-19e2-4ea6-ab79-a0867e90239c,1,False
concurrency_n10_20260613_002350_kafka_feed7_rep1,kafka,sb-events-n10-feed7-rep1,1,5618,35530236400,330d23cc-c68b-4abb-93b1-62511656376a,3895074,577,48.083333333333336,4779295444,3895074:330d23cc-c68b-4abb-93b1-62511656376a,1,False
concurrency_n10_20260613_002350_kafka_feed7_rep1,kafka,sb-events-n10-feed7-rep1,0,5402,35530258400,5ec70097-2e02-49bb-9982-c006e40c1594,3895086,576,48.0,4778601000,3895086:5ec70097-2e02-49bb-9982-c006e40c1594,1,False
concurrency_n10_20260613_002350_kafka_feed7_rep1,kafka,sb-events-n10-feed7-rep1,0,5403,35540914400,1d9edec0-5b27-45ad-96af-ada428ee719d,3895074,577,48.083333333333336,4779295444,3895074:1d9edec0-5b27-45ad-96af-ada428ee719d,1,False
concurrency_n10_20260613_002350_kafka_feed7_rep1,kafka,sb-events-n10-feed7-rep1,2,5633,35548200800,6eb1a20d-8605-47f7-a06c-978069a3e269,3895121,577,48.083333333333336,4779295444,3895121:6eb1a20d-8605-47f7-a06c-978069a3e269,1,False
concurrency_n10_20260613_002350_kafka_feed7_rep1,kafka,sb-events-n10-feed7-rep1,1,5619,35548243100,1e0d08d8-5dad-4be4-8e3d-b29725e55eb2,3895121,577,48.083333333333336,4779295444,3895121:1e0d08d8-5dad-4be4-8e3d-b29725e55eb2,1,False
concurrency_n10_20260613_002350_kafka_feed7_rep1,kafka,sb-events-n10-feed7-rep1,2,5634,35560762000,9027b7b2-378a-4f24-a52f-05c83d32d245,3895107,577,48.083333333333336,4779295444,3895107:9027b7b2-378a-4f24-a52f-05c83d32d245,1,False
concurrency_n10_20260613_002350_kafka_feed7_rep1,kafka,sb-events-n10-feed7-rep1,2,5635,35560930100,3501862c-2758-4201-a40b-b95d554e6457,3895107,577,48.083333333333336,4779295444,3895107:3501862c-2758-4201-a40b-b95d554e6457,1,False
concurrency_n10_20260613_002350_kafka_feed7_rep1,kafka,sb-events-n10-feed7-rep1,1,5620,35572937100,82b64c2b-7393-440f-bc6b-a47e02f6b722,3895107,577,48.083333333333336,4779295444,3895107:82b64c2b-7393-440f-bc6b-a47e02f6b722,1,False
concurrency_n10_20260613_002350_kafka_feed7_rep1,kafka,sb-events-n10-feed7-rep1,2,5636,35572975200,c7f7e256-15ad-4c70-988c-b1ea0c3e1771,3895086,577,48.083333333333336,4779295444,3895086:c7f7e256-15ad-4c70-988c-b1ea0c3e1771,1,False
concurrency_n10_20260613_002350_kafka_feed7_rep1,kafka,sb-events-n10-feed7-rep1,1,5621,35579326700,9504210d-0a74-4674-87d1-40e9820a7635,3895052,577,48.083333333333336,4779295444,3895052:9504210d-0a74-4674-87d1-40e9820a7635,1,False
concurrency_n10_20260613_002350_kafka_feed7_rep1,kafka,sb-events-n10-feed7-rep1,1,5622,35584020400,d6e3276d-1d76-459b-bdaa-285f24adb999,3895113,577,48.083333333333336,4779295444,3895113:d6e3276d-1d76-459b-bdaa-285f24adb999,1,False
concurrency_n10_20260613_002350_kafka_feed7_rep1,kafka,sb-events-n10-feed7-rep1,2,5637,35589231700,8d663b5e-05b6-4fe3-982b-e6ccdb91ac07,3895113,577,48.083333333333336,4779295444,3895113:8d663b5e-05b6-4fe3-982b-e6ccdb91ac07,1,False
concurrency_n10_20260613_002350_kafka_feed7_rep1,kafka,sb-events-n10-feed7-rep1,0,5404,35601196600,c1e37455-ff85-42ac-ba62-7ddcb5049d00,3895067,578,48.16666666666666,4779989888,3895067:c1e37455-ff85-42ac-ba62-7ddcb5049d00,1,False
concurrency_n10_20260613_002350_kafka_feed7_rep1,kafka,sb-events-n10-feed7-rep1,1,5623,35601238200,514df5c9-615b-4951-87a5-600e1487f35c,3895107,578,48.16666666666666,4779989888,3895107:514df5c9-615b-4951-87a5-600e1487f35c,1,False
concurrency_n10_20260613_002350_kafka_feed7_rep1,kafka,sb-events-n10-feed7-rep1,0,5405,35610225200,1acaf70d-3037-4637-8830-b34157ea49f4,3895067,578,48.16666666666666,4779989888,3895067:1acaf70d-3037-4637-8830-b34157ea49f4,1,False
concurrency_n10_20260613_002350_kafka_feed7_rep1,kafka,sb-events-n10-feed7-rep1,1,5624,35610267900,fd006d44-2ee6-445a-aa8a-393b20bcff1c,3895074,579,48.25,4780684333,3895074:fd006d44-2ee6-445a-aa8a-393b20bcff1c,1,False
concurrency_n10_20260613_002350_kafka_feed7_rep1,kafka,sb-events-n10-feed7-rep1,1,5625,35610289300,b61fab98-a6e0-4a32-b7e7-883f80a70d36,3895121,579,48.25,4780684333,3895121:b61fab98-a6e0-4a32-b7e7-883f80a70d36,1,False
concurrency_n10_20260613_002350_kafka_feed7_rep1,kafka,sb-events-n10-feed7-rep1,2,5638,35622520500,f3a33620-83eb-4f9d-93b8-8f12b8874b10,3895067,579,48.25,4780684333,3895067:f3a33620-83eb-4f9d-93b8-8f12b8874b10,1,False
concurrency_n10_20260613_002350_kafka_feed7_rep1,kafka,sb-events-n10-feed7-rep1,2,5639,35622570000,a4dbeb96-2862-4c2b-93f8-b996f946ed69,3895067,579,48.25,4780684333,3895067:a4dbeb96-2862-4c2b-93f8-b996f946ed69,1,False
concurrency_n10_20260613_002350_kafka_feed7_rep1,kafka,sb-events-n10-feed7-rep1,2,5640,35629313300,de736173-7b94-48a1-9b15-3e529c34349b,3895067,579,48.25,4780684333,3895067:de736173-7b94-48a1-9b15-3e529c34349b,1,False
concurrency_n10_20260613_002350_kafka_feed7_rep1,kafka,sb-events-n10-feed7-rep1,2,5641,35629359600,399fcced-37b1-496e-969f-d2568e5dda43,3895086,579,48.25,4780684333,3895086:399fcced-37b1-496e-969f-d2568e5dda43,1,False
concurrency_n10_20260613_002350_kafka_feed7_rep1,kafka,sb-events-n10-feed7-rep1,0,5406,35641438800,f00d1a0d-3f91-4487-88ab-397cee279024,3895052,579,48.25,4780684333,3895052:f00d1a0d-3f91-4487-88ab-397cee279024,1,False
concurrency_n10_20260613_002350_kafka_feed7_rep1,kafka,sb-events-n10-feed7-rep1,2,5642,35641492200,44936a01-9dbe-4db5-b92e-14f4b4229339,3895052,579,48.25,4780684333,3895052:44936a01-9dbe-4db5-b92e-14f4b4229339,1,False
concurrency_n10_20260613_002350_kafka_feed7_rep1,kafka,sb-events-n10-feed7-rep1,2,5643,35651920200,0fb7f4fe-944a-4419-84e5-274e4c29cb41,3895052,579,48.25,4780684333,3895052:0fb7f4fe-944a-4419-84e5-274e4c29cb41,1,False
concurrency_n10_20260613_002350_kafka_feed7_rep1,kafka,sb-events-n10-feed7-rep1,2,5644,35651961000,26926823-2671-44ab-a8b0-79cebc31dac5,3895095,580,48.333333333333336,4781378777,3895095:26926823-2671-44ab-a8b0-79cebc31dac5,1,False
concurrency_n10_20260613_002350_kafka_feed7_rep1,kafka,sb-events-n10-feed7-rep1,1,5626,35662706900,06f17fd1-cb74-4096-8974-2340bfe25f2d,3895095,580,48.333333333333336,4781378777,3895095:06f17fd1-cb74-4096-8974-2340bfe25f2d,1,False
concurrency_n10_20260613_002350_kafka_feed7_rep1,kafka,sb-events-n10-feed7-rep1,0,5407,35662747500,03878179-d332-4d06-b754-b72c00c252be,3895074,580,48.333333333333336,4781378777,3895074:03878179-d332-4d06-b754-b72c00c252be,1,False
concurrency_n10_20260613_002350_kafka_feed7_rep1,kafka,sb-events-n10-feed7-rep1,0,5408,35669102100,47c6df2d-d37a-4e2b-b740-93b358bdd219,3895074,580,48.333333333333336,4781378777,3895074:47c6df2d-d37a-4e2b-b740-93b358bdd219,1,False
concurrency_n10_20260613_002350_kafka_feed7_rep1,kafka,sb-events-n10-feed7-rep1,0,5409,35669141800,2afc41b2-4d4a-4d1e-937c-5240c039f51d,3895121,580,48.333333333333336,4781378777,3895121:2afc41b2-4d4a-4d1e-937c-5240c039f51d,1,False
concurrency_n10_20260613_002350_kafka_feed7_rep1,kafka,sb-events-n10-feed7-rep1,1,5627,35678948400,6d1f2668-9ae8-42cb-b2d7-b6f477fa210e,3895121,580,48.333333333333336,4781378777,3895121:6d1f2668-9ae8-42cb-b2d7-b6f477fa210e,1,False
concurrency_n10_20260613_002350_kafka_feed7_rep1,kafka,sb-events-n10-feed7-rep1,0,5410,35689325500,c2905112-a6a1-4371-99a0-b3c99454cc7b,3895067,580,48.333333333333336,4781378777,3895067:c2905112-a6a1-4371-99a0-b3c99454cc7b,1,False
concurrency_n10_20260613_002350_kafka_feed7_rep1,kafka,sb-events-n10-feed7-rep1,1,5628,35689367300,07161a20-941d-47d1-91f5-1e46df08ae8f,3895086,580,48.333333333333336,4781378777,3895086:07161a20-941d-47d1-91f5-1e46df08ae8f,1,False
concurrency_n10_20260613_002350_kafka_feed7_rep1,kafka,sb-events-n10-feed7-rep1,2,5645,35702322600,6e774bb4-a1e1-4dfa-98e0-3a901ceb87fd,3895086,580,48.333333333333336,4781378777,3895086:6e774bb4-a1e1-4dfa-98e0-3a901ceb87fd,1,False
concurrency_n10_20260613_002350_kafka_feed7_rep1,kafka,sb-events-n10-feed7-rep1,1,5629,35702390900,26bc86da-748c-461a-82a8-48cfafcb8b23,3895113,580,48.333333333333336,4781378777,3895113:26bc86da-748c-461a-82a8-48cfafcb8b23,1,False
concurrency_n10_20260613_002350_kafka_feed7_rep1,kafka,sb-events-n10-feed7-rep1,0,5411,35707931300,3e16077f-8888-4a37-9f41-aaf81610729c,3895113,580,48.333333333333336,4781378777,3895113:3e16077f-8888-4a37-9f41-aaf81610729c,1,False
concurrency_n10_20260613_002350_kafka_feed7_rep1,kafka,sb-events-n10-feed7-rep1,0,5412,35707989100,aaf8057c-333d-4648-9307-2648b6b38225,3895121,581,48.41666666666666,4782073222,3895121:aaf8057c-333d-4648-9307-2648b6b38225,1,False
concurrency_n10_20260613_002350_kafka_feed7_rep1,kafka,sb-events-n10-feed7-rep1,2,5646,35708012500,126d8b10-79d0-4513-b666-aa12d29b5919,3895113,580,48.333333333333336,4781378777,3895113:126d8b10-79d0-4513-b666-aa12d29b5919,1,False
concurrency_n10_20260613_002350_kafka_feed7_rep1,kafka,sb-events-n10-feed7-rep1,1,5630,35732952600,15708b87-1ca9-489a-9fa0-ece9c6c24d40,3895095,582,48.5,4782767666,3895095:15708b87-1ca9-489a-9fa0-ece9c6c24d40,1,False
concurrency_n10_20260613_002350_kafka_feed7_rep1,kafka,sb-events-n10-feed7-rep1,0,5413,35732994400,a13bf632-3dbd-469c-a5cf-bb14853ea364,3895095,582,48.5,4782767666,3895095:a13bf632-3dbd-469c-a5cf-bb14853ea364,1,False
concurrency_n10_20260613_002350_kafka_feed7_rep1,kafka,sb-events-n10-feed7-rep1,0,5414,35733017500,e8e057c1-643b-4f62-aac5-d4e64d879faa,3895074,582,48.5,4782767666,3895074:e8e057c1-643b-4f62-aac5-d4e64d879faa,1,False
concurrency_n10_20260613_002350_kafka_feed7_rep1,kafka,sb-events-n10-feed7-rep1,2,5647,35741732000,f3d4cb1e-d5ae-4ed8-b435-5bf99155b9d1,3895067,582,48.5,4782767666,3895067:f3d4cb1e-d5ae-4ed8-b435-5bf99155b9d1,1,False
concurrency_n10_20260613_002350_kafka_feed7_rep1,kafka,sb-events-n10-feed7-rep1,0,5415,35741890000,407a488f-1875-42e4-8467-91a113a9ca14,3895121,582,48.5,4782767666,3895121:407a488f-1875-42e4-8467-91a113a9ca14,1,False
concurrency_n10_20260613_002350_kafka_feed7_rep1,kafka,sb-events-n10-feed7-rep1,0,5416,35741914900,8af7f37f-0855-4c04-8ab2-2b8022f0301a,3895121,582,48.5,4782767666,3895121:8af7f37f-0855-4c04-8ab2-2b8022f0301a,1,False
concurrency_n10_20260613_002350_kafka_feed7_rep1,kafka,sb-events-n10-feed7-rep1,0,5417,35741981800,a52e8dda-066e-4fab-ac60-e599fb9146b9,3895067,582,48.5,4782767666,3895067:a52e8dda-066e-4fab-ac60-e599fb9146b9,1,False
concurrency_n10_20260613_002350_kafka_feed7_rep1,kafka,sb-events-n10-feed7-rep1,0,5418,35749991700,6a1ac214-62a2-464d-8e27-b542815426b9,3895052,582,48.5,4782767666,3895052:6a1ac214-62a2-464d-8e27-b542815426b9,1,False
concurrency_n10_20260613_002350_kafka_feed7_rep1,kafka,sb-events-n10-feed7-rep1,1,5631,35754952200,654b5170-715f-4121-b1a4-1b2fa6d41363,3895113,582,48.5,4782767666,3895113:654b5170-715f-4121-b1a4-1b2fa6d41363,1,False
concurrency_n10_20260613_002350_kafka_feed7_rep1,kafka,sb-events-n10-feed7-rep1,1,5632,35768671800,8002ac93-fea2-48c7-a08e-89645a85ed71,3895095,583,48.583333333333336,4783462111,3895095:8002ac93-fea2-48c7-a08e-89645a85ed71,1,False
concurrency_n10_20260613_002350_kafka_feed7_rep1,kafka,sb-events-n10-feed7-rep1,2,5648,35780250900,d163cfe2-ca06-4dfc-a6f1-b93b3c6968aa,3895095,583,48.583333333333336,4783462111,3895095:d163cfe2-ca06-4dfc-a6f1-b93b3c6968aa,1,False
concurrency_n10_20260613_002350_kafka_feed7_rep1,kafka,sb-events-n10-feed7-rep1,0,5419,35780300800,2bc6ac86-5796-4188-938a-a55395c05826,3895074,583,48.583333333333336,4783462111,3895074:2bc6ac86-5796-4188-938a-a55395c05826,1,False
concurrency_n10_20260613_002350_kafka_feed7_rep1,kafka,sb-events-n10-feed7-rep1,0,5420,35780333500,df464102-1945-47e6-9b71-2d042cca530d,3895074,583,48.583333333333336,4783462111,3895074:df464102-1945-47e6-9b71-2d042cca530d,1,False
concurrency_n10_20260613_002350_kafka_feed7_rep1,kafka,sb-events-n10-feed7-rep1,0,5421,35784817300,bd14667d-5e2c-413d-808f-3c81cce91e4e,3895121,583,48.583333333333336,4783462111,3895121:bd14667d-5e2c-413d-808f-3c81cce91e4e,1,False
concurrency_n10_20260613_002350_kafka_feed7_rep1,kafka,sb-events-n10-feed7-rep1,0,5422,35784883900,25817096-b252-46b1-afcb-457f6547860c,3895095,584,48.66666666666666,4784156555,3895095:25817096-b252-46b1-afcb-457f6547860c,1,False
concurrency_n10_20260613_002350_kafka_feed7_rep1,kafka,sb-events-n10-feed7-rep1,2,5649,35792068800,5f3b5117-1fa6-43b6-95f2-4100eddf6b91,3895095,584,48.66666666666666,4784156555,3895095:5f3b5117-1fa6-43b6-95f2-4100eddf6b91,1,False
concurrency_n10_20260613_002350_kafka_feed7_rep1,kafka,sb-events-n10-feed7-rep1,2,5650,35796979400,6dacc37b-35b7-48c3-bf50-20da75990c64,3895095,584,48.66666666666666,4784156555,3895095:6dacc37b-35b7-48c3-bf50-20da75990c64,1,False
concurrency_n10_20260613_002350_kafka_feed7_rep1,kafka,sb-events-n10-feed7-rep1,1,5633,35806889700,2be6cb1e-6475-475d-8e73-3d17196b4796,3895121,584,48.66666666666666,4784156555,3895121:2be6cb1e-6475-475d-8e73-3d17196b4796,1,False
concurrency_n10_20260613_002350_kafka_feed7_rep1,kafka,sb-events-n10-feed7-rep1,0,5423,35811812300,a99b1edb-17d3-4eac-9643-4a93f7607844,3895086,584,48.66666666666666,4784156555,3895086:a99b1edb-17d3-4eac-9643-4a93f7607844,1,False
concurrency_n10_20260613_002350_kafka_feed7_rep1,kafka,sb-events-n10-feed7-rep1,1,5634,35811851600,e8e97225-a503-4f1c-9084-dad448ad351a,3895121,584,48.66666666666666,4784156555,3895121:e8e97225-a503-4f1c-9084-dad448ad351a,1,False
concurrency_n10_20260613_002350_kafka_feed7_rep1,kafka,sb-events-n10-feed7-rep1,0,5424,35822091600,dee82969-8747-49e7-b33f-2584cb83a6ec,3895052,584,48.66666666666666,4784156555,3895052:dee82969-8747-49e7-b33f-2584cb83a6ec,1,False
concurrency_n10_20260613_002350_kafka_feed7_rep1,kafka,sb-events-n10-feed7-rep1,1,5635,35834406200,41c5b82d-9c22-40ee-8306-d16f4e77e6cb,3895052,584,48.66666666666666,4784156555,3895052:41c5b82d-9c22-40ee-8306-d16f4e77e6cb,1,False
concurrency_n10_20260613_002350_kafka_feed7_rep1,kafka,sb-events-n10-feed7-rep1,1,5636,35842566100,b2c8c6d5-4526-47af-8161-be9a5bc3ffe8,3895095,585,48.75,4784851000,3895095:b2c8c6d5-4526-47af-8161-be9a5bc3ffe8,1,False
concurrency_n10_20260613_002350_kafka_feed7_rep1,kafka,sb-events-n10-feed7-rep1,1,5637,35842609300,c039c599-0593-4656-9076-4022b598a10a,3895095,585,48.75,4784851000,3895095:c039c599-0593-4656-9076-4022b598a10a,1,False
concurrency_n10_20260613_002350_kafka_feed7_rep1,kafka,sb-events-n10-feed7-rep1,1,5638,35851558700,e31d3d1a-a15c-40b5-9da2-932a37570abf,3895074,585,48.75,4784851000,3895074:e31d3d1a-a15c-40b5-9da2-932a37570abf,1,False
concurrency_n10_20260613_002350_kafka_feed7_rep1,kafka,sb-events-n10-feed7-rep1,1,5639,35851602500,934c6929-d98f-469a-b9a5-d811df5d6196,3895067,585,48.75,4784851000,3895067:934c6929-d98f-469a-b9a5-d811df5d6196,1,False
concurrency_n10_20260613_002350_kafka_feed7_rep1,kafka,sb-events-n10-feed7-rep1,2,5651,35860777300,cea9fbf0-e6ce-4511-b252-51e223ac9f03,3895086,585,48.75,4784851000,3895086:cea9fbf0-e6ce-4511-b252-51e223ac9f03,1,False
concurrency_n10_20260613_002350_kafka_feed7_rep1,kafka,sb-events-n10-feed7-rep1,1,5640,35860818000,eaadf129-ba27-43ce-9517-0e27218d35dc,3895121,586,48.833333333333336,4785545444,3895121:eaadf129-ba27-43ce-9517-0e27218d35dc,1,False
concurrency_n10_20260613_002350_kafka_feed7_rep1,kafka,sb-events-n10-feed7-rep1,1,5641,35867147500,ccbe3f4d-4aa9-4caa-86e1-0f6dd610eaec,3895067,586,48.833333333333336,4785545444,3895067:ccbe3f4d-4aa9-4caa-86e1-0f6dd610eaec,1,False
concurrency_n10_20260613_002350_kafka_feed7_rep1,kafka,sb-events-n10-feed7-rep1,1,5642,35874430500,53084186-3b2c-4728-aa37-ece7042f5bf8,3895067,586,48.833333333333336,4785545444,3895067:53084186-3b2c-4728-aa37-ece7042f5bf8,1,False
concurrency_n10_20260613_002350_kafka_feed7_rep1,kafka,sb-events-n10-feed7-rep1,1,5643,35874504300,4a31e5db-6985-4e82-9277-c5b4346ee03e,3895086,586,48.833333333333336,4785545444,3895086:4a31e5db-6985-4e82-9277-c5b4346ee03e,1,False
concurrency_n10_20260613_002350_kafka_feed7_rep1,kafka,sb-events-n10-feed7-rep1,1,5644,35877968800,d4698e93-767a-4a04-9b43-145c313dc583,3895074,587,48.91666666666666,4786239888,3895074:d4698e93-767a-4a04-9b43-145c313dc583,1,False
concurrency_n10_20260613_002350_kafka_feed7_rep1,kafka,sb-events-n10-feed7-rep1,0,5425,35886638300,aa0f6ad4-6b9a-490a-aac9-de3727a54e95,3895121,587,48.91666666666666,4786239888,3895121:aa0f6ad4-6b9a-490a-aac9-de3727a54e95,1,False
concurrency_n10_20260613_002350_kafka_feed7_rep1,kafka,sb-events-n10-feed7-rep1,1,5645,35886689500,28ee7bbf-019d-48d7-982b-8ef8460fa8cf,3895074,587,48.91666666666666,4786239888,3895074:28ee7bbf-019d-48d7-982b-8ef8460fa8cf,1,False
concurrency_n10_20260613_002350_kafka_feed7_rep1,kafka,sb-events-n10-feed7-rep1,1,5646,35890455700,c2b60be5-8a97-4f3a-91f1-56b4a00cb397,3895121,587,48.91666666666666,4786239888,3895121:c2b60be5-8a97-4f3a-91f1-56b4a00cb397,1,False
concurrency_n10_20260613_002350_kafka_feed7_rep1,kafka,sb-events-n10-feed7-rep1,1,5647,35895625000,c5bbefc4-2220-4ef9-951b-46c03379a3fd,3895121,587,48.91666666666666,4786239888,3895121:c5bbefc4-2220-4ef9-951b-46c03379a3fd,1,False
concurrency_n10_20260613_002350_kafka_feed7_rep1,kafka,sb-events-n10-feed7-rep1,1,5648,35895688800,a359b301-ff67-407b-8c92-0a2981771d6a,3895067,587,48.91666666666666,4786239888,3895067:a359b301-ff67-407b-8c92-0a2981771d6a,1,False
concurrency_n10_20260613_002350_kafka_feed7_rep1,kafka,sb-events-n10-feed7-rep1,0,5426,35899801400,01b2c475-8bfa-4408-a256-4b578f8cba11,3895052,587,48.91666666666666,4786239888,3895052:01b2c475-8bfa-4408-a256-4b578f8cba11,1,False
concurrency_n10_20260613_002350_kafka_feed7_rep1,kafka,sb-events-n10-feed7-rep1,0,5427,35903075500,93cdfde4-d905-419e-970c-66838f08b789,3895095,588,49.0,4786934333,3895095:93cdfde4-d905-419e-970c-66838f08b789,1,False
concurrency_n10_20260613_002350_kafka_feed7_rep1,kafka,sb-events-n10-feed7-rep1,2,5652,35906438900,0007e05d-1ecd-4a27-9e6c-0176a558137b,3895095,588,49.0,4786934333,3895095:0007e05d-1ecd-4a27-9e6c-0176a558137b,1,False
concurrency_n10_20260613_002350_kafka_feed7_rep1,kafka,sb-events-n10-feed7-rep1,0,5428,35912338600,df05a7fa-61cf-4637-ac5a-dd71ecc74a46,3895074,588,49.0,4786934333,3895074:df05a7fa-61cf-4637-ac5a-dd71ecc74a46,1,False
concurrency_n10_20260613_002350_kafka_feed7_rep1,kafka,sb-events-n10-feed7-rep1,2,5653,35917409500,01f933ec-0422-411a-ba65-50c62b560327,3895074,588,49.0,4786934333,3895074:01f933ec-0422-411a-ba65-50c62b560327,1,False
concurrency_n10_20260613_002350_kafka_feed7_rep1,kafka,sb-events-n10-feed7-rep1,2,5654,35917489900,2d16c691-e38a-4070-8977-ba0a8f0062a6,3895121,588,49.0,4786934333,3895121:2d16c691-e38a-4070-8977-ba0a8f0062a6,1,False
concurrency_n10_20260613_002350_kafka_feed7_rep1,kafka,sb-events-n10-feed7-rep1,0,5429,35926166900,ad3c7cfe-990e-48e0-a5b6-07324d7dffdf,3895121,588,49.0,4786934333,3895121:ad3c7cfe-990e-48e0-a5b6-07324d7dffdf,1,False
concurrency_n10_20260613_002350_kafka_feed7_rep1,kafka,sb-events-n10-feed7-rep1,1,5649,35932176600,2d6de105-3c8e-46f8-aba1-2ca82db5db75,3895121,588,49.0,4786934333,3895121:2d6de105-3c8e-46f8-aba1-2ca82db5db75,1,False
concurrency_n10_20260613_002350_kafka_feed7_rep1,kafka,sb-events-n10-feed7-rep1,2,5655,35932214600,01f77ba8-732f-460e-9843-000fe8c22e88,3895134,588,49.0,4786934333,3895134:01f77ba8-732f-460e-9843-000fe8c22e88,1,False
concurrency_n10_20260613_002350_kafka_feed7_rep1,kafka,sb-events-n10-feed7-rep1,0,5430,35932233200,9a87f887-e1e8-4e56-a787-b33541d656b2,3895121,588,49.0,4786934333,3895121:9a87f887-e1e8-4e56-a787-b33541d656b2,1,False
concurrency_n10_20260613_002350_kafka_feed7_rep1,kafka,sb-events-n10-feed7-rep1,1,5650,35937968900,1799529b-9648-4fc6-b554-538c995a3d7b,3895052,588,49.0,4786934333,3895052:1799529b-9648-4fc6-b554-538c995a3d7b,1,False
concurrency_n10_20260613_002350_kafka_feed7_rep1,kafka,sb-events-n10-feed7-rep1,0,5431,35938012800,ce1f7616-723f-4d2e-976c-217ce8af7dfc,3895052,588,49.0,4786934333,3895052:ce1f7616-723f-4d2e-976c-217ce8af7dfc,1,False
concurrency_n10_20260613_002350_kafka_feed7_rep1,kafka,sb-events-n10-feed7-rep1,1,5651,35945209300,8273b7db-96ad-41d7-bad6-a79c3a73f8bd,3895113,588,49.0,4786934333,3895113:8273b7db-96ad-41d7-bad6-a79c3a73f8bd,1,False
concurrency_n10_20260613_002350_kafka_feed7_rep1,kafka,sb-events-n10-feed7-rep1,1,5652,35945251700,e1645f19-ebe2-44a2-afb4-0f6694777739,3895134,589,49.083333333333336,4787628777,3895134:e1645f19-ebe2-44a2-afb4-0f6694777739,1,False
concurrency_n10_20260613_002350_kafka_feed7_rep1,kafka,sb-events-n10-feed7-rep1,1,5653,35953217600,809cb891-65b3-4382-be9b-2c923fb09941,3895134,589,49.083333333333336,4787628777,3895134:809cb891-65b3-4382-be9b-2c923fb09941,1,False
concurrency_n10_20260613_002350_kafka_feed7_rep1,kafka,sb-events-n10-feed7-rep1,1,5654,35958893400,4fb2ce2e-ae99-47be-8835-d4fe76a81a1e,3895067,589,49.083333333333336,4787628777,3895067:4fb2ce2e-ae99-47be-8835-d4fe76a81a1e,1,False
concurrency_n10_20260613_002350_kafka_feed7_rep1,kafka,sb-events-n10-feed7-rep1,2,5656,35967238100,c4106ee7-bccf-4d7c-96b1-66bdf3556775,3895067,589,49.083333333333336,4787628777,3895067:c4106ee7-bccf-4d7c-96b1-66bdf3556775,1,False
concurrency_n10_20260613_002350_kafka_feed7_rep1,kafka,sb-events-n10-feed7-rep1,1,5655,35967281000,3d089aa7-d69e-4513-b9b4-bd51df20dd3f,3895067,589,49.083333333333336,4787628777,3895067:3d089aa7-d69e-4513-b9b4-bd51df20dd3f,1,False
concurrency_n10_20260613_002350_kafka_feed7_rep1,kafka,sb-events-n10-feed7-rep1,0,5432,35972795000,fd572d23-148f-4dee-82da-ff57f4613bc3,3895113,589,49.083333333333336,4787628777,3895113:fd572d23-148f-4dee-82da-ff57f4613bc3,1,False
concurrency_n10_20260613_002350_kafka_feed7_rep1,kafka,sb-events-n10-feed7-rep1,2,5657,35972835800,dfedbad8-ed5f-4886-9f1a-8e785565e557,3895095,590,49.16666666666666,4788323222,3895095:dfedbad8-ed5f-4886-9f1a-8e785565e557,1,False
concurrency_n10_20260613_002350_kafka_feed7_rep1,kafka,sb-events-n10-feed7-rep1,0,5433,35977950000,7e4dbf65-c4de-4920-b670-7ee27db2791e,3895095,590,49.16666666666666,4788323222,3895095:7e4dbf65-c4de-4920-b670-7ee27db2791e,1,False
concurrency_n10_20260613_002350_kafka_feed7_rep1,kafka,sb-events-n10-feed7-rep1,1,5656,35982350000,e0e51306-6abb-4869-9b4f-b78bfef48a64,3895095,590,49.16666666666666,4788323222,3895095:e0e51306-6abb-4869-9b4f-b78bfef48a64,1,False
concurrency_n10_20260613_002350_kafka_feed7_rep1,kafka,sb-events-n10-feed7-rep1,1,5657,35982393100,274a4919-849b-41ff-a8db-95719055d98f,3895095,590,49.16666666666666,4788323222,3895095:274a4919-849b-41ff-a8db-95719055d98f,1,False
concurrency_n10_20260613_002350_kafka_feed7_rep1,kafka,sb-events-n10-feed7-rep1,0,5434,35987738500,ffd58c50-e6dc-4754-a17f-4bcedff0bd58,3895095,590,49.16666666666666,4788323222,3895095:ffd58c50-e6dc-4754-a17f-4bcedff0bd58,1,False
concurrency_n10_20260613_002350_kafka_feed7_rep1,kafka,sb-events-n10-feed7-rep1,1,5658,35994740400,4d63112a-4703-42dc-9b8b-0d491b710db4,3895121,590,49.16666666666666,4788323222,3895121:4d63112a-4703-42dc-9b8b-0d491b710db4,1,False
concurrency_n10_20260613_002350_kafka_feed7_rep1,kafka,sb-events-n10-feed7-rep1,1,5659,35994781100,a492638f-cf4e-4655-b650-5f7805409bdc,3895121,590,49.16666666666666,4788323222,3895121:a492638f-cf4e-4655-b650-5f7805409bdc,1,False
concurrency_n10_20260613_002350_kafka_feed7_rep1,kafka,sb-events-n10-feed7-rep1,1,5660,35997722000,95429182-4915-412e-9c8f-eba416a911f9,3895086,590,49.16666666666666,4788323222,3895086:95429182-4915-412e-9c8f-eba416a911f9,1,False
concurrency_n10_20260613_002350_kafka_feed7_rep1,kafka,sb-events-n10-feed7-rep1,0,5435,36009290300,de2d9276-b461-421a-a7d5-95b38a2fe016,3895074,591,49.25,4789017666,3895074:de2d9276-b461-421a-a7d5-95b38a2fe016,1,False
concurrency_n10_20260613_002350_kafka_feed7_rep1,kafka,sb-events-n10-feed7-rep1,0,5436,36012261700,20ebfb52-e4b9-4c9e-839d-43d0755b2d0d,3895067,591,49.25,4789017666,3895067:20ebfb52-e4b9-4c9e-839d-43d0755b2d0d,1,False
concurrency_n10_20260613_002350_kafka_feed7_rep1,kafka,sb-events-n10-feed7-rep1,2,5658,36015365700,55aff21f-5c1d-476e-853b-2b75b44ee60f,3895067,591,49.25,4789017666,3895067:55aff21f-5c1d-476e-853b-2b75b44ee60f,1,False
concurrency_n10_20260613_002350_kafka_feed7_rep1,kafka,sb-events-n10-feed7-rep1,0,5437,36019211200,7392ddeb-056c-4099-9ec9-6bd3f433a94d,3895086,591,49.25,4789017666,3895086:7392ddeb-056c-4099-9ec9-6bd3f433a94d,1,False
concurrency_n10_20260613_002350_kafka_feed7_rep1,kafka,sb-events-n10-feed7-rep1,0,5438,36022721300,c38fbeec-9df9-4255-9284-cc8a89885445,3895086,591,49.25,4789017666,3895086:c38fbeec-9df9-4255-9284-cc8a89885445,1,False
concurrency_n10_20260613_002350_kafka_feed7_rep1,kafka,sb-events-n10-feed7-rep1,1,5661,36026061800,79abe03f-a1e7-4211-9dd9-13c47f0e3826,3895113,591,49.25,4789017666,3895113:79abe03f-a1e7-4211-9dd9-13c47f0e3826,1,False
concurrency_n10_20260613_002350_kafka_feed7_rep1,kafka,sb-events-n10-feed7-rep1,1,5662,36033188300,23f7d010-216e-448e-bb0b-e44b94ed38fd,3895113,591,49.25,4789017666,3895113:23f7d010-216e-448e-bb0b-e44b94ed38fd,1,False
concurrency_n10_20260613_002350_kafka_feed7_rep1,kafka,sb-events-n10-feed7-rep1,1,5663,36036617200,3cbf1fef-6c02-4b30-97a6-cfa657fefa69,3895113,591,49.25,4789017666,3895113:3cbf1fef-6c02-4b30-97a6-cfa657fefa69,1,False
concurrency_n10_20260613_002350_kafka_feed7_rep1,kafka,sb-events-n10-feed7-rep1,1,5664,36040063400,62cb7654-87d6-49ca-b7e3-394c14e14586,3895095,592,49.333333333333336,4789712111,3895095:62cb7654-87d6-49ca-b7e3-394c14e14586,1,False
concurrency_n10_20260613_002350_kafka_feed7_rep1,kafka,sb-events-n10-feed7-rep1,0,5439,36044133200,07489da0-ed25-4dec-9f71-e7d52d170d6f,3895074,592,49.333333333333336,4789712111,3895074:07489da0-ed25-4dec-9f71-e7d52d170d6f,1,False
concurrency_n10_20260613_002350_kafka_feed7_rep1,kafka,sb-events-n10-feed7-rep1,2,5659,36048142100,bcd383cc-3f29-47fa-b423-a4f49b7ded62,3895060,592,49.333333333333336,4789712111,3895060:bcd383cc-3f29-47fa-b423-a4f49b7ded62,1,False
concurrency_n10_20260613_002350_kafka_feed7_rep1,kafka,sb-events-n10-feed7-rep1,0,5440,36048187800,8f6ec563-4ae7-4d02-a80c-10edf465fc58,3895074,592,49.333333333333336,4789712111,3895074:8f6ec563-4ae7-4d02-a80c-10edf465fc58,1,False
concurrency_n10_20260613_002350_kafka_feed7_rep1,kafka,sb-events-n10-feed7-rep1,2,5660,36051021500,8837658b-2527-43e3-a879-61625227993a,3895121,592,49.333333333333336,4789712111,3895121:8837658b-2527-43e3-a879-61625227993a,1,False
concurrency_n10_20260613_002350_kafka_feed7_rep1,kafka,sb-events-n10-feed7-rep1,2,5661,36054425100,7102b045-f359-41ef-91a8-d13c6d9b3028,3895067,592,49.333333333333336,4789712111,3895067:7102b045-f359-41ef-91a8-d13c6d9b3028,1,False
concurrency_n10_20260613_002350_kafka_feed7_rep1,kafka,sb-events-n10-feed7-rep1,1,5665,36060741400,1ccaafd0-5da8-4c30-9cd8-7090212b6c92,3895095,593,49.41666666666666,4790406555,3895095:1ccaafd0-5da8-4c30-9cd8-7090212b6c92,1,False
concurrency_n10_20260613_002350_kafka_feed7_rep1,kafka,sb-events-n10-feed7-rep1,2,5662,36063874400,b1cbbb36-ac6e-4c70-b238-98b51f3bbb7c,3895095,593,49.41666666666666,4790406555,3895095:b1cbbb36-ac6e-4c70-b238-98b51f3bbb7c,1,False
concurrency_n10_20260613_002350_kafka_feed7_rep1,kafka,sb-events-n10-feed7-rep1,1,5666,36063924900,24d3f73e-8b24-4a15-9099-4a3a7109a3b2,3895095,593,49.41666666666666,4790406555,3895095:24d3f73e-8b24-4a15-9099-4a3a7109a3b2,1,False
concurrency_n10_20260613_002350_kafka_feed7_rep1,kafka,sb-events-n10-feed7-rep1,0,5441,36067081100,57253780-463d-4baa-9322-b11a5b9ebc86,3895074,593,49.41666666666666,4790406555,3895074:57253780-463d-4baa-9322-b11a5b9ebc86,1,False
concurrency_n10_20260613_002350_kafka_feed7_rep1,kafka,sb-events-n10-feed7-rep1,2,5663,36071226000,97c68392-b18c-4eb6-b41a-02a291f7bdcd,3895060,593,49.41666666666666,4790406555,3895060:97c68392-b18c-4eb6-b41a-02a291f7bdcd,1,False
concurrency_n10_20260613_002350_kafka_feed7_rep1,kafka,sb-events-n10-feed7-rep1,2,5664,36074399400,325b7350-d13b-4667-9ae2-08650699aee7,3895060,593,49.41666666666666,4790406555,3895060:325b7350-d13b-4667-9ae2-08650699aee7,1,False
concurrency_n10_20260613_002350_kafka_feed7_rep1,kafka,sb-events-n10-feed7-rep1,1,5667,36077820600,1ee45a48-d32b-412a-a1b3-a4e08abe87ea,3895121,593,49.41666666666666,4790406555,3895121:1ee45a48-d32b-412a-a1b3-a4e08abe87ea,1,False
concurrency_n10_20260613_002350_kafka_feed7_rep1,kafka,sb-events-n10-feed7-rep1,2,5665,36081213000,c01d1018-8026-4e17-b3b9-4c78935ea6b8,3895121,593,49.41666666666666,4790406555,3895121:c01d1018-8026-4e17-b3b9-4c78935ea6b8,1,False
concurrency_n10_20260613_002350_kafka_feed7_rep1,kafka,sb-events-n10-feed7-rep1,0,5442,36084815400,bbd763f4-fe80-4cea-9bf4-1b47e08d11d6,3895067,593,49.41666666666666,4790406555,3895067:bbd763f4-fe80-4cea-9bf4-1b47e08d11d6,1,False
concurrency_n10_20260613_002350_kafka_feed7_rep1,kafka,sb-events-n10-feed7-rep1,1,5668,36088897100,aa6d638b-e544-42a0-9835-0ccf2a8b2009,3895067,593,49.41666666666666,4790406555,3895067:aa6d638b-e544-42a0-9835-0ccf2a8b2009,1,False
concurrency_n10_20260613_002350_kafka_feed7_rep1,kafka,sb-events-n10-feed7-rep1,0,5443,36092264700,867833da-be58-4632-bf9d-10b4978f6b09,3895067,593,49.41666666666666,4790406555,3895067:867833da-be58-4632-bf9d-10b4978f6b09,1,False
concurrency_n10_20260613_002350_kafka_feed7_rep1,kafka,sb-events-n10-feed7-rep1,1,5669,36096678800,869aae17-d932-4ee3-b96a-8b08c917626d,3895067,594,49.5,4791101000,3895067:869aae17-d932-4ee3-b96a-8b08c917626d,1,False
concurrency_n10_20260613_002350_kafka_feed7_rep1,kafka,sb-events-n10-feed7-rep1,0,5444,36099586300,7ef4fe71-8a42-4e25-8404-442b43c65cbe,3895086,594,49.5,4791101000,3895086:7ef4fe71-8a42-4e25-8404-442b43c65cbe,1,False
concurrency_n10_20260613_002350_kafka_feed7_rep1,kafka,sb-events-n10-feed7-rep1,0,5445,36102767000,9609ad02-f511-4e04-a077-be41c9922920,3895052,594,49.5,4791101000,3895052:9609ad02-f511-4e04-a077-be41c9922920,1,False
concurrency_n10_20260613_002350_kafka_feed7_rep1,kafka,sb-events-n10-feed7-rep1,0,5446,36105881200,fc0dd055-9543-4007-a0bd-faaf427044b9,3895113,594,49.5,4791101000,3895113:fc0dd055-9543-4007-a0bd-faaf427044b9,1,False
concurrency_n10_20260613_002350_kafka_feed7_rep1,kafka,sb-events-n10-feed7-rep1,2,5666,36109260500,78d5565d-e7bd-4df3-8894-f8b4be813d9f,3895095,595,49.583333333333336,4791795444,3895095:78d5565d-e7bd-4df3-8894-f8b4be813d9f,1,False
concurrency_n10_20260613_002350_kafka_feed7_rep1,kafka,sb-events-n10-feed7-rep1,0,5447,36112266900,70a15b69-d176-48c0-aaf5-32ecf171eb90,3895095,595,49.583333333333336,4791795444,3895095:70a15b69-d176-48c0-aaf5-32ecf171eb90,1,False
concurrency_n10_20260613_002350_kafka_feed7_rep1,kafka,sb-events-n10-feed7-rep1,2,5667,36115469700,92df5b4c-9c50-41fc-a2db-03910550d1cd,3895095,595,49.583333333333336,4791795444,3895095:92df5b4c-9c50-41fc-a2db-03910550d1cd,1,False
concurrency_n10_20260613_002350_kafka_feed7_rep1,kafka,sb-events-n10-feed7-rep1,1,5670,36118649600,c64c07f4-7b41-417b-a342-f8e693d9ff62,3895060,595,49.583333333333336,4791795444,3895060:c64c07f4-7b41-417b-a342-f8e693d9ff62,1,False
concurrency_n10_20260613_002350_kafka_feed7_rep1,kafka,sb-events-n10-feed7-rep1,0,5448,36121675400,3e671347-5500-4b12-9ded-efff1b8e899a,3895067,595,49.583333333333336,4791795444,3895067:3e671347-5500-4b12-9ded-efff1b8e899a,1,False
concurrency_n10_20260613_002350_kafka_feed7_rep1,kafka,sb-events-n10-feed7-rep1,2,5668,36125328100,7b751184-997d-404d-9060-41ff2e453407,3895067,595,49.583333333333336,4791795444,3895067:7b751184-997d-404d-9060-41ff2e453407,1,False
concurrency_n10_20260613_002350_kafka_feed7_rep1,kafka,sb-events-n10-feed7-rep1,2,5669,36128220000,a850c678-e21a-4e6f-90c9-a51e6a8fd8cb,3895067,595,49.583333333333336,4791795444,3895067:a850c678-e21a-4e6f-90c9-a51e6a8fd8cb,1,False
concurrency_n10_20260613_002350_kafka_feed7_rep1,kafka,sb-events-n10-feed7-rep1,2,5670,36131379700,82e91245-e35c-4e7a-9b9f-36567f4fb53e,3895067,595,49.583333333333336,4791795444,3895067:82e91245-e35c-4e7a-9b9f-36567f4fb53e,1,False
concurrency_n10_20260613_002350_kafka_feed7_rep1,kafka,sb-events-n10-feed7-rep1,2,5671,36135565100,39456ea0-0b80-4c31-8130-70e6d5bbfe2b,3895052,595,49.583333333333336,4791795444,3895052:39456ea0-0b80-4c31-8130-70e6d5bbfe2b,1,False
concurrency_n10_20260613_002350_kafka_feed7_rep1,kafka,sb-events-n10-feed7-rep1,1,5671,36138835100,5e65a51e-1c00-48d0-ab7c-e4f6ea8d6c57,3895052,595,49.583333333333336,4791795444,3895052:5e65a51e-1c00-48d0-ab7c-e4f6ea8d6c57,1,False
concurrency_n10_20260613_002350_kafka_feed7_rep1,kafka,sb-events-n10-feed7-rep1,2,5672,36141334200,60e98bd7-d72c-422f-95ef-9ade285cbf36,3895113,595,49.583333333333336,4791795444,3895113:60e98bd7-d72c-422f-95ef-9ade285cbf36,1,False
concurrency_n10_20260613_002350_kafka_feed7_rep1,kafka,sb-events-n10-feed7-rep1,0,5449,36144366500,68f25357-617f-432d-a774-4e511ea8b43c,3895113,595,49.583333333333336,4791795444,3895113:68f25357-617f-432d-a774-4e511ea8b43c,1,False
concurrency_n10_20260613_002350_kafka_feed7_rep1,kafka,sb-events-n10-feed7-rep1,0,5450,36147361100,e66736e2-0e2b-4dd0-893c-11cb9911c93d,3895074,596,49.66666666666666,4792489888,3895074:e66736e2-0e2b-4dd0-893c-11cb9911c93d,1,False
concurrency_n10_20260613_002350_kafka_feed7_rep1,kafka,sb-events-n10-feed7-rep1,0,5451,36150531300,a4de3a21-86e4-4464-8f73-6f99aac1a914,3895074,596,49.66666666666666,4792489888,3895074:a4de3a21-86e4-4464-8f73-6f99aac1a914,1,False
concurrency_n10_20260613_002350_kafka_feed7_rep1,kafka,sb-events-n10-feed7-rep1,0,5452,36153985200,a56ebc2b-d6e5-4ddf-b7a2-fd73a17a7b67,3895121,596,49.66666666666666,4792489888,3895121:a56ebc2b-d6e5-4ddf-b7a2-fd73a17a7b67,1,False
concurrency_n10_20260613_002350_kafka_feed7_rep1,kafka,sb-events-n10-feed7-rep1,0,5453,36157315600,025d0917-460a-43d5-9551-4c7417149147,3895086,596,49.66666666666666,4792489888,3895086:025d0917-460a-43d5-9551-4c7417149147,1,False
concurrency_n10_20260613_002350_kafka_feed7_rep1,kafka,sb-events-n10-feed7-rep1,0,5454,36160293000,dabafd5b-e47f-44e9-9371-4e45b7a854c0,3895086,596,49.66666666666666,4792489888,3895086:dabafd5b-e47f-44e9-9371-4e45b7a854c0,1,False
concurrency_n10_20260613_002350_kafka_feed7_rep1,kafka,sb-events-n10-feed7-rep1,0,5455,36163479800,a099715a-3c28-437f-8708-fe3330203256,3895052,596,49.66666666666666,4792489888,3895052:a099715a-3c28-437f-8708-fe3330203256,1,False
concurrency_n10_20260613_002350_kafka_feed7_rep1,kafka,sb-events-n10-feed7-rep1,0,5456,36166430400,4ad2e00f-8f8e-4c16-aaaf-4d389988550f,3895113,596,49.66666666666666,4792489888,3895113:4ad2e00f-8f8e-4c16-aaaf-4d389988550f,1,False
concurrency_n10_20260613_002350_kafka_feed7_rep1,kafka,sb-events-n10-feed7-rep1,0,5457,36168897300,429965c2-860d-4f12-8b2a-bb2604711b1b,3895113,596,49.66666666666666,4792489888,3895113:429965c2-860d-4f12-8b2a-bb2604711b1b,1,False
concurrency_n10_20260613_002350_kafka_feed7_rep1,kafka,sb-events-n10-feed7-rep1,0,5458,36171902800,6d992ac7-8092-4c3d-9938-ee63ec251fb9,3895113,596,49.66666666666666,4792489888,3895113:6d992ac7-8092-4c3d-9938-ee63ec251fb9,1,False
concurrency_n10_20260613_002350_kafka_feed7_rep1,kafka,sb-events-n10-feed7-rep1,0,5459,36175539900,d8d93327-120a-4a11-adf6-2be67f0cbf9f,3895095,597,49.75,4793184333,3895095:d8d93327-120a-4a11-adf6-2be67f0cbf9f,1,False
concurrency_n10_20260613_002350_kafka_feed7_rep1,kafka,sb-events-n10-feed7-rep1,1,5672,36178591300,afdd469f-31ed-4c14-9509-0a869670a319,3895107,597,49.75,4793184333,3895107:afdd469f-31ed-4c14-9509-0a869670a319,1,False
concurrency_n10_20260613_002350_kafka_feed7_rep1,kafka,sb-events-n10-feed7-rep1,2,5673,36181507200,15ff84f8-5411-4f4c-b403-410a9a87844b,3895121,597,49.75,4793184333,3895121:15ff84f8-5411-4f4c-b403-410a9a87844b,1,False
concurrency_n10_20260613_002350_kafka_feed7_rep1,kafka,sb-events-n10-feed7-rep1,2,5674,36184189100,a2d459f5-b2f5-4230-980f-428882780ad7,3895121,597,49.75,4793184333,3895121:a2d459f5-b2f5-4230-980f-428882780ad7,1,False
concurrency_n10_20260613_002350_kafka_feed7_rep1,kafka,sb-events-n10-feed7-rep1,2,5675,36186820000,3d29d282-4708-4cc5-a441-c2937ee305ba,3895052,597,49.75,4793184333,3895052:3d29d282-4708-4cc5-a441-c2937ee305ba,1,False
concurrency_n10_20260613_002350_kafka_feed7_rep1,kafka,sb-events-n10-feed7-rep1,0,5460,36189645700,1eb502e7-3f05-417a-b7f7-b12b64e0f817,3895052,597,49.75,4793184333,3895052:1eb502e7-3f05-417a-b7f7-b12b64e0f817,1,False
concurrency_n10_20260613_002350_kafka_feed7_rep1,kafka,sb-events-n10-feed7-rep1,2,5676,36192973500,0b6b240e-8dcb-4b7c-9568-ff6f91c58520,3895113,597,49.75,4793184333,3895113:0b6b240e-8dcb-4b7c-9568-ff6f91c58520,1,False
concurrency_n10_20260613_002350_kafka_feed7_rep1,kafka,sb-events-n10-feed7-rep1,2,5677,36195767600,16689d72-9e0b-49be-a374-2a6e85cc790f,3895074,598,49.833333333333336,4793878777,3895074:16689d72-9e0b-49be-a374-2a6e85cc790f,1,False
concurrency_n10_20260613_002350_kafka_feed7_rep1,kafka,sb-events-n10-feed7-rep1,1,5673,36198334200,0194222a-31c9-49eb-b56f-eb5ae999d927,3895107,598,49.833333333333336,4793878777,3895107:0194222a-31c9-49eb-b56f-eb5ae999d927,1,False
concurrency_n10_20260613_002350_kafka_feed7_rep1,kafka,sb-events-n10-feed7-rep1,2,5678,36201142800,3448dd12-e7c1-449a-b8b7-89a9efda9a6a,3895107,598,49.833333333333336,4793878777,3895107:3448dd12-e7c1-449a-b8b7-89a9efda9a6a,1,False
concurrency_n10_20260613_002350_kafka_feed7_rep1,kafka,sb-events-n10-feed7-rep1,1,5674,36204260900,70706640-fa1a-4f13-948a-d6f359a8b7ce,3895121,598,49.833333333333336,4793878777,3895121:70706640-fa1a-4f13-948a-d6f359a8b7ce,1,False
concurrency_n10_20260613_002350_kafka_feed7_rep1,kafka,sb-events-n10-feed7-rep1,2,5679,36211122800,d3b7b07f-fc87-4ca9-bed4-8747b5edd352,3895086,598,49.833333333333336,4793878777,3895086:d3b7b07f-fc87-4ca9-bed4-8747b5edd352,1,False
concurrency_n10_20260613_002350_kafka_feed7_rep1,kafka,sb-events-n10-feed7-rep1,1,5675,36213592500,992e40c4-184e-406f-8648-916d30f2af24,3895052,598,49.833333333333336,4793878777,3895052:992e40c4-184e-406f-8648-916d30f2af24,1,False
concurrency_n10_20260613_002350_kafka_feed7_rep1,kafka,sb-events-n10-feed7-rep1,0,5461,36216455300,e8bd7331-c826-415a-bf93-83626ea5b567,3895113,598,49.833333333333336,4793878777,3895113:e8bd7331-c826-415a-bf93-83626ea5b567,1,False
concurrency_n10_20260613_002350_kafka_feed7_rep1,kafka,sb-events-n10-feed7-rep1,1,5676,36219289800,fd5697d4-df0f-4481-83a4-2ba2c0b3ed81,3895113,598,49.833333333333336,4793878777,3895113:fd5697d4-df0f-4481-83a4-2ba2c0b3ed81,1,False
concurrency_n10_20260613_002350_kafka_feed7_rep1,kafka,sb-events-n10-feed7-rep1,1,5677,36221976700,a98d1db4-a554-4290-9887-5f1ac16a5651,3895113,598,49.833333333333336,4793878777,3895113:a98d1db4-a554-4290-9887-5f1ac16a5651,1,False
concurrency_n10_20260613_002350_kafka_feed7_rep1,kafka,sb-events-n10-feed7-rep1,0,5462,36224890600,6fa0d1e8-ab63-47b8-87a7-93516a9f4975,3895095,599,49.91666666666666,4794573222,3895095:6fa0d1e8-ab63-47b8-87a7-93516a9f4975,1,False
concurrency_n10_20260613_002350_kafka_feed7_rep1,kafka,sb-events-n10-feed7-rep1,0,5463,36227663000,297487ce-1887-48df-adec-dfec5e677300,3895095,599,49.91666666666666,4794573222,3895095:297487ce-1887-48df-adec-dfec5e677300,1,False
concurrency_n10_20260613_002350_kafka_feed7_rep1,kafka,sb-events-n10-feed7-rep1,1,5678,36231030800,5ec47445-daf6-48e4-a036-c1513f14005a,3895095,599,49.91666666666666,4794573222,3895095:5ec47445-daf6-48e4-a036-c1513f14005a,1,False
concurrency_n10_20260613_002350_kafka_feed7_rep1,kafka,sb-events-n10-feed7-rep1,2,5680,36234362500,77e80273-6376-47e3-a9ce-66412fcf1a24,3895074,599,49.91666666666666,4794573222,3895074:77e80273-6376-47e3-a9ce-66412fcf1a24,1,False
concurrency_n10_20260613_002350_kafka_feed7_rep1,kafka,sb-events-n10-feed7-rep1,1,5679,36237218400,1505872e-3190-4b41-9eaa-3ca2bc93c056,3895074,599,49.91666666666666,4794573222,3895074:1505872e-3190-4b41-9eaa-3ca2bc93c056,1,False
concurrency_n10_20260613_002350_kafka_feed7_rep1,kafka,sb-events-n10-feed7-rep1,0,5464,36239912200,bdb8df01-2865-4796-a69f-b15d47e177eb,3895060,599,49.91666666666666,4794573222,3895060:bdb8df01-2865-4796-a69f-b15d47e177eb,1,False
concurrency_n10_20260613_002350_kafka_feed7_rep1,kafka,sb-events-n10-feed7-rep1,1,5680,36242732200,bd65e731-6511-4ac1-a903-2e4dccf2b761,3895060,599,49.91666666666666,4794573222,3895060:bd65e731-6511-4ac1-a903-2e4dccf2b761,1,False
concurrency_n10_20260613_002350_kafka_feed7_rep1,kafka,sb-events-n10-feed7-rep1,2,5681,36245746300,832c2cb9-d99f-4222-8483-a7ba2d897559,3895121,599,49.91666666666666,4794573222,3895121:832c2cb9-d99f-4222-8483-a7ba2d897559,1,False
concurrency_n10_20260613_002350_kafka_feed7_rep1,kafka,sb-events-n10-feed7-rep1,1,5681,36248035300,dab46250-a6a1-4d9f-92a8-11d6890e79d2,3895121,599,49.91666666666666,4794573222,3895121:dab46250-a6a1-4d9f-92a8-11d6890e79d2,1,False
concurrency_n10_20260613_002350_kafka_feed7_rep1,kafka,sb-events-n10-feed7-rep1,2,5682,36250168500,520a7584-038a-4311-9040-51792b1b9d82,3895052,599,49.91666666666666,4794573222,3895052:520a7584-038a-4311-9040-51792b1b9d82,1,False
concurrency_n10_20260613_002350_kafka_feed7_rep1,kafka,sb-events-n10-feed7-rep1,2,5683,36252820800,dc8e1918-234f-4fea-8aa0-0111b971bf68,3895052,599,49.91666666666666,4794573222,3895052:dc8e1918-234f-4fea-8aa0-0111b971bf68,1,False
concurrency_n10_20260613_002350_kafka_feed7_rep1,kafka,sb-events-n10-feed7-rep1,2,5684,36255138800,453274d2-fbc7-45a5-85be-8224ecf4e430,3895113,599,49.91666666666666,4794573222,3895113:453274d2-fbc7-45a5-85be-8224ecf4e430,1,False
concurrency_n10_20260613_002350_kafka_feed7_rep1,kafka,sb-events-n10-feed7-rep1,0,5465,36257965700,3656789d-4b9c-4b5a-9ec1-167bf77a76d6,3895113,599,49.91666666666666,4794573222,3895113:3656789d-4b9c-4b5a-9ec1-167bf77a76d6,1,False
concurrency_n10_20260613_002350_kafka_feed7_rep1,kafka,sb-events-n10-feed7-rep1,2,5685,36260434400,0e7386cb-f8ce-4dfe-b10c-1ea03beca223,3895095,600,50.0,4795267666,3895095:0e7386cb-f8ce-4dfe-b10c-1ea03beca223,1,False
concurrency_n10_20260613_002350_kafka_feed7_rep1,kafka,sb-events-n10-feed7-rep1,0,5466,36262705200,6f7d1385-e675-483e-a3eb-cf10ad5faa3a,3895095,600,50.0,4795267666,3895095:6f7d1385-e675-483e-a3eb-cf10ad5faa3a,1,False
concurrency_n10_20260613_002350_kafka_feed7_rep1,kafka,sb-events-n10-feed7-rep1,0,5467,36265230700,40d45191-8f2d-4197-a519-bb3093a56c47,3895074,600,50.0,4795267666,3895074:40d45191-8f2d-4197-a519-bb3093a56c47,1,False
concurrency_n10_20260613_002350_kafka_feed7_rep1,kafka,sb-events-n10-feed7-rep1,0,5468,36267178600,29fd27aa-51df-41ac-b3a0-d03fa518ae38,3895060,600,50.0,4795267666,3895060:29fd27aa-51df-41ac-b3a0-d03fa518ae38,1,False
concurrency_n10_20260613_002350_kafka_feed7_rep1,kafka,sb-events-n10-feed7-rep1,2,5686,36270605700,0e0310aa-0552-48ad-9e97-591e122c78b9,3895067,600,50.0,4795267666,3895067:0e0310aa-0552-48ad-9e97-591e122c78b9,1,False
concurrency_n10_20260613_002350_kafka_feed7_rep1,kafka,sb-events-n10-feed7-rep1,1,5682,36273235400,29a0bfad-41ae-4241-99f8-2cd38849736a,3895086,600,50.0,4795267666,3895086:29a0bfad-41ae-4241-99f8-2cd38849736a,1,False
concurrency_n10_20260613_002350_kafka_feed7_rep1,kafka,sb-events-n10-feed7-rep1,2,5687,36275383800,6594127e-6701-4f06-a373-1e6e8a4518b9,3895086,600,50.0,4795267666,3895086:6594127e-6701-4f06-a373-1e6e8a4518b9,1,False
